259 0.3745786127446187 0.7663740559826006 0.07205814437666672 0.07745536660488864
263 0.4891314220151742 0.7578844881039185 0.0702956226251736 0.06880705290255769
252 0.6308643271254173 0.7433185350160263 0.0671342550339931 0.06713542549789597
9 0.7437819012136118 0.7316494034350134 0.0656081226251736 0.06864336179556503
275 0.3911504765360771 0.8746776293035783 0.06858765226045146 0.06250248920022691
264 0.5026510209889938 0.8692039340202344 0.0702956226251736 0.06880705290255769
121 0.6358083598948271 0.8551191305695227 0.0656081226251736 0.06864336179556503
120 0.7455281988006603 0.840215871583848 0.06404562262517359 0.06858879809323426
260 0.8527750415062159 0.7190626125981734 0.0656081226251736 0.06864336179556503
260 0.8483077066844451 0.8289733259376844 0.05779562262517359 0.06837054328391083
260 0.25871983624347294 0.8864459646054555 0.07171265226045147 0.06261161660488845
273 0.269959275454306 0.5308780108845912 0.36368455955489604 0.19770590153609682
131 0.9345873797011981 0.47069208918452843 0.1308252405976038 0.1734424784004535