259 0.35703125 0.75390625 0.0703125 0.075
263 0.471875 0.74140625 0.06875 0.06640625
252 0.6140625 0.721875 0.065625 0.06484375
9 0.72734375 0.70625 0.0640625 0.06640625
275 0.37109375 0.86171875 0.0671875 0.06015625
264 0.4828125 0.85234375 0.06875 0.06640625
121 0.61640625 0.83359375 0.0640625 0.06640625
120 0.7265625 0.81484375 0.0625 0.06640625
260 0.83671875 0.68984375 0.0640625 0.06640625
260 0.8296875 0.8 0.05625 0.06640625
260 0.23828125 0.878125 0.0703125 0.06015625
273 0.2578125 0.521875 0.359375 0.18515625
131 0.928125 0.43828125 0.134375 0.16875