275 0.41820252650114575 0.12421875 0.05588828371934031 0.08515625
264 0.4932207102967361 0.1234375 0.0481121513105208 0.08671875
22 0.4116044215434025 0.2734375 0.045695666128159826 0.08359375
20 0.4093314470946178 0.37109375 0.045695666128159826 0.08359375
16 0.4047329064414232 0.46796875 0.045695666128159826 0.08359375
11 0.4024053806058676 0.56796875 0.045695666128159826 0.08359375
10 0.39704377374826333 0.6640625 0.04569566612815974 0.08359375
113 0.39402591689065913 0.76015625 0.045695666128159826 0.08359375
111 0.39026317762423535 0.8546875 0.045695666128159826 0.08359375
110 0.3864095193798603 0.953125 0.045695666128159826 0.08359375
38 0.46133678419749924 0.95625 0.045695666128159826 0.08359375
39 0.4650086044859715 0.865625 0.045695666128159826 0.08359375
41 0.4672815789347563 0.76796875 0.045695666128159826 0.08359375
42 0.4711352371791314 0.66953125 0.045695666128159826 0.08359375
43 0.47655139542350644 0.57109375 0.045695666128159826 0.08359375
44 0.4796056198722913 0.4734375 0.045695666128159826 0.08359375
46 0.48420416052548576 0.3765625 0.045695666128159826 0.08359375
47 0.4849691863610414 0.2765625 0.045695666128159826 0.08359375