73 0.39103327739390903 0.3057974621220732 0.03527557178554286 0.05476274310259503
62 0.3980421392214081 0.3775905749669435 0.03257662427505377 0.049952412369900404
59 0.4066727006339887 0.45008305065668397 0.03257662427505377 0.049952412369900404
260 0.4135039637062433 0.5195324135015542 0.03599762220046134 0.054022436680159915
260 0.4208796784381718 0.5858158327688596 0.03599762220046117 0.054022436680159915
260 0.4291550423402633 0.6536208084586 0.03599762220046117 0.054022436680159915
260 0.4342462066572734 0.7208083084586001 0.03599762220046117 0.054022436680159915
260 0.4406630726339573 0.7847889213034703 0.03599762220046117 0.054022436680159915
342 0.4517800166199614 0.8900938969932108 0.032635823860135284 0.0507336623699004
272 0.4572972334264824 0.9525529534156458 0.0326358238601351 0.0507336623699004
342 0.5985599282376791 0.8604396172558844 0.02837437634964619 0.045841444482076096
272 0.6053436471187925 0.9189105365231898 0.0315585759347277 0.04678646879233561
73 0.4791145404661636 0.3709886929001963 0.032872622200461166 0.053858662369900404
60 0.4858866039533366 0.4396568057450666 0.03461272095570571 0.056284299525030154
56 0.4918182178554281 0.5075846121675017 0.03461272095570589 0.056284299525030154
260 0.4977498317575197 0.5755124185899368 0.03461272095570589 0.056284299525030154
260 0.5034446473192852 0.6403152250123719 0.03443512220046134 0.053940549525030156
260 0.5099207128810507 0.7050770878572422 0.03443512220046134 0.053940549525030156
260 0.5148934780278978 0.7707020878572421 0.03443512220046134 0.053940549525030156
64 0.5574879942004299 0.3598221415661439 0.031191723030298314 0.05221427521477064
61 0.562697557687603 0.4285721415661438 0.031191723030298137 0.052214275214770824
57 0.5686291715896946 0.49649994798857905 0.031191723030298137 0.052214275214770824
54 0.5736611363216231 0.562906197988579 0.03101412427505377 0.049870525214770825
44 0.5801372018833886 0.6276680608334493 0.03101412427505377 0.049870525214770825
41 0.585050767445154 0.6925118108334493 0.03101412427505377 0.049870525214770825
111 0.590567984251675 0.7549708672558844 0.03101412427505377 0.049870525214770645