273 0.46077841831236127 0.201596966222656 0.19353702013597243 0.27029563140062185
9 0.4142905037028129 0.4898473951194989 0.06119403276940982 0.11513144731269431
72 0.42010735866055604 0.638929637226991 0.06119403276940982 0.11513144731269431
110 0.42588784602711877 0.7864493793344833 0.06119403276940982 0.1151314473126945
276 0.431322841277466 0.9191253714419755 0.06119403276940982 0.1151314473126945
8 0.490697841277466 0.9156671714984451 0.06119403276940982 0.1151314473126945
0 0.5505995181392022 0.9012259689240791 0.06119403276940982 0.1151314473126945
113 0.544201434932952 0.7607829794474228 0.06119403276940982 0.1151314473126945
111 0.48504464048003537 0.7736161793909531 0.06119403276940982 0.11513144731269431
85 0.48168063829583385 0.6290849293909531 0.06119403276940982 0.1151314473126945
35 0.475100717133681 0.4808294399142968 0.06119403276940982 0.11513144731269431
53 0.5367649157469101 0.4748909820782587 0.06119403276940964 0.11513144731269431
99 0.5400925503399311 0.6178597320782587 0.06119403276940982 0.11513144731269431