72 0.5168987880330894 0.21980715426217295 0.10287100867281787 0.0500792367654336
35 0.4534180907065436 0.27279091315351306 0.10290737133990877 0.05320423676543369
186 0.45090216538031597 0.3252802123677248 0.10286191800604527 0.0492979867654336
53 0.57144138470718 0.27198393031702084 0.10286191800604527 0.04929798676543369
186 0.5665817093809524 0.3245823914418914 0.101335780673136 0.05235021215832773
282 0.5054447620544066 0.3774569884225727 0.10053634933959063 0.05075132485477489
119 0.44505270206076997 0.4271701980997012 0.10130850867281786 0.050006462158327734
119 0.558397586728179 0.42736278908452646 0.10208066800604527 0.04926159946188076
275 0.499577117401315 0.47778447415454905 0.10052725867281787 0.04997007485477489
259 0.4407475574076784 0.5274249092245716 0.09505850867281787 0.04971536372990428
288 0.5525208514083148 0.5269090248165028 0.09659373667249974 0.047444388337010326