72 0.5027096612914862 0.2587076910788621 0.10445421360606985 0.04829039898378564
35 0.4363183738640988 0.30684366270733215 0.10459976282028158 0.051415398983785644
186 0.43075542452605264 0.3590964844940868 0.10441782630251702 0.047509148983785644
53 0.5540688000427811 0.3149637027573446 0.10441782630251702 0.047509148983785644
186 0.546162100704735 0.36714832838416517 0.10300087551672873 0.05058868487716293
282 0.4821145632773476 0.4153524961725693 0.1021468509096227 0.049003452823851566
119 0.4189938250641719 0.46045439601428473 0.10289171360606986 0.04824493487716293
119 0.5320203639393014 0.46921929374442917 0.10363657630251702 0.047486416930474284
275 0.4704257384225727 0.5151479076927672 0.10211046360606986 0.04822220282385157
259 0.408867500209397 0.5602952716411054 0.09664171360606985 0.04806307845067224
288 0.5203679263880794 0.5682334552646271 0.09809505169541097 0.04576479255729495