35 0.4140625 0.17421875 0.05546875 0.04375
340 0.5609375 0.17421875 0.053125 0.04296875
24 0.41484375 0.26640625 0.0515625 0.040625
25 0.56015625 0.2671875 0.0515625 0.03828125
22 0.41484375 0.3265625 0.0515625 0.03828125
23 0.559375 0.3265625 0.046875 0.03828125
16 0.415625 0.38515625 0.0515625 0.0375
20 0.559375 0.3859375 0.0484375 0.03671875
10 0.415625 0.44453125 0.05 0.03828125
11 0.559375 0.44296875 0.05 0.03828125
111 0.415625 0.5015625 0.0515625 0.03828125
113 0.559375 0.50234375 0.05 0.0375
99 0.41640625 0.55859375 0.05 0.03671875
110 0.55859375 0.5578125 0.05 0.034375
72 0.4171875 0.64296875 0.0515625 0.0375
85 0.5578125 0.64296875 0.0515625 0.0375
53 0.5578125 0.696875 0.0515625 0.0375
35 0.4171875 0.69765625 0.0515625 0.0375
309 0.5546875 0.821875 0.0515625 0.0375
309 0.4171875 0.82265625 0.0515625 0.0375
309 0.5546875 0.87578125 0.0515625 0.0375
325 0.48984375 0.76015625 0.10703125 0.0375