273 0.5095485485565703 0.4219246025559789 0.09398066769334754 0.10349140394280312
9 0.47853910681660566 0.551436630435766 0.025074411069925695 0.048788186364518
35 0.5058828568166056 0.5492045796771616 0.025156256623422024 0.051131936364518
53 0.5324726386677711 0.5462550517973745 0.024293161069925694 0.04872441348570078
72 0.47638384057453675 0.613155380435766 0.025156256623422024 0.051131936364518
85 0.5029463405745369 0.6109871025559789 0.025882942921091077 0.04963320924333523
99 0.5302900905745368 0.6087550517973745 0.024265879218760132 0.04794316348570078
110 0.4749825424813026 0.6755916075569487 0.02510169292109108 0.04956943636451801
111 0.5007637924813026 0.6734871025559789 0.02432044292109108 0.04950566348570078
113 0.5273262924813026 0.6713188246761917 0.02518353847458741 0.051913186364518006
276 0.47279999438806836 0.7380916075569487 0.024293161069925694 0.04872441348570078
8 0.4986358080903992 0.7344246025559789 0.023511911069925694 0.048660640606883375
0 0.5259795580903992 0.7321925517973745 0.02432044292109108 0.04950566348570078
131 0.4967707185273527 0.8101420796771615 0.07582837921876032 0.052152173487640494