273 0.52578125 0.46484375 0.090625 0.09609375
9 0.49921875 0.5921875 0.0234375 0.046875
35 0.5265625 0.5921875 0.0234375 0.04921875
53 0.553125 0.59140625 0.02265625 0.046875
72 0.49921875 0.65390625 0.0234375 0.04921875
85 0.52578125 0.65390625 0.02421875 0.04765625
99 0.553125 0.65390625 0.02265625 0.04609375
110 0.5 0.71640625 0.0234375 0.04765625
111 0.52578125 0.71640625 0.02265625 0.04765625
113 0.55234375 0.71640625 0.0234375 0.05
276 0.5 0.77890625 0.02265625 0.046875
8 0.52578125 0.77734375 0.021875 0.046875
0 0.553125 0.77734375 0.02265625 0.04765625
131 0.5265625 0.853125 0.07421875 0.04609375