273 0.5447221813678315 0.483204435834333 0.09454052026595505 0.09925844473518967
9 0.5233485415576744 0.6096206028947085 0.025347509885831697 0.04769345553496294
35 0.5506922915576744 0.6105754676854984 0.025443010380123355 0.050037205534962936
53 0.5772229580595771 0.610721800625123 0.0245662598858317 0.04766617368379755
72 0.5258633879073529 0.6713393528947085 0.025443010380123355 0.050037205534962936
85 0.5524258879073528 0.672266935834333 0.026160593383928975 0.04850198738612832
99 0.5797696379073528 0.673221800625123 0.0245344263877346 0.046884923683797555
110 0.5291913177551285 0.7338666347458739 0.025379343383928978 0.048474705534962935
111 0.5549725677551285 0.734766935834333 0.024598093383928977 0.048447423683797376
113 0.5815350677551285 0.7356945187739574 0.025474843878220455 0.050818455534962934
276 0.5317379976029042 0.7963666347458738 0.0245662598858317 0.04766617368379737
8 0.5574555806067097 0.795704435834333 0.0237850098858317 0.04763889183263181
0 0.5847993306067097 0.7966593006251229 0.024598093383928977 0.048447423683797376
131 0.5613246799221377 0.8715129676854984 0.0760969263877346 0.04868552586071573