265 0.1625 0.32890625 0.0296875 0.0453125
152 0.2078125 0.30234375 0.028125 0.03984375
119 0.20234375 0.3578125 0.02890625 0.04296875
35 0.24296875 0.3046875 0.028125 0.0453125
9 0.2390625 0.35859375 0.0296875 0.04453125
72 0.28046875 0.30390625 0.028125 0.0453125
53 0.2765625 0.359375 0.0296875 0.04296875
99 0.31640625 0.3046875 0.0296875 0.0453125
85 0.31328125 0.36015625 0.02734375 0.04453125
111 0.3546875 0.30703125 0.0296875 0.0453125
110 0.3515625 0.3609375 0.03125 0.04453125
10 0.390625 0.30703125 0.028125 0.046875
113 0.38828125 0.36171875 0.03046875 0.0453125
16 0.428125 0.3078125 0.028125 0.046875
11 0.4265625 0.36328125 0.02890625 0.04609375
22 0.46484375 0.30859375 0.02890625 0.046875
20 0.4640625 0.36328125 0.02890625 0.046875
24 0.5015625 0.309375 0.0296875 0.04765625
23 0.5015625 0.3640625 0.0296875 0.046875
26 0.5390625 0.309375 0.02734375 0.04609375
25 0.5390625 0.36484375 0.02890625 0.04765625
36 0.5765625 0.31015625 0.0296875 0.04765625
28 0.5765625 0.36640625 0.0296875 0.0484375
38 0.6140625 0.31171875 0.02890625 0.046875
37 0.61484375 0.3671875 0.02890625 0.0453125
41 0.65078125 0.31328125 0.0265625 0.04453125
39 0.6515625 0.36796875 0.02890625 0.0453125
43 0.6875 0.3140625 0.0265625 0.04453125
42 0.690625 0.3703125 0.028125 0.046875
46 0.725 0.315625 0.0265625 0.04296875
44 0.72734375 0.3703125 0.02890625 0.04296875
54 0.7609375 0.31640625 0.02734375 0.04296875
47 0.7640625 0.371875 0.0296875 0.04453125
343 0.8046875 0.34453125 0.028125 0.04296875