44 0.42421875 0.275 0.0671875 0.0703125
275 0.42421875 0.19296875 0.0671875 0.0703125
264 0.60234375 0.1953125 0.06328125 0.0703125
46 0.515625 0.2734375 0.0671875 0.0703125
47 0.6 0.271875 0.0671875 0.0703125
41 0.42421875 0.35546875 0.06640625 0.06796875
42 0.51171875 0.35625 0.0640625 0.0640625
43 0.5984375 0.3546875 0.065625 0.0609375
37 0.42421875 0.4359375 0.06484375 0.06640625
26 0.42421875 0.5125 0.0640625 0.06640625
23 0.42421875 0.590625 0.06484375 0.06640625
11 0.42421875 0.66328125 0.065625 0.0640625
260 0.42578125 0.7359375 0.06484375 0.0640625
35 0.42578125 0.809375 0.06484375 0.0640625
38 0.51171875 0.43046875 0.0640625 0.0640625
28 0.51015625 0.509375 0.0640625 0.06484375
24 0.509375 0.584375 0.0640625 0.06484375
16 0.509375 0.65859375 0.0640625 0.06484375
113 0.5078125 0.73046875 0.06171875 0.06484375
99 0.5078125 0.80234375 0.06171875 0.06484375
152 0.50859375 0.87109375 0.06171875 0.06484375
39 0.596875 0.43046875 0.06328125 0.0640625
36 0.59609375 0.50703125 0.06328125 0.0640625
25 0.59375 0.58125 0.06328125 0.0640625
22 0.5921875 0.653125 0.0609375 0.0640625
10 0.590625 0.7234375 0.0609375 0.0640625
111 0.590625 0.7953125 0.06171875 0.0640625
266 0.6015625 0.96171875 0.028125 0.0484375