44 0.4098066106971636 0.28734350494805794 0.07087242198083885 0.07226745658477522
275 0.41410568634147565 0.20531225494805794 0.07087242198083885 0.07226745658477522
264 0.592107855608781 0.21283891310304356 0.06696617198083885 0.07215379631821861
46 0.5012947478522933 0.28844065518548473 0.07087242198083885 0.07226745658477522
47 0.5857516350074231 0.2893332169431096 0.07087242198083885 0.07226745658477522
41 0.40558942220798144 0.3678122549480579 0.0699683412481443 0.06990097453146386
42 0.49304847863041656 0.37113949491892806 0.06741987336031982 0.06592652837152997
43 0.5798491157855463 0.37210025283648684 0.06881859905006031 0.06284699247815269
37 0.40137223371879927 0.44828100494805795 0.06832395409301455 0.06829301042484133
26 0.39735976311744137 0.524843504948058 0.06754270409301437 0.06827027837152996
23 0.3932654053609538 0.602968504948058 0.06832395409301446 0.06829301042484133
11 0.3894576526474204 0.6756247549480578 0.06898237336031983 0.06597199247815269
260 0.3872123999338869 0.7483264690546806 0.06820112336031983 0.06594926042484132
35 0.3833637036427885 0.8217639690546805 0.06820112336031983 0.06594926042484132
38 0.4891588387617533 0.44535824491892806 0.06741987336031982 0.06592652837152997
28 0.4834610374277009 0.5242190308123054 0.06746081693788461 0.06670777837152997
24 0.4787492039814728 0.599196298758994 0.06746081693788461 0.06670777837152997
16 0.4748595641128096 0.673415048758994 0.06746081693788461 0.06670777837152997
113 0.46953025497684103 0.7452445846523713 0.06511706693788462 0.0666395822115959
99 0.4657634458408724 0.8171195846523714 0.06511706693788462 0.0666395822115959
152 0.4629416610151633 0.8858923167056828 0.06511706693788462 0.0666395822115959
39 0.5743150887617533 0.44783603872986416 0.06663862336031982 0.0659037963182186
36 0.5695213681603956 0.5243758066765528 0.06663862336031982 0.0659037963182186
25 0.5632879782917323 0.5985263605166188 0.06663862336031982 0.0659037963182186
22 0.5579586691557636 0.6703558964099962 0.06429487336031983 0.06583560015828453
10 0.5527112471749249 0.7406229323033735 0.06429487336031983 0.06583560015828453
111 0.5489444380389563 0.8124979323033734 0.06507612336031983 0.0658583322115959
266 0.5511609560176377 0.977297252045064 0.030663501809022265 0.045405495909871973