273 0.47294472116625164 0.27868206797821105 0.12433607343610724 0.14528865514873238
9 0.4459599870013692 0.45025396011393815 0.03731579506457727 0.07626636838761662
35 0.48355091521461463 0.45556308639406246 0.03414533095795473 0.07452185786427279
53 0.5186162370013692 0.4544857047816791 0.036534545064577276 0.07622086575678075
72 0.45098611929210747 0.542577968006446 0.034858384798020656 0.07222361049510884
85 0.48676449491892804 0.5392023390248984 0.03736125917119999 0.07782886838761663
99 0.5235059769722394 0.5421222126741869 0.037383991224511345 0.07861011838761663
110 0.45431335926297756 0.6301234706372818 0.034972045064577274 0.07612986049510884
111 0.48935594899642093 0.6282648390248984 0.0372475989046432 0.07392261838761663
113 0.5275917348897983 0.6289319679358587 0.03961408095795456 0.07484037628012441
8 0.4966803671805364 0.7191628548099139 0.03736125917119999 0.07782886838761663
276 0.4592712953937818 0.7201037285297895 0.03591241943775678 0.0816441131259447
0 0.5316774928073571 0.7157417231975305 0.04122204506457727 0.07649388154179633
131 0.5014708187507468 0.8301913600715858 0.11343802586424748 0.09239887357870132