273 0.44509013302083983 0.2624000421718059 0.13160029955065636 0.14108155452090293
9 0.3989013039234064 0.43509200655260455 0.0412146734876405 0.07503702080156245
35 0.43614621240813733 0.4390898287409379 0.03796212773000587 0.07340178561920148
53 0.47155755392340637 0.43678309954250044 0.040433423487640494 0.0750188370059723
72 0.39371985422296885 0.5273340579393754 0.03855205909355401 0.07107621941479163
85 0.43010376437468967 0.5227017625365281 0.041342219245274946 0.07659952080156245
99 0.46675874149587243 0.5243376509292712 0.04140599212409235 0.07738077080156244
110 0.38735854179543483 0.6148522417349657 0.03887092348764041 0.07498246941479181
111 0.4228336561895212 0.6117642625365282 0.041023354851188645 0.07269327080156245
113 0.46124245194715574 0.6110927685204517 0.04343087773000587 0.07352907218833345
8 0.42012350224671813 0.7024983653100698 0.041342219245274946 0.07659952080156245
276 0.38236841073144906 0.7047505431217365 0.04009858363936125 0.08046940321038196
0 0.455726162398439 0.6978478861116324 0.0451209234876405 0.07512793977951393
131 0.4126302534546661 0.8134722329012505 0.11795251666989941 0.08851959897381931