273 0.465625 0.2515625 0.1203125 0.13828125
9 0.43359375 0.425 0.03515625 0.07421875
35 0.47109375 0.428125 0.03203125 0.07265625
53 0.50625 0.425 0.034375 0.07421875
72 0.4359375 0.5171875 0.0328125 0.0703125
85 0.471875 0.51171875 0.03515625 0.07578125
99 0.50859375 0.5125 0.03515625 0.0765625
110 0.43671875 0.6046875 0.0328125 0.07421875
111 0.471875 0.60078125 0.03515625 0.071875
113 0.51015625 0.59921875 0.0375 0.07265625
8 0.4765625 0.69140625 0.03515625 0.07578125
276 0.4390625 0.69453125 0.03359375 0.0796875
0 0.51171875 0.6859375 0.0390625 0.07421875
131 0.478125 0.80234375 0.1109375 0.0859375