72 0.11009369855939626 0.47776024992941285 0.03138097717948316 0.04460684471009326
53 0.12843114669458527 0.5760535367611158 0.032280626349646194 0.04621484734092931
35 0.14502849607452972 0.6719120683311469 0.031617775519809224 0.047731844710093264
9 0.15898609752906662 0.7637278420086702 0.0272379288391571 0.04125433155591374
289 0.0661679450349113 0.5755383262942418 0.02165077966899407 0.039373313140062295
258 0.08391339731928518 0.6660191131259448 0.031203378424238613 0.04226309471009344
275 0.0994334987738221 0.7579258920651399 0.02543863049883106 0.03803832629424182
263 0.20824685602792906 0.46947658404557524 0.033535473030298316 0.05251034997176518
272 0.261253456857766 0.4710082629424181 0.029214825934727705 0.046814086817585476
340 0.3086020535384181 0.4799884207925736 0.035216372200461345 0.05416385523343692
272 0.27310410665262896 0.5658125287274337 0.023094880498831037 0.03790181840173403
272 0.4775827321770826 0.8110626574972197 0.0474562630722545 0.07198839206513981
272 0.5676040809323271 0.8186392100433508 0.04800071473192844 0.06890889469597568
272 0.46928313487173057 0.7117984048663837 0.0521321076783142 0.08237215521931951
35 0.2792492081071659 0.6571732760965977 0.032872622200461346 0.05402734734092931
9 0.28712183030762717 0.7097445392507774 0.033476273445216795 0.05172909997176518
119 0.29337275292300696 0.7614435471432851 0.02951082386013528 0.050720336817585476
290 0.2598517031327884 0.8528274103398171 0.03149937634964619 0.04616934471009344
290 0.3506543018880329 0.8604494655167845 0.03185457386013528 0.05085684471009344
343 0.3132122402517378 0.13024602602601057 0.05502030933798814 0.07942916574266326
9 0.36651483900698223 0.13568395492285343 0.05381300684847723 0.08402566048099139
35 0.41874018983681927 0.13717013118886037 0.054771855603721775 0.0864149131118273
53 0.47137993776222675 0.1441250574548673 0.05225050684847723 0.08393465521931956
72 0.5229424377622267 0.14712823109003834 0.05465345643355875 0.08485241311182734
85 0.5770854861025528 0.15339291261771715 0.05465345643355875 0.0848524131118273
265 0.6304472844428789 0.15961209151456002 0.0548902547738848 0.0879774131118273
85 0.43995602946850143 0.34530114960471187 0.04723112012586892 0.05875264469597585
53 0.39754523175287526 0.43227823386204867 0.04717192054078732 0.057971394695975856
277 0.40573808528200467 0.5198692391237205 0.04423617468997225 0.050022386803468065
72 0.49531988092303825 0.4395285627165391 0.046272271370624195 0.05636339206513981
72 0.5447162296782829 0.44473897845920246 0.054109004773884806 0.08793191048099125
85 0.488571128223746 0.3504660627165392 0.055127053114210865 0.09110241311182729
53 0.4452014817528753 0.43505389434304 0.05500865394404784 0.0895399131118273
9 0.45369033320741214 0.5265511496047118 0.05074720643355875 0.08462489995764777
35 0.5020686336223307 0.5285910627165391 0.045254223030298135 0.05319288943430393
35 0.5490028332074122 0.5321024705666947 0.05242810560372178 0.08627840521931951
275 0.46092433798129695 0.6117529022355479 0.05027360975290662 0.07837489995764776
275 0.4130904892260524 0.6066334917545564 0.044354573860135284 0.051584886803468066
264 0.5077401383962155 0.6137018100857032 0.04537262220046116 0.054755389434303935
316 0.554911136321623 0.6203382179358587 0.05207290809323269 0.08159090521931951
258 0.5617074332120566 0.7202927153050227 0.05027360975290662 0.07837489995764776
259 0.440936682386864 0.9022645101704079 0.042259277594401644 0.044462631541796326
258 0.48552713197194547 0.9056394101280556 0.045171712657336015 0.0726331341726322
288 0.5300583819719455 0.9082330600857033 0.04087437634964619 0.04671537628012423
290 0.574885629897353 0.9147329600433508 0.04937396058274359 0.07676689732681155
270 0.6663795873565971 0.5311608678229194 0.019011031743586492 0.03533055524755433
270 0.7235884361118416 0.5368263098739418 0.028978027594401646 0.043689086817585474
270 0.7672200369416786 0.5378119572007535 0.02669347717948316 0.04433382892507787
270 0.8259913856969231 0.5435684045134479 0.01883343298834177 0.032986805247554506
266 0.641156289640971 0.6191390099586463 0.027415527594401645 0.043598081555913736
266 0.7491463883962155 0.6277621230140039 0.025557029668994247 0.03960082629424182
11 0.80323023715146 0.6332455545416827 0.053066723030298135 0.053647915742663345
266 0.6818656452446927 0.704734875715427 0.025734628424238615 0.04194457629424182
89 0.6943996888111339 0.6237956888554892 0.055410473030298134 0.053784423635170955
23 0.6458689456596113 0.7018605046969745 0.03095492468997225 0.04924884207925721
343 0.8260300423402633 0.7185761097892371 0.028374376349646013 0.04598733418674961
258 0.9111485583123031 0.599863178120384 0.03204382800931995 0.04308984734092931
275 0.9080011701398021 0.6712376491811888 0.032825078009319955 0.04313534997176518
35 0.9053982336269751 0.7395326228728296 0.03204382800931995 0.04308984734092931
9 0.9033397487738221 0.8047480991953062 0.03018533008391273 0.03909259207925757
289 0.9044654635057505 0.8709268360411265 0.025379430913749702 0.037257076294241645
265 0.9128696207505687 0.2017287859846569 0.04012901514684728 0.06767261838761662
266 0.8479172817435867 0.08360884656447035 0.031250922615380004 0.05315509207925737
266 0.8506889294638571 0.1817733307794548 0.03154692054078723 0.05706134207925735
9 0.7898796387972008 0.06700590451344786 0.02891882800932013 0.04290783681758552
266 0.78868491431701 0.11282663872843231 0.028729573860135284 0.050674834186749604
260 0.7871592257295906 0.18507336505090896 0.029877676764564674 0.04529708944842144
266 0.7860237008344814 0.23167534926589345 0.030055275519809223 0.047640839448421436
266 0.7172835109976621 0.11489039669152726 0.022076832158505155 0.03473131577089812
266 0.7180064840279604 0.16548963616818355 0.022917281743586492 0.03555806840173403
266 0.035028963282036 0.16460082629424183 0.03748926722143945 0.06362986049510884
266 0.041753482578067894 0.22254983418674962 0.028788773445216777 0.05145608418674961
266 0.3709995842330974 0.05116474175455639 0.030777325934727706 0.046905092079257346
266 0.5140867334032604 0.061054223197530566 0.0191294309137497 0.036893055247554415
272 0.33094176267126924 0.6516282023626048 0.04816665809323269 0.0813633920651398
272 0.9138340051980922 0.512127959690415 0.025308575934727885 0.046586573663405774
272 0.048078950633988704 0.4702592920933748 0.02955836805127643 0.06161233418674961