263 0.51953125 0.06983192474160073 0.0390625 0.07437823874123303
263 0.76640625 0.100105205897008 0.03203125 0.06299015576781111
275 0.48671875 0.18599714528423647 0.040625 0.07682211829088237
275 0.74296875 0.2062946491417478 0.03671875 0.06719679441675908
264 0.5515625 0.19277926897378964 0.040625 0.07838461829088236
264 0.79375 0.20850918877814487 0.03203125 0.06220890576781111
9 0.49140625 0.7950717566352885 0.040625 0.07838461829088228
152 0.490625 0.8787155714101132 0.0375 0.07505935919158375
16 0.5515625 0.30059176897378964 0.03671875 0.07500929441675908
99 0.48828125 0.38042826573458716 0.04140625 0.07296593306570695
11 0.55078125 0.38032933374861433 0.0390625 0.07437823874123292
85 0.4890625 0.4624094509597625 0.0421875 0.07067224784053164
10 0.5515625 0.4584042689737896 0.040625 0.06900961829088229
72 0.4890625 0.5452219509597624 0.04296875 0.07150356261535631
113 0.55234375 0.5388229541989651 0.040625 0.07057211829088246
53 0.4890625 0.6280344509597625 0.04140625 0.07452843306570696
111 0.55234375 0.618510454198965 0.040625 0.07057211829088246
35 0.4890625 0.7116282009597625 0.04140625 0.07687218306570695
110 0.553125 0.7004916394241404 0.04140625 0.07296593306570713
342 0.74375 0.30311958436692316 0.03359375 0.06309028531746037
342 0.74296875 0.37582589914174785 0.03515625 0.06631541486710972
342 0.79296875 0.3741842535529695 0.03515625 0.060846664867109726
342 0.74375 0.44843208436692306 0.03046875 0.06445252621816167
342 0.79375 0.44679043877814484 0.03515625 0.06475291486710973
342 0.74375 0.5210883343669231 0.03359375 0.06465278531746037
342 0.79453125 0.5170528740033202 0.03515625 0.06475291486710973
342 0.7453125 0.5952069548172738 0.03515625 0.06475291486710973
342 0.79453125 0.5881466240033202 0.0328125 0.059133970542635694
342 0.74609375 0.6685943900424491 0.034375 0.06470285009228505
342 0.7953125 0.6584090592284955 0.0296875 0.06440246144333699
342 0.796875 0.7301839296788463 0.02890625 0.05888364666851249
342 0.79765625 0.8020088649040215 0.03125 0.06606509099298634