263 0.5587035059839236 0.026370871624675513 0.04373312262517359 0.05274174324935103
275 0.5630487799196182 0.17189972641671905 0.043042791603124894 0.0717584381117677
264 0.6371947947372572 0.16618295055600338 0.03826437262517359 0.06768849700477508
72 0.5692845153863197 0.3726264127143882 0.03582970364722229 0.06370040145127884
231 0.6415575992581599 0.2864408868536725 0.04309734298989589 0.07410218811176765
111 0.6434305302039587 0.3669096368536725 0.04057175503399311 0.06620784255827132
110 0.6460119759673961 0.44422610500250703 0.038300740216354254 0.06925099700477517
35 0.5745746934823268 0.5327280990120574 0.037519490216354257 0.06922371515360978
9 0.578755006836945 0.611552503458561 0.037446755033993105 0.0660987151536098
99 0.6513021540634034 0.6043277913001763 0.03742857123840295 0.06531746515360978
120 0.5814091877827436 0.6919939716073956 0.039045622625173595 0.06771577885594056
122 0.5866266306963895 0.8489706579050648 0.03899107123840295 0.06537202885594055
266 0.5727199463321184 0.4530405990120573 0.039790505033993104 0.06618056070710594
266 0.6479030907087852 0.5254761050025071 0.037483122625173594 0.06766121515360979
266 0.6547012174180213 0.6831794775978454 0.037446755033993105 0.0660987151536098
266 0.5840088173417716 0.7700916897562301 0.037483122625173594 0.06766121515360979