263 0.5598187353006789 0.031057957185279105 0.04566770409301455 0.06211591437055821
275 0.5686249265033946 0.18165595982525345 0.045091171980838854 0.07103524878218401
264 0.6426799021931352 0.1772354667251123 0.04019895409301455 0.06704717816533297
72 0.5807099259375678 0.38240993628630315 0.03765048620519007 0.06310001785690744
231 0.6505477131381261 0.297520693186162 0.045214002713533576 0.07337899878218401
111 0.6547649016273083 0.377989443186162 0.042460816937884616 0.06552558847375849
110 0.6595995658062309 0.45531955641668687 0.04028084124814413 0.06860967816533296
35 0.5906658593383673 0.5425389127473528 0.03949959124814413 0.06859604139585791
9 0.5971449106724197 0.6214042524389273 0.03933581693788461 0.06547104139585791
99 0.6695554992070305 0.6154485328777364 0.039294873360319824 0.06468979139585791
120 0.602143349161602 0.7018593656694521 0.04098020409301455 0.0670608149348082
122 0.611935508252142 0.8588633421305019 0.040857373360319825 0.06471706493480837
266 0.58648961442675 0.46285141274735275 0.04167956693788462 0.06551195170428326
266 0.663857697872978 0.5365695564166868 0.03941770409301455 0.0670335413958579
266 0.675253300541083 0.6943275093387861 0.03933581693788461 0.06547104139585791
266 0.6070189569180895 0.779970728899977 0.03941770409301455 0.0670335413958579