263 0.5578125 0.03828125 0.0421875 0.06640625
275 0.55859375 0.19140625 0.04140625 0.0703125
264 0.6328125 0.18828125 0.03671875 0.06640625
72 0.56015625 0.3921875 0.034375 0.0625
231 0.634375 0.30859375 0.04140625 0.07265625
111 0.634375 0.3890625 0.0390625 0.06484375
110 0.63515625 0.46640625 0.03671875 0.06796875
35 0.56171875 0.55234375 0.0359375 0.06796875
9 0.5640625 0.63125 0.0359375 0.06484375
99 0.63671875 0.6265625 0.0359375 0.0640625
120 0.56484375 0.71171875 0.0375 0.06640625
122 0.56640625 0.86875 0.0375 0.0640625
266 0.56171875 0.47265625 0.03828125 0.06484375
266 0.63515625 0.54765625 0.0359375 0.06640625
266 0.63828125 0.70546875 0.0359375 0.06484375
266 0.565625 0.78984375 0.0359375 0.06640625