35 0.40331310775648765 0.06050510976622394 0.09927073891872347 0.12101021953244788
9 0.4111775966752111 0.18531052522259586 0.09372342378986112 0.12486859604505715
111 0.5811592260284247 0.1820494953852976 0.09841092378986112 0.12519637797604238
252 0.4214710447753317 0.3069123736134415 0.08805327792830404 0.10579081411407198
99 0.5800647947753317 0.29582241828177536 0.08982049581612835 0.1098063247577337
154 0.42687559701389544 0.4100373736134415 0.08460072930778502 0.09932229282674854
85 0.5786018713241549 0.40256409117825315 0.08472356004047973 0.10166604282674854
153 0.43429635063194 0.5067484826479489 0.07938096279944169 0.08883826089576327
240 0.4426245070089466 0.5908503310387946 0.07436591417892266 0.08226047896477802
72 0.5782920120973293 0.5013840034310693 0.073335680687266 0.0923074683211162
53 0.5769995070089466 0.5814539156838853 0.07477534995457144 0.09007297896477802