35 0.4046817821830867 0.05947245627157829 0.10163854567674005 0.11894491254315658
9 0.41491407785982676 0.18297106243826583 0.09580380891829172 0.12538035352912935
111 0.5850462613999664 0.17871850247557777 0.1004913089182919 0.1257355510396184
252 0.4273426580654422 0.3045500645128583 0.08980518119435103 0.10627515601864027
99 0.5859364080654421 0.2925325487413114 0.09164083280350539 0.1102998051888033
154 0.4345538605471167 0.4076750645128583 0.08624313861970415 0.0997883576783142
85 0.5863348818344402 0.39931534500704496 0.08640702958519668 0.1021321076783142
153 0.4436717704541442 0.5043724657576137 0.08084544443590289 0.0892769101678251
240 0.453478095211878 0.5884514678322063 0.07572090186125599 0.08267171265733601
72 0.5877495523851295 0.4981672421026156 0.07486859604505725 0.09270956348717299
53 0.587853095211878 0.5782691391981862 0.0762672050795647 0.09048421265733601