275 0.346875 0.225 0.0484375 0.06328125
275 0.4 0.22890625 0.0453125 0.06171875
290 0.525 0.23515625 0.046875 0.06171875
290 0.5171875 0.6 0.04375 0.05546875
35 0.4109375 0.33671875 0.0484375 0.06328125
277 0.41171875 0.41953125 0.04375 0.0609375
119 0.41015625 0.503125 0.046875 0.05703125
272 0.32421875 0.3734375 0.0296875 0.04296875
266 0.4609375 0.33828125 0.0453125 0.06171875
266 0.4609375 0.4203125 0.0453125 0.06015625
266 0.459375 0.49921875 0.04609375 0.06171875
259 0.3453125 0.59921875 0.04609375 0.05390625
288 0.4671875 0.6 0.04375 0.0546875
115 0.396875 0.596875 0.0453125 0.05546875