275 0.34425688796945597 0.2472287600221493 0.049173844008590525 0.06638526603912895
275 0.3973364346355924 0.2545394147102262 0.046030662675044985 0.06462250693983033
290 0.5222637093014105 0.2687997786821719 0.04759316267504517 0.06472263648947969
290 0.5102058679185492 0.6331428809339253 0.044395437340863354 0.058272377390180985
35 0.40701942262095664 0.3630528215577714 0.049173844008590525 0.06638526603912895
277 0.4068370619430481 0.44591538633259614 0.04445907200827239 0.06374112739018098
119 0.40430186059836676 0.5294090067829468 0.047538618674408714 0.06003513648947969
272 0.3198734112826387 0.39421438155223415 0.03018748667249973 0.044871211443337077
266 0.4570012412874112 0.3678194671465497 0.046030662675045166 0.06462250693983033
266 0.4560467212762753 0.4498507171465498 0.04601248134149962 0.06306000693983016
266 0.45356606393223037 0.5286568375969004 0.04681191267504516 0.06467257171465501
259 0.3383399585853219 0.6213473804725 0.04672100600731781 0.05686007171465483
288 0.4602058679185492 0.629938735345147 0.04438634667409058 0.05749112739018099
115 0.38992973058564007 0.6223079056109275 0.045957937340863265 0.058372506939830336