273 0.48125 0.38125 0.10078125 0.03671875
24 0.453125 0.4484375 0.03984375 0.02890625
38 0.5109375 0.4484375 0.03984375 0.02734375
23 0.453125 0.49140625 0.03984375 0.028125
37 0.51015625 0.49140625 0.040625 0.02734375
22 0.45234375 0.53515625 0.03984375 0.028125
36 0.509375 0.534375 0.040625 0.02734375
20 0.45234375 0.57734375 0.03984375 0.02734375
28 0.509375 0.57734375 0.03984375 0.02734375
16 0.4515625 0.6203125 0.040625 0.0296875
26 0.509375 0.61953125 0.03984375 0.028125
152 0.4515625 0.6625 0.0390625 0.02578125
25 0.5078125 0.6625 0.03984375 0.02578125
265 0.478125 0.8421875 0.06640625 0.04765625