110 0.3766099106107629 0.11007008939241521 0.11897262485506799 0.17926568874502427
111 0.5294479971250621 0.08530020020012259 0.11194137485506808 0.17060040040024518
85 0.4061692201633589 0.2993408364266657 0.10489427833882896 0.1498819362735663
99 0.5492974668293791 0.27626413927868443 0.09864427833882913 0.14962726828878878
53 0.43381534335143684 0.46517408346091615 0.09982414106592544 0.14500343528498316
72 0.5680309756233706 0.4385413047920041 0.09449891227775283 0.13699993429639984
9 0.45883080305381413 0.6083829139932637 0.0922349106107628 0.12834251730020546
35 0.5872906429020933 0.5976616368072265 0.09164497924721467 0.13065443380210837
121 0.4763686026044705 0.7464094960084863 0.08906211318613835 0.11809076680591382
120 0.6036007823010288 0.7302513023205461 0.08574579454968649 0.11561968281352505
275 0.6159568742753397 0.8528120518262545 0.08073943015560019 0.1115224318249421