53 0.50546875 0.13401434068844462 0.06328125 0.1290552467607975
9 0.50625 0.27380802591361997 0.06015625 0.12026123766149883
35 0.63515625 0.29679733806755093 0.0703125 0.12950582973421945
152 0.5046875 0.40593940546326923 0.0578125 0.11854854333702498
186 0.63046875 0.4338164767164989 0.06484375 0.11899912631044689
260 0.50625 0.52693302591362 0.06015625 0.11869873766149883
260 0.6234375 0.5577045596899209 0.0625 0.11650518198597268
260 0.50390625 0.6356769702380939 0.0578125 0.10604854333702499
260 0.61875 0.6736299483388688 0.06015625 0.11401123766149901
35 0.45390625 0.8396623658268723 0.046875 0.09909763648947986
264 0.6625 0.920826320948688 0.0609375 0.07265505243632334
260 0.5546875 0.8917977598744911 0.05625 0.08251091378737563