53 0.5112797842982362 0.18405760770403184 0.06764634618646852 0.12720982994439964
9 0.5169444856568477 0.3239286395551973 0.06422124582364859 0.11850695253973793
35 0.6469420097034648 0.3596801449974929 0.07467759618646852 0.12745536660488854
152 0.5199926185038051 0.45590532585286636 0.06182293212131782 0.1168626069862416
186 0.6470288336574148 0.4962352038905003 0.06885418212131782 0.11710814364673042
260 0.5257838054344465 0.5770536395551973 0.06416668212131782 0.1169444525397381
260 0.6443081161415524 0.6194271672300115 0.06642858656782166 0.11468254809323426
260 0.5272322327464408 0.685565544001701 0.06138642250267097 0.1043626069862416
260 0.6436583301140357 0.7348884761230189 0.06400299101432534 0.11225695253973793
35 0.48424366849595585 0.8846007555271136 0.05023066769334754 0.09773066106992587
264 0.6961385224869726 0.9754886337964155 0.06333830290255768 0.049022732407168944
260 0.587071057333363 0.9467138643274537 0.05900546696770821 0.08087054328391083