111 0.58515625 0.353125 0.046875 0.0609375
110 0.5828125 0.41484375 0.04296875 0.05703125
99 0.58046875 0.47265625 0.04296875 0.05703125
85 0.58046875 0.53203125 0.04140625 0.05859375
72 0.5796875 0.58984375 0.040625 0.0515625
53 0.57734375 0.64453125 0.04453125 0.0609375
35 0.57734375 0.70234375 0.04140625 0.05390625
9 0.57578125 0.759375 0.04296875 0.05859375
152 0.57265625 0.81796875 0.03984375 0.05546875
275 0.5734375 0.871875 0.04453125 0.059375
264 0.7640625 0.84765625 0.03828125 0.05703125
276 0.65 0.75390625 0.04140625 0.0609375
266 0.62578125 0.35859375 0.03671875 0.05
266 0.62421875 0.42109375 0.0375 0.05
266 0.62265625 0.478125 0.03515625 0.053125
266 0.62109375 0.534375 0.03515625 0.05
266 0.62109375 0.59296875 0.034375 0.053125
266 0.61875 0.64921875 0.03515625 0.0484375
266 0.6171875 0.7046875 0.03828125 0.0515625
266 0.6140625 0.759375 0.03203125 0.0515625
266 0.61328125 0.81640625 0.03671875 0.05546875
266 0.61328125 0.87109375 0.03515625 0.05
266 0.73046875 0.859375 0.0375 0.05546875
288 0.79453125 0.0484375 0.04765625 0.0640625
259 0.59296875 0.03125 0.04765625 0.0625
309 0.63671875 0.03125 0.04453125 0.0625
272 0.6953125 0.03671875 0.040625 0.0625
309 0.66796875 0.965625 0.04453125 0.065625
272 0.75703125 0.040625 0.040625 0.0625
272 0.6890625 0.24140625 0.03828125 0.05859375