111 0.5625269717792534 0.3053591137658665 0.05078005243632351 0.06476387272903601
110 0.5562281045681052 0.3672691824023183 0.0466234785622003 0.060538758334949705
99 0.5501795612310805 0.4252730010387701 0.0466234785622003 0.060538758334949705
85 0.5463746383444061 0.4846480010387701 0.04516110811184966 0.06197371257731525
72 0.5418885950073813 0.5425242739175873 0.04392927513842757 0.05487868969849785
53 0.536040310769655 0.5974030925540392 0.048436302436323506 0.06457255409258415
35 0.5323355174326301 0.6552155925540392 0.0448607194629016 0.057286212577315254
9 0.5271182888704299 0.7123743883116738 0.046723608111849654 0.062101258334949706
152 0.5202384307585805 0.7712232298269428 0.04339834901255095 0.05872116681968063
275 0.5175652112956788 0.8250657069481256 0.048336172886674154 0.0630100540925845
264 0.7097422193152433 0.7852863745167122 0.041935978562200306 0.060156121062046174
276 0.6016874922942026 0.7008472148240333 0.04531130243632351 0.06431746257731526
266 0.6028015183554809 0.3075116740673686 0.03992289558877822 0.05299732530441155
266 0.597233836369508 0.37013921982500314 0.04070414558877822 0.053061098183228864
266 0.5920166078073077 0.42729801558263764 0.03856065468807692 0.0559947795467771
266 0.5868494440199322 0.48367556134027223 0.03836039558877822 0.052869779546777095
266 0.5830945859080827 0.5422693113402722 0.037779404688076924 0.05593100666795969
266 0.5771461721207072 0.598710629976724 0.03826026603912887 0.05130727954677709
266 0.5720290731081562 0.6543069257343586 0.04158552513842757 0.054687371062046
266 0.5653995388704299 0.7092495172496276 0.03533552513842757 0.05417718803150784
266 0.5609635603082298 0.7663445401284449 0.04027334901255095 0.058466075304411544
266 0.5574590260705035 0.8210320401284449 0.03836039558877822 0.052869779546777095
266 0.6753974976928734 0.7997473583058546 0.04105459901255095 0.05852984818322895
288 0.791427233960871 0.008778402523382722 0.05176156153562221 0.017556805046765444
259 0.5909661590070135 0.00802072889081025 0.05166143198597286 0.0160414577816205
309 0.6347161590070136 0.0061713154051094895 0.048536431985972864 0.012342630810218979
272 0.6929594555832409 0.006434491350940369 0.044630181985972864 0.012868982701880739
309 0.6060886883167196 0.9110991886112363 0.048736691085271386 0.06926005409258451
272 0.7544278817091177 0.005868587637658296 0.044630181985972864 0.011737175275316591
272 0.6735924845791799 0.18515857088316992 0.04203610811184966 0.061718621062046085