111 0.5789924301972231 0.3599339094127691 0.047938668019063255 0.06148294000636341
110 0.5755713754086847 0.42162538741245087 0.04396423417168745 0.05753123667249973
99 0.5722185044675221 0.47941061541213276 0.04396423417168745 0.05753123667249973
85 0.5711821099874093 0.5387856154121327 0.042429007710637734 0.059075555338954186
72 0.5693917390462466 0.59658902474536 0.041525026785361165 0.0520352146721816
53 0.5660934151829847 0.651249252745042 0.045594918019063256 0.06145566800604527
35 0.5650842942418222 0.7090617527450419 0.04234718709378669 0.05438805533895419
9 0.5625263100701348 0.7660748214114964 0.043991507710637735 0.05909373667249973
152 0.5583785523594971 0.8246322087444055 0.040811960632737156 0.055932374005409
275 0.5582188652657103 0.8785475494111783 0.04556764448011297 0.05989316800604527
264 0.7492666051194405 0.8565469221037226 0.03927673417168744 0.0574766926718631
276 0.636840517456461 0.761469684754905 0.04246991801906326 0.06141930533895419
266 0.6195219728108969 0.36587537408495063 0.037591503246410876 0.050427261338317916
266 0.6168685312528834 0.42835719275140516 0.03837275324641087 0.05043635200509069
266 0.614310547081196 0.48537026141785977 0.03608355032431163 0.053534080004772375
266 0.6117661996789837 0.5416020800843142 0.036029003246410875 0.05040908000477238
266 0.610743441968346 0.6001958300843143 0.03530230032431163 0.05352498933799978
266 0.6074178445661337 0.6564185580839961 0.036001729707460586 0.04884658000477256
266 0.6048871339333968 0.7118691267504508 0.039181276785361166 0.05200794267186346
266 0.6008075600701348 0.7665202640833598 0.03293127678536116 0.05193521733768165
266 0.5990308258984474 0.8235424234165871 0.03768696063273715 0.05589601133831792
266 0.5980762520351854 0.8782299234165871 0.036029003246410875 0.05040908000477238
266 0.7154683035773131 0.8678747734324954 0.03846821063273716 0.05590510200509087
288 0.7936857702925395 0.05768270810785867 0.048774465096964016 0.06461703067313607
259 0.5924232792209931 0.03814981608049629 0.04874719155801373 0.06305453067313606
309 0.6361732792209931 0.038658893419768754 0.045622191558013725 0.06301816800604518
272 0.694671571834667 0.04480944342772293 0.041715941558013725 0.06297271467218157
309 0.6511137029286899 0.9701629680438275 0.0456767386359143 0.05967406391234498
272 0.7563221379872912 0.049433856102768 0.041715941558013725 0.06297271467218156
272 0.6848487382321725 0.24942421809354115 0.03930400771063773 0.05903919267186346