9 0.2912137898167867 0.4427746071419447 0.11096074677854624 0.14084516517822934
9 0.4043814103282914 0.464942507502535 0.10392949677854624 0.1406815110179167
152 0.5199336874556545 0.48013370924989623 0.10245790036934235 0.15627014342673623
152 0.619851874223938 0.4965237350854519 0.10540563836728971 0.12587412860909736
275 0.321409308163551 0.6247519589655559 0.09913745764913058 0.12260365824437507
275 0.5439564738545956 0.6486843407087852 0.09362780103327228 0.1154451216752431
275 0.2887366669675908 0.8685558571419445 0.08650564744247609 0.09965646751493082
275 0.4894815555312723 0.8794790926086463 0.08337155708339647 0.0980212323325695
264 0.301922989078102 0.7508780478713891 0.09202439441741399 0.10837750408406244
264 0.4112752631804029 0.7573300292540281 0.0951175781606354 0.10298148926642377
264 0.515131516205465 0.7683422240675352 0.08419371369925485 0.10507066612815982
260 0.4315246515476927 0.6343471241437851 0.09363234621281205 0.1162263716752431