272 0.5749757665967395 0.041327572642150624 0.12582971680652086 0.06461369926865135
11 0.15397341451750268 0.21859781574558707 0.11553175684847723 0.08315914772652384
16 0.35571351327274725 0.21977235227018088 0.11012220643355874 0.08384494034019756
20 0.5662249607832364 0.21875314325900166 0.11492810560372177 0.0854892609570486
111 0.16867268671331961 0.35497169236879256 0.10388386182749913 0.07359323295387146
113 0.36013813629840113 0.35753145089020916 0.1095894101678252 0.07681369034019755
10 0.5546693862984011 0.36092700648952647 0.10988540809323269 0.08071994034019755
85 0.18041290227044068 0.47877738514462215 0.10190696473192853 0.06809720941492117
99 0.36244415227044074 0.4819547524323367 0.09974081348717308 0.07040004910649564
110 0.5482632531002777 0.4867628035674271 0.10388386182749905 0.07359323295387146
35 0.1899161116037845 0.590809780842551 0.10065211805127641 0.061833572645445936
53 0.3616727124336215 0.5953723701270884 0.08893336805127641 0.06162902110331832
72 0.5396793132634585 0.6000440535674272 0.09542016639160238 0.06486311525911966
186 0.36581391554318793 0.6955769216692159 0.09019987012586891 0.05775004464226861
240 0.20828391284389558 0.7820075251605081 0.08599762220046125 0.05377561079489297
119 0.368144164918488 0.788709312902918 0.08035127344521671 0.05133640340856651
119 0.5293301186527544 0.7985633741842781 0.08756012220046135 0.05380288433384326
275 0.21595285765509228 0.866627987011061 0.08245822510489073 0.04825231371699203
264 0.524380664293788 0.8845281477232285 0.08419832386013529 0.0506233372559425
275 0.22325494956185957 0.9457660620921391 0.08173617468997225 0.04901992694751698
259 0.36971555246628895 0.953798524753471 0.07513097717948317 0.04422333279171582
264 0.5197864074453109 0.9658054212621788 0.07675267676456468 0.045031856330665934
266 0.1377242203310059 0.0407358685055306 0.11511735975290667 0.07769039772652381