99 0.3955460994308071 0.11787885870399947 0.07596425649282175 0.10562396058274363
110 0.5206551935866085 0.11465692509095757 0.08377675649282175 0.10621595643355874
72 0.398109812092139 0.2647538587039994 0.07663641233702041 0.09943316016782511
85 0.5210115239426921 0.26952202384620205 0.08377675649282175 0.10621595643355874
35 0.3982206805976697 0.40555645745924396 0.07659550202859489 0.0970894101678251
53 0.5188604630650737 0.4151897213566912 0.08058357264544594 0.10207290809323269
260 0.4021832520252996 0.5429380582890809 0.07815800202859488 0.09720780933798814
9 0.5173542844927037 0.5529857192820987 0.08058357264544594 0.10207290809323269
119 0.5180827617645323 0.6843541184522618 0.07667732264544594 0.10177691016782511
260 0.40488510673111244 0.8321781570443255 0.0710994784896446 0.0951125130722545
260 0.5155050068932683 0.8503935155478324 0.0757869784896446 0.09546771058274359