99 0.3878124801297341 0.1270616304848674 0.07771082694917482 0.1038896398686632
110 0.5125942253204107 0.12676065807448728 0.08552332694917482 0.10429907564431198
72 0.3826834921106337 0.2739366304848674 0.07827382213985139 0.09768058344622813
85 0.504848668789656 0.2815709888071819 0.08552332694917482 0.10429907564431193
35 0.3754290089008567 0.41468446121756203 0.07819197658635506 0.09533683344622812
53 0.4950867444728864 0.42712915027257115 0.08226191769334754 0.10022905133405242
260 0.3721899030957413 0.5521025740624322 0.07975447658635507 0.09541872060135788
9 0.486378888667771 0.5648338681603955 0.08226191769334754 0.10022905133405242
119 0.48023303767197917 0.6961657553155253 0.07835566769334772 0.10002433344622812
260 0.359751868164533 0.8412879047951268 0.07266866288402421 0.09348772840327371
260 0.46898053522490846 0.8620773603584795 0.07735616288402411 0.09373338986866316