46 0.628125 0.1859375 0.06640625 0.03828125
44 0.49453125 0.184375 0.06640625 0.03984375
43 0.3609375 0.1828125 0.06640625 0.03828125
42 0.625 0.2578125 0.06875 0.03828125
41 0.49453125 0.25703125 0.06640625 0.04140625
39 0.3640625 0.25703125 0.071875 0.04140625
38 0.62421875 0.33203125 0.06640625 0.040625
37 0.4953125 0.33046875 0.0609375 0.03984375
36 0.36171875 0.33046875 0.06875 0.0375
28 0.625 0.403125 0.0609375 0.0375
26 0.49375 0.40234375 0.06484375 0.03515625
25 0.36484375 0.40234375 0.06640625 0.03984375
24 0.6234375 0.47421875 0.06484375 0.03828125
23 0.49453125 0.47421875 0.06640625 0.03828125
22 0.36328125 0.47421875 0.06328125 0.040625
20 0.62421875 0.54453125 0.06640625 0.03671875
16 0.49375 0.54453125 0.06484375 0.04140625
11 0.36328125 0.5453125 0.06328125 0.03671875
10 0.62421875 0.61640625 0.06640625 0.0375
113 0.49375 0.615625 0.06484375 0.03984375
111 0.36328125 0.6171875 0.06640625 0.03828125
110 0.625 0.68828125 0.06875 0.04296875
99 0.49375 0.68984375 0.06484375 0.04375
85 0.3640625 0.69140625 0.06484375 0.040625
72 0.62578125 0.76015625 0.06328125 0.040625
53 0.49453125 0.76015625 0.0703125 0.040625
35 0.36328125 0.76171875 0.06328125 0.03828125
9 0.36171875 0.83515625 0.071875 0.04453125
275 0.49453125 0.83359375 0.07421875 0.04609375
264 0.62578125 0.83203125 0.078125 0.046875
259 0.49375 0.9078125 0.07578125 0.04453125