46 0.622714771311901 0.16034336752985462 0.06752012061225568 0.0409870973382616
44 0.4891664854185237 0.16422439570447508 0.06756558471887822 0.04254959733826165
43 0.3556181995251463 0.16810542387909558 0.06752012061225568 0.04098709733826165
42 0.6174984224072576 0.23234570152224343 0.06986387061225567 0.04108259783255317
41 0.48705240446056897 0.23688064570447506 0.0676110488255011 0.04411209733826169
39 0.35658365446056894 0.2421968398867068 0.07307979882550111 0.04433493182494201
38 0.6145576273426803 0.30659628502034064 0.06758831677218957 0.04333084733826169
37 0.4856968414493029 0.31028631220637787 0.06209683471887839 0.04232676285158128
36 0.35210309144930296 0.3157298403809984 0.06984113855894432 0.04030134783255317
28 0.6132702604913483 0.37765820152224344 0.06202863855894432 0.039983012851581276
26 0.48204299254465965 0.38222497920257226 0.06586669239901041 0.03779843034206731
25 0.3531367425446596 0.3874775063886096 0.06756558471887839 0.04254959733826169
24 0.6096391436400163 0.4488156185184378 0.06595762061225567 0.040923430342067135
23 0.48073289364001626 0.4540681457044752 0.06752012061225568 0.04098709733826169
22 0.3494828936400163 0.459416173384804 0.06446331677218975 0.04320351334587293
20 0.6083745088419956 0.5190962850203406 0.06747465650563296 0.03942459733826169
16 0.4779057588419956 0.5244124792025723 0.06604854882550111 0.04404843034206714
11 0.34741427678868425 0.530509923384804 0.06434965650563296 0.03929726334587293
10 0.6062831599373523 0.5909712850203406 0.0674973885589445 0.04020584733826169
113 0.4758371419906636 0.5955062292025722 0.06600308471887821 0.04248593034206714
111 0.34532292788404095 0.602384923384804 0.06752012061225568 0.04098709733826169
110 0.6049730610327091 0.6628144515222434 0.07000026293212365 0.04577009783255335
99 0.47367759692608635 0.6697249792025722 0.066116744985435 0.04639218034206714
85 0.34394463281946364 0.6765718398867068 0.06602581677218974 0.043267180342067314
72 0.6036629621280657 0.7346576180241462 0.06446331677218957 0.04320351334587293
53 0.47241296212806566 0.7400056457044751 0.07149456677218957 0.04349001482874755
35 0.341117498021443 0.746916173384804 0.06439512061225568 0.040859763345872935
9 0.33741818501017695 0.8204173403809983 0.07317072703874636 0.047459931824942105
275 0.4702761491167996 0.8134431457044752 0.07555994114536908 0.04911793231923341
264 0.6015716132234223 0.8065326180241461 0.07948892319868044 0.05005834980971961
259 0.4673353540522223 0.8876937292025723 0.07707697703874636 0.04761909931542796