309 0.24939232622365465 0.08978259936686175 0.06595819994353028 0.061193564264907255
309 0.3623095551769673 0.08023645163671736 0.06811993942018653 0.05813676042484126
309 0.4736642841302798 0.07073576801319566 0.06986444994353036 0.06130722453146396
309 0.5886522472985769 0.05643392412311726 0.08489021046687402 0.06486413354437943
25 0.5859268786286116 0.31867551134927813 0.0871429552052021 0.0633698297043134
24 0.31620591282947863 0.3366970517950019 0.08723396046687401 0.0649323297043134
23 0.5964086232963526 0.3911499049227874 0.08741597099021767 0.06805732970431348
22 0.3253526706513992 0.41312315947513395 0.08489021046687402 0.0648641335443795
16 0.607299891641617 0.47065554849629665 0.08254646046687383 0.06479593738444542
11 0.3352806784733199 0.48952653510195454 0.08723396046687401 0.0649323297043134
10 0.6178271389401939 0.5439111920698059 0.08705194994353035 0.061807329704313574
113 0.34346417577189675 0.5628503748353978 0.08723396046687393 0.0649323297043134
111 0.6238488967621144 0.6204282279631832 0.08470819994353036 0.0617391335443795
110 0.3555539230704737 0.6360605543022844 0.08489021046687392 0.0648641335443795
99 0.6319413887990194 0.6921895676966265 0.08470819994353036 0.0617391335443795
85 0.36759816773821463 0.708489483769171 0.0887054552052021 0.06341529381093611
72 0.6392071282050886 0.7631923894833812 0.08696094468185844 0.0602448297043134
53 0.37490940977511966 0.7802735555559257 0.09086719468185844 0.06035848997087019
35 0.6464273649803218 0.8334139612701359 0.08498121572854593 0.0664266335443795
152 0.3897601360270092 0.8471428068095669 0.08227344468185845 0.06010843738444542