309 0.24375 0.096875 0.0625 0.059375
309 0.35703125 0.090625 0.06484375 0.05625
309 0.46875 0.084375 0.06640625 0.059375
309 0.584375 0.0734375 0.08125 0.0625
25 0.56640625 0.33515625 0.08359375 0.0609375
24 0.29609375 0.3453125 0.08359375 0.0625
23 0.57265625 0.4078125 0.08359375 0.065625
22 0.30078125 0.421875 0.08125 0.0625
16 0.57890625 0.4875 0.07890625 0.0625
11 0.30625 0.4984375 0.08359375 0.0625
10 0.58515625 0.5609375 0.08359375 0.059375
113 0.31015625 0.571875 0.08359375 0.0625
111 0.58671875 0.6375 0.08125 0.059375
110 0.31796875 0.6453125 0.08125 0.0625
99 0.590625 0.709375 0.08125 0.059375
85 0.32578125 0.71796875 0.08515625 0.0609375
72 0.59375 0.78046875 0.08359375 0.0578125
53 0.32890625 0.78984375 0.0875 0.0578125
35 0.596875 0.85078125 0.08125 0.0640625
152 0.33984375 0.85703125 0.07890625 0.0578125