123 0.41125236997863157 0.7802686581522693 0.055788697730414505 0.05862243576819441
122 0.4107365040067152 0.7281299597074082 0.055788697730414505 0.05862243576819441
121 0.41035704729062605 0.6720850112625472 0.055788697730414505 0.05862243576819424
120 0.40841509057453684 0.6161767638544452 0.055788697730414505 0.05862243576819424
9 0.4040475383049514 0.5628173180014823 0.055788697730414505 0.05862243576819424
35 0.40374992714235847 0.5044286195566212 0.055788697730414505 0.05862243576819424
53 0.4024800930216076 0.45157702163013963 0.05821429328391083 0.061171237323333114
72 0.4006745455613455 0.39176252422203783 0.05821429328391083 0.061171237323333294
85 0.39973209365457973 0.32953592629555634 0.06055804328391083 0.06137628887847209
99 0.3994890461943177 0.2695847278506952 0.06055804328391083 0.06137628887847209
110 0.39784718984104817 0.20508273044259337 0.06055804328391083 0.06137628887847209
111 0.3969320197854479 0.1420748825161119 0.06220238883740707 0.06385673991523136
113 0.39537200898567465 0.07522913510801002 0.06220238883740716 0.06385673991523137
38 0.4721527637949981 0.06228078430680647 0.06220238883740716 0.06385673991523137
37 0.4722321201482675 0.1269194827516676 0.06220238883740699 0.0638567399152314
36 0.47381941279920614 0.19298398015976942 0.06220238883740699 0.0638567399152314
28 0.47403517840830284 0.25371642860463056 0.06220238883740716 0.0638567399152313
26 0.47581344401739945 0.3143121760127324 0.06212054328391083 0.06151298991523131
25 0.4737673051799923 0.3729059260127324 0.06212054328391083 0.06151298991523131
24 0.4732836663425852 0.4313629749759732 0.05573413402808356 0.057059935768194237
23 0.4751710593563436 0.488833722384075 0.055870543283910834 0.060966185768194237
18 0.47555051607243276 0.5448786708289362 0.055870543283910834 0.060966185768194237
17 0.47673850463968737 0.6000740187554177 0.05408978847458741 0.054579484731435104
16 0.4787623069092729 0.6536385161635195 0.05408978847458741 0.054579484731435104
11 0.4791963273276929 0.7081209646083806 0.05408978847458741 0.054579484731435104
10 0.47895822515077474 0.7595467635716213 0.05408978847458741 0.054579484731435104
39 0.5481992984717523 0.7394694179542141 0.05408978847458741 0.054579484731435104
41 0.5461209324998361 0.6874674205461122 0.05408978847458741 0.054579484731435104
42 0.5480033802302506 0.6335611705461123 0.05408978847458741 0.054579484731435104
43 0.5475693598118305 0.5790787221012511 0.05408978847458741 0.054579484731435104
44 0.5478893075422451 0.5253091731380104 0.05408978847458741 0.054579484731435104
46 0.5482638189749904 0.46997712417476956 0.055870543283910834 0.060966185768194237
47 0.5462672985565704 0.4156313767666678 0.055788697730414505 0.05862243576819424
54 0.5476413147986392 0.3539809772850474 0.05807788402808374 0.057264987323333204
55 0.5473437036360463 0.29559227884018624 0.05807788402808356 0.057264987323333204
56 0.5469915287711226 0.23876608039532515 0.058132447730414684 0.058827487323333205
57 0.5476115768643568 0.1764027814320844 0.058132447730414503 0.058827487323333205
59 0.5498759705110873 0.11155903143208441 0.058132447730414503 0.058827487323333205
60 0.5490699278601486 0.045426183505602916 0.05595238883740698 0.06330993576819435