259 0.5375 0.56875 0.034375 0.0328125
275 0.53671875 0.6234375 0.0328125 0.0328125
264 0.57109375 0.6234375 0.03203125 0.03359375
264 0.8375 0.61875 0.0328125 0.03359375
275 0.871875 0.61796875 0.034375 0.0328125
342 0.8546875 0.18828125 0.03359375 0.0296875
342 0.8875 0.18828125 0.03125 0.0296875
342 0.8859375 0.21796875 0.03359375 0.0296875
342 0.85390625 0.2171875 0.03203125 0.03125
342 0.853125 0.24921875 0.03203125 0.0328125
342 0.85078125 0.27890625 0.0328125 0.02890625
342 0.85 0.3078125 0.03203125 0.0296875
342 0.8484375 0.3359375 0.03203125 0.02890625
342 0.84765625 0.36484375 0.0328125 0.02890625
342 0.846875 0.3921875 0.0328125 0.02890625
342 0.8453125 0.4203125 0.0328125 0.02890625
342 0.878125 0.421875 0.0328125 0.03125
342 0.87890625 0.39375 0.03359375 0.0296875
342 0.88125 0.36640625 0.0328125 0.0296875
342 0.88125 0.33671875 0.03359375 0.0296875
342 0.8828125 0.30625 0.0328125 0.0296875
342 0.884375 0.27890625 0.03359375 0.03125
342 0.88515625 0.2484375 0.0328125 0.0296875
342 0.8453125 0.45 0.0328125 0.02734375
342 0.84296875 0.47734375 0.03359375 0.02734375
342 0.8421875 0.50546875 0.0328125 0.02890625
26 0.84140625 0.53515625 0.03203125 0.02890625
342 0.87265625 0.53359375 0.03203125 0.02890625
9 0.87421875 0.50703125 0.03203125 0.0296875
342 0.875 0.4796875 0.0328125 0.0296875
342 0.8765625 0.45078125 0.0328125 0.03125
44 0.5390625 0.19296875 0.034375 0.03125
42 0.5390625 0.221875 0.034375 0.0328125
39 0.5390625 0.253125 0.034375 0.0328125
37 0.53984375 0.28203125 0.03515625 0.0296875
28 0.5390625 0.31171875 0.03515625 0.0328125
25 0.5390625 0.34296875 0.03515625 0.0328125
23 0.5390625 0.371875 0.03515625 0.0328125
16 0.5390625 0.4015625 0.03515625 0.0328125
10 0.5390625 0.43046875 0.03515625 0.0328125
110 0.5390625 0.459375 0.0359375 0.0296875
72 0.5390625 0.4859375 0.0359375 0.0296875
9 0.5390625 0.5125 0.0359375 0.0296875
122 0.5390625 0.540625 0.0359375 0.0296875
46 0.5734375 0.19140625 0.03359375 0.03125
43 0.5734375 0.221875 0.03359375 0.0328125
41 0.57265625 0.25234375 0.0328125 0.03125
38 0.57265625 0.28203125 0.0328125 0.0296875
36 0.57265625 0.31171875 0.0328125 0.0296875
26 0.57265625 0.3421875 0.0328125 0.0296875
24 0.57265625 0.371875 0.03203125 0.0296875
22 0.57265625 0.4 0.03203125 0.0296875
11 0.57265625 0.42890625 0.03203125 0.0296875
113 0.57265625 0.4578125 0.03203125 0.0296875
85 0.571875 0.4859375 0.03125 0.0296875
53 0.571875 0.5140625 0.03046875 0.0296875
120 0.57265625 0.540625 0.03046875 0.0296875
272 0.575 0.01953125 0.02890625 0.0390625
259 0.8703125 0.56171875 0.03359375 0.0328125