259 0.5110100430134679 0.531164338580363 0.03590326674922295 0.0352162341605581
275 0.5076816817647629 0.585906468902194 0.03434076674922295 0.03510697351689647
264 0.5420566817647628 0.5835027347416359 0.033595904052775794 0.03583359319506556
264 0.8086812555860805 0.56018629499731 0.03437715405277579 0.03588822351689629
275 0.8430926428896335 0.5570013108367519 0.03590326674922295 0.0352162341605581
342 0.8459181598437443 0.12851567791703095 0.03497646753501158 0.032036603838727286
342 0.8787306598437443 0.1262212044001345 0.03263271753501158 0.031872712873234746
342 0.8757854423087329 0.15601796504379623 0.03497646753501123 0.032036603838727286
342 0.8437905796122859 0.1574765582388618 0.03348674214211726 0.03348984319506556
342 0.8415174501666158 0.18956243856069266 0.03355951674922295 0.03505234319506556
342 0.8377909826316043 0.2194138295261853 0.03415883023145838 0.031200723516896466
342 0.8356634024001461 0.24837470984801616 0.03341396753501158 0.03192734319506556
342 0.8327909594722407 0.2766089704916779 0.033377580231458384 0.03114609319506556
342 0.8306633792407823 0.30556985081350874 0.03415883023145838 0.031200723516896466
342 0.8286085736164297 0.33296823113533963 0.03415883023145838 0.031200723516896466
342 0.8257361306885244 0.3612024917790014 0.03415883023145838 0.031200723516896466
342 0.8584758560814185 0.3604705182621049 0.034267992142117266 0.03354447351689647
342 0.8605670490093239 0.33229088794027406 0.03497646753501123 0.032036603838727286
342 0.8641843546336764 0.30478324697478143 0.03419521753501122 0.03198197351689647
342 0.8655670721686878 0.27509574697478145 0.03497646753501158 0.032036603838727286
342 0.8685486770072519 0.24451773633111973 0.03419521753501158 0.03198197351689647
342 0.8713847326316045 0.21706472568745797 0.035049242142117264 0.03359910383872729
342 0.8735850874701686 0.1865413453656271 0.03419521753501122 0.03198197351689647
342 0.8243534131535132 0.39088999177900136 0.0340860556243527 0.02963822351689647
342 0.8207361075291605 0.418397632744494 0.034867305624352696 0.029692853838727374
342 0.8186449146012551 0.44657726306632484 0.03415883023145838 0.031200723516896466
26 0.8164809470662439 0.4763193933881557 0.033377580231458384 0.03114609319506556
342 0.8478037216733497 0.472571680514921 0.033377580231458384 0.03114609319506556
9 0.8506033899941492 0.44589991987125926 0.033413967535011226 0.03192734319506556
342 0.8526581956185018 0.4185015395494284 0.03419521753501122 0.03198197351689629
342 0.8555670258499601 0.3894860289057666 0.034267992142117266 0.03354447351689647
44 0.5300748360224266 0.15527382793670141 0.03583049214211709 0.03365373416055819
42 0.5287285057909683 0.1841800779367014 0.03590326674922295 0.03521623416055819
39 0.527273013648851 0.2154300779367014 0.03590326674922295 0.03521623416055819
37 0.5267079334173927 0.24428169761487056 0.03653896753501122 0.03214586448238901
28 0.5245439658823814 0.27402382793670144 0.03668451674922295 0.03527086448238901
25 0.5230884737402643 0.30527382793670144 0.03668451674922295 0.03527086448238901
23 0.521742143508806 0.3341800779367014 0.03668451674922295 0.03527086448238901
16 0.5203594259737947 0.36386757793670144 0.03668451674922295 0.03527086448238901
10 0.5190130957423362 0.39277382793670146 0.03668451674922295 0.03527086448238901
110 0.517666765510878 0.4216800779367015 0.037320217535011226 0.032200494804219916
72 0.5164295971900783 0.44824257793670147 0.037320217535011226 0.032200494804219916
9 0.5151924288692789 0.47480507793670146 0.037320217535011226 0.032200494804219916
122 0.5138824859413733 0.5029300779367014 0.037320217535011226 0.032200494804219916
46 0.5645226106295325 0.15130759377614328 0.03504924214211709 0.03359910383872729
43 0.5631035057909684 0.18177634377614327 0.03512201674922295 0.03516160383872728
41 0.5609031509524041 0.2122997240979741 0.034267992142117266 0.03354447351689647
38 0.5595204334173928 0.24198722409797407 0.03419521753501122 0.03198197351689647
36 0.5581377158823815 0.2716747240979741 0.03419521753501122 0.03198197351689647
26 0.5567186110438171 0.3021434740979741 0.03419521753501122 0.03198197351689647
24 0.555335893508806 0.33183097409797413 0.033413967535011226 0.03192734319506556
22 0.5540259505809005 0.35995597409797414 0.033413967535011226 0.03192734319506556
11 0.5526796203494422 0.3888622240979741 0.033413967535011226 0.03192734319506556
113 0.5513332901179838 0.4177684740979741 0.033413967535011226 0.03192734319506556
85 0.5492420971900783 0.445948104419805 0.03263271753501122 0.031872712873234656
53 0.5479321542621729 0.474073104419805 0.031851467535011224 0.03181808255140375
120 0.5474762359413733 0.5005809740979741 0.031851467535011224 0.03181808255140375
259 0.8441500287454442 0.5008605714804135 0.03512201674922295 0.03516160383872737