272 0.509375 0.1296875 0.02578125 0.02578125
9 0.56796875 0.6328125 0.021875 0.0234375
35 0.47890625 0.64921875 0.02578125 0.02890625
53 0.56953125 0.67734375 0.02109375 0.02578125
72 0.52578125 0.6859375 0.02421875 0.02890625
85 0.48046875 0.6953125 0.02578125 0.02890625
99 0.57109375 0.71953125 0.02265625 0.02578125
110 0.52734375 0.73046875 0.0234375 0.03046875
111 0.48125 0.73984375 0.02578125 0.02890625
113 0.571875 0.7640625 0.02109375 0.0265625
10 0.52890625 0.775 0.02421875 0.0296875
11 0.48203125 0.7859375 0.025 0.0296875
16 0.57265625 0.80625 0.01953125 0.02578125
20 0.53046875 0.81875 0.02265625 0.02734375
22 0.484375 0.83203125 0.02578125 0.03046875
259 0.5765625 0.84921875 0.0234375 0.025
252 0.53046875 0.8625 0.02265625 0.0265625
177 0.4875 0.87734375 0.021875 0.03125
264 0.575 0.89296875 0.02109375 0.028125
275 0.4875 0.921875 0.025 0.02890625
276 0.46328125 0.88359375 0.0265625 0.03046875