272 0.509375 0.10001978469497722 0.02578125 0.027282836817585476
9 0.56796875 0.5997320873822829 0.021875 0.02471157366340595
35 0.47890625 0.6213256372975783 0.02578125 0.030407836817585476
53 0.56953125 0.644172332120611 0.02109375 0.0270098210325699
72 0.52578125 0.6553142294474228 0.02421875 0.030316831555913738
85 0.48046875 0.6673283820359064 0.02578125 0.030407836817585476
99 0.57109375 0.6862688268589392 0.02265625 0.02710082629424182
110 0.52734375 0.6997544741857509 0.0234375 0.03183382892507769
111 0.48125 0.7118141294050705 0.02578125 0.030407836817585476
113 0.571875 0.7307545742281032 0.02109375 0.027791071032569902
10 0.52890625 0.7441947189240791 0.02421875 0.03109808155591374
11 0.48203125 0.7578623767742345 0.025 0.031143584186749607
16 0.57265625 0.7728965715972673 0.01953125 0.026918815770898163
20 0.53046875 0.7878537136624073 0.02265625 0.02866332629424182
22 0.484375 0.8038196188817268 0.02578125 0.031970336817585474
259 0.5765625 0.8156378084430876 0.0234375 0.02636507892507751
252 0.53046875 0.8316037136624072 0.02265625 0.027882076294241644
177 0.4875 0.8489501083583832 0.021875 0.032524073663405775
264 0.575 0.8594788137047595 0.02109375 0.029353571032569904
275 0.4875 0.893481358358383 0.025 0.030362334186749607
276 0.46328125 0.8566106899142968 0.0265625 0.032015839448421346