266 0.46484375 0.68125 0.05234375 0.08984375
266 0.4625 0.78359375 0.05 0.08359375
266 0.46171875 0.88125 0.04921875 0.08046875
266 0.528125 0.88125 0.046875 0.078125
266 0.459375 0.9671875 0.046875 0.0640625
266 0.52421875 0.9671875 0.04765625 0.0640625
39 0.47578125 0.09296875 0.05625 0.1109375
41 0.5578125 0.1 0.05234375 0.1078125
38 0.55234375 0.23046875 0.0515625 0.09921875
37 0.475 0.225 0.0546875 0.10390625
28 0.47109375 0.34921875 0.053125 0.09921875
36 0.54765625 0.35078125 0.05390625 0.09765625
26 0.54140625 0.46796875 0.0515625 0.08984375
25 0.4703125 0.4671875 0.0515625 0.0921875
23 0.4671875 0.57734375 0.05078125 0.0921875
24 0.53828125 0.5796875 0.05 0.09140625
22 0.534375 0.68203125 0.05 0.0859375
11 0.53125 0.7859375 0.04921875 0.084375