289 0.4822089942090317 0.188878285614156 0.023077935070022447 0.060795388367602544
275 0.5400836143490769 0.30396805405148786 0.03305224855225788 0.057599332551403745
258 0.48926597704552394 0.3067377749704943 0.03219822394515219 0.05598220222957302
316 0.5900108397419711 0.2989092134543124 0.03138058664159917 0.055146321907742116
85 0.5464856257216164 0.40776504340782616 0.028110037427387446 0.051802800620418664
332 0.5499231488809803 0.46474166308599524 0.031943512820281586 0.05051345222957302
53 0.5542146966474498 0.5232261524423335 0.03130781203449331 0.053583821907742114
332 0.5585426317174724 0.5824918917986718 0.034505586641599174 0.05536484319506556
9 0.5620529294839421 0.6410310114768409 0.03283392473094047 0.05291183255140375
342 0.8012030508668417 0.2896277765599781 0.031380586641599 0.055146321907742116
289 0.8717274125298313 0.18828951566421487 0.023077935070022447 0.060795388367602544
342 0.8435361000810534 0.2898027391811113 0.031380586641599 0.055146321907742116
342 0.8835253992952652 0.29014159276773704 0.031380586641599 0.055146321907742116
342 0.8502463265074048 0.3833888482156187 0.031380586641599 0.055146321907742116
342 0.855028025845451 0.4355687072501261 0.031380586641599 0.055146321907742116
342 0.8591740243977088 0.49092819660646436 0.031380586641599 0.055146321907742116
342 0.863955723735755 0.5431080556409718 0.03141697394515219 0.05592757190774193
342 0.8688101976809073 0.5968504146754792 0.03141697394515219 0.05592757190774211