289 0.4783309031404207 0.24935858902489844 0.02204013605166182 0.060558068401734035
275 0.5341299252437445 0.3711572652909053 0.03208272578510503 0.05724335260260105
258 0.4833259431904332 0.3674183442865703 0.031256011678482486 0.05563534997176518
316 0.5840844611371219 0.37250693366440457 0.03045202962517113 0.05480859734092913
85 0.5387157883341528 0.47515452055257723 0.027236101411925874 0.051501586817585474
332 0.5411564782258806 0.5322312731834131 0.031096887305303154 0.05016659997176518
53 0.5444238822242312 0.5909160284450851 0.030406565518548413 0.05324609734092931
332 0.547714018275893 0.6503820337067567 0.033577029625171305 0.05499060786427279
9 0.5502001722742437 0.7090212863375928 0.03194633346523723 0.05255585260260105
342 0.7951810855103012 0.3902613939901042 0.03045202962517113 0.05480859734092922
289 0.8673850429530063 0.29853589655035295 0.02204013605166182 0.060558068401734035
342 0.8374595137235467 0.3958435360552441 0.03045202962517095 0.05480859734092913
342 0.8773941919367918 0.4012891702278763 0.03045202962517095 0.05480859734092931
342 0.8425311101209075 0.4897300439477519 0.03045202962517095 0.05480859734092931
342 0.8463979076927671 0.5422103018402596 0.03045202962517095 0.05480859734092931
342 0.8495743834778725 0.5977700571019314 0.03045202962517095 0.05480859734092931
342 0.8534411810497321 0.6502503149944392 0.030474761678482308 0.05558984734092931
342 0.8573534427282148 0.704293072886947 0.030474761678482308 0.05558984734092931