263 0.4125503740300074 0.19296875 0.10087143330781671 0.07890625
266 0.46128623475132285 0.71796875 0.082569760874415 0.0515625
266 0.6151924847513228 0.71796875 0.08579026136870649 0.05390625
9 0.45526438642447803 0.646875 0.08679434585538673 0.059375
35 0.6154206364244781 0.646875 0.08985567885919252 0.0578125
53 0.44670778710905007 0.57109375 0.08688984634967838 0.06171875
72 0.6115515371090501 0.57109375 0.09392109634967838 0.06171875
85 0.43933168581645576 0.4859375 0.09655134783255317 0.06875
99 0.6142998523183586 0.48515625 0.09811384783255335 0.06875
110 0.43023391703337543 0.396875 0.09899059832684483 0.07109375
111 0.611420250037181 0.3953125 0.1021474318249421 0.071875
113 0.4207223127750316 0.29765625 0.104809516805914 0.0796875
275 0.4726295944468742 0.84296875 0.102101010874415 0.0515625
264 0.6172245114430686 0.84453125 0.08413226087441501 0.0515625