275 0.32591454077492826 0.9045977245643246 0.11755722453146396 0.07179157092583352
264 0.46927809586863545 0.8980117384180634 0.11280152837152997 0.06922949710451576
259 0.6103433650689654 0.8928790903611435 0.10655152837152997 0.0689383986760923
9 0.32711567643087874 0.8118109110820892 0.12159986685133202 0.07666100744359809
35 0.4773058930447839 0.7985211606678044 0.11755722453146386 0.07179157092583352
53 0.6206694481384911 0.7919351745215433 0.11213393863808677 0.07309935980096291
72 0.32498722360702714 0.7118472983856422 0.12327602711788872 0.08064003205070396
85 0.4824814748606684 0.7082600337033338 0.12086408095795456 0.07818712014004525
99 0.6320950299543755 0.7019651459854961 0.11541806301126592 0.07871365901517464
110 0.32288150283648687 0.6126649356891951 0.1265374194377568 0.08547308126491568
111 0.48584450409012814 0.6093323821317572 0.12180445533113407 0.0836922574435981
113 0.6410177373970807 0.6064172055387901 0.12180445533113407 0.0836922574435981
10 0.3205711935861445 0.5064513229927481 0.13232441818411544 0.09666529238978612
11 0.4890938730530312 0.5064984805601807 0.12665107970431358 0.08937933126491568
16 0.651252892253361 0.5023482896991898 0.12665107970431358 0.08937933126491568
20 0.3266045817493775 0.39204422063538324 0.13544941818411554 0.09681084160399785
22 0.4959994394295094 0.3952527655063688 0.13544941818411543 0.09681084160399785
23 0.662891422736462 0.39288339846669545 0.13544941818411543 0.09681084160399793
24 0.32149588143280833 0.27009644602827737 0.13802048871722886 0.10473250351465672