273 0.32787292098770815 0.4246723572179135 0.057040520265955054 0.09763952962517113
131 0.33650511615852297 0.559919535431159 0.036730678859192525 0.05881271034569906
275 0.3782522643716371 0.4737379945232167 0.025061008402956907 0.04052571159934022
264 0.3824251112156071 0.5378459586298393 0.02577859140676253 0.03898594365265158
119 0.43607669323082965 0.5331644703083219 0.021936008402957084 0.040434783386094963
152 0.4601362757403436 0.5299629139609734 0.02346667490485981 0.039698997492717505
9 0.48416402475176046 0.525980107613625 0.022558090912470873 0.03655126543940614
35 0.5058798572612744 0.5227103551063426 0.020931923916276674 0.0349433013327836
53 0.45687201288876234 0.46900268190766203 0.02346667490485981 0.039698997492717505
72 0.48096342889637356 0.4665823755603136 0.020214340912470874 0.036483069279472244
85 0.5035241784020819 0.4648978551063426 0.02008700692008212 0.03335806927947225
259 0.47734899756572313 0.3970283935070023 0.02184050790866543 0.038091033386094875
263 0.5217847470714314 0.3959803705457487 0.020931923916276674 0.03494330133278343
260 0.7404538340295698 0.41951011341961275 0.02311650642579064 0.03110524749271768
260 0.7198110701894054 0.3533622761934519 0.020677255931498984 0.028693301332783517
260 0.7580923201894054 0.35447614680570755 0.020677255931498984 0.028693301332783517
260 0.7409777574515549 0.4515186313663014 0.02311650642579064 0.0311052474927175
260 0.7422829308735399 0.4835498813663014 0.02311650642579064 0.0311052474927175
260 0.7436517712917193 0.5171436313663014 0.02311650642579064 0.0311052474927175
260 0.7441756947137044 0.5491521493129901 0.02311650642579064 0.0311052474927175
260 0.7455127016337866 0.58196464931299 0.02311650642579064 0.0311052474927175
260 0.7452553750557716 0.6139504352063673 0.02311650642579064 0.03110524749271768