273 0.3109375 0.415625 0.053125 0.09609375
131 0.3140625 0.55078125 0.034375 0.0578125
275 0.359375 0.46328125 0.0234375 0.03984375
264 0.3609375 0.52734375 0.02421875 0.03828125
119 0.41484375 0.52109375 0.0203125 0.03984375
152 0.4390625 0.5171875 0.021875 0.0390625
9 0.46328125 0.5125 0.02109375 0.0359375
35 0.48515625 0.50859375 0.01953125 0.034375
53 0.43828125 0.45625 0.021875 0.0390625
72 0.4625 0.453125 0.01875 0.0359375
85 0.48515625 0.45078125 0.01875 0.0328125
259 0.46171875 0.38359375 0.0203125 0.0375
263 0.50625 0.38125 0.01953125 0.034375
260 0.72421875 0.3984375 0.021875 0.03046875
260 0.70625 0.3328125 0.01953125 0.028125
260 0.74453125 0.3328125 0.01953125 0.028125
260 0.7234375 0.43046875 0.021875 0.03046875
260 0.7234375 0.4625 0.021875 0.03046875
260 0.7234375 0.49609375 0.021875 0.03046875
260 0.72265625 0.528125 0.021875 0.03046875
260 0.72265625 0.5609375 0.021875 0.03046875
260 0.72109375 0.59296875 0.021875 0.03046875