266 0.25390625 0.22265625 0.0390625 0.03203125
20 0.25390625 0.26953125 0.0359375 0.0328125
16 0.2515625 0.31328125 0.03828125 0.0328125
260 0.25078125 0.359375 0.03671875 0.03515625
10 0.2515625 0.4046875 0.0359375 0.0328125
260 0.25078125 0.45 0.0359375 0.034375
260 0.25 0.49609375 0.03984375 0.03515625
260 0.2484375 0.5421875 0.0390625 0.03359375
260 0.24921875 0.5875 0.0375 0.034375
260 0.24921875 0.63125 0.03515625 0.0328125
260 0.25078125 0.6765625 0.03515625 0.0328125
53 0.24921875 0.7203125 0.0390625 0.0296875
260 0.25078125 0.7640625 0.03515625 0.03203125
152 0.32421875 0.86328125 0.04140625 0.0328125
152 0.25234375 0.85078125 0.0375 0.0296875
9 0.25234375 0.8078125 0.03828125 0.0328125
9 0.32421875 0.81875 0.0375 0.0296875
35 0.32421875 0.775 0.04140625 0.0328125
53 0.3234375 0.73046875 0.040625 0.034375
72 0.32421875 0.684375 0.03984375 0.03671875
85 0.32265625 0.6375 0.0390625 0.0328125
99 0.325 0.5921875 0.03984375 0.0359375
110 0.32421875 0.54453125 0.04140625 0.0328125
111 0.3234375 0.49765625 0.0390625 0.0328125
113 0.3234375 0.45078125 0.0421875 0.03203125
10 0.325 0.40390625 0.04296875 0.03359375
11 0.325 0.35625 0.0453125 0.0328125
16 0.3265625 0.30859375 0.04140625 0.0328125
20 0.32890625 0.2640625 0.040625 0.0328125
142 0.32890625 0.21640625 0.03984375 0.0328125
259 0.32734375 0.16875 0.04140625 0.03828125
266 0.25546875 0.17890625 0.0375 0.0328125
266 0.35703125 0.12265625 0.0390625 0.034375
266 0.35703125 0.07890625 0.040625 0.03359375