266 0.2357309795370787 0.2344821236547018 0.041677188031508015 0.033850615177646405
20 0.23190460680804265 0.2813571236547018 0.038615960910325244 0.034486315963434676
16 0.22598957559427565 0.324997961744043 0.04095971091032524 0.03459547787409356
260 0.22144572574405688 0.37105532444049005 0.03958852954677709 0.036866453266987696
10 0.21852814877265536 0.4164042117440431 0.038615960910325244 0.034486315963434676
260 0.2140480718012538 0.46168032444049006 0.03874350666795978 0.03604881596343468
260 0.20950422195103507 0.5077376871369372 0.042713529546777096 0.03701200248119925
260 0.20417912210081623 0.5537586625298314 0.041804733789142554 0.035413115177646406
260 0.20126154512941472 0.5991075498333842 0.04030600666795978 0.03612159057054072
260 0.1976902639156477 0.6428575498333842 0.03783471091032524 0.034449928659881834
260 0.1955539369442462 0.6882428244404901 0.03783471091032524 0.034449928659881834
53 0.1904201557304792 0.7319200498333842 0.04148586939505616 0.031506865177646406
260 0.18841137451671222 0.77574282444049 0.037770938031507974 0.03366867865988184
152 0.2537497189069192 0.8783819809744653 0.044084710910325245 0.03474102708830529
152 0.1828950849679955 0.862534349047596 0.03992336939505616 0.03143409057054072
9 0.18640259330294523 0.819565599047596 0.04095971091032524 0.03459547787409356
9 0.25738477299950346 0.8338507309744653 0.03992336939505616 0.03143409057054072
35 0.26095605421327045 0.7901007309744654 0.044084710910325245 0.03474102708830511
53 0.26380985830585474 0.7455330936709125 0.043431006667959696 0.03626713978475245
72 0.2683537081560735 0.6994757309744655 0.042841075304411544 0.038574502481199244
85 0.27061758088510957 0.6525279563673596 0.04174096091032524 0.0346318651776464
99 0.2766601578565111 0.6073246182780183 0.04277730242559432 0.037793252481199247
110 0.2797690534643644 0.5596319809744654 0.044084710910325245 0.03474102708830529
111 0.2828141761934005 0.5127205936709125 0.04174096091032524 0.0346318651776464
113 0.2866405489224365 0.46584559367091244 0.04480218803150802 0.03399616439185813
10 0.2920294216514726 0.4190433682780183 0.04571098378914247 0.035595051695410974
11 0.29591956725932594 0.3713871182780183 0.047990960910325245 0.034922963606069855
16 0.3013722128671793 0.3238036428851242 0.044084710910325245 0.03474102708830529
20 0.3073510169597635 0.27938155479578297 0.04330346091032524 0.034704639784752266
142 0.31124116256761686 0.23172530479578296 0.042522210910325244 0.034668252481199424
259 0.31356880817547017 0.18399628018867714 0.044531121062046174 0.04020977708830524
266 0.2408647607508457 0.1908048982618077 0.040178460910325245 0.03455909057054059
266 0.34701890802568897 0.13928524772368842 0.041868506667959694 0.036194365177646404
266 0.35059018923945595 0.0955352477236884 0.043367233789142465 0.03548588978475229