266 0.24223733039401035 0.21822429992056974 0.04074118668015991 0.03271308847375849
20 0.2397807157401178 0.2650992999205698 0.03765713025772479 0.03343979139585782
16 0.23514412539648477 0.30889021022899527 0.04000088025772479 0.03348070170428334
260 0.23194720432015706 0.3549975969984704 0.038561210990419426 0.03579717816533297
10 0.23035372682139427 0.40029646022899523 0.03765713025772479 0.03343979139585791
260 0.22719774932263145 0.4456225969984704 0.03773901741285455 0.03500229139585791
260 0.2240008282463038 0.49172998376794563 0.04168621099041943 0.035851725243233545
260 0.2200226571699761 0.537851007306896 0.04082307383528967 0.034275588473758486
260 0.2184291796712133 0.5831498705374207 0.03930151741285455 0.0350295649348082
260 0.21613633932758022 0.6268998705374208 0.03687588025772479 0.033426154626382674
260 0.21532411182881744 0.6721850969984704 0.03687588025772479 0.0334261546263825
53 0.2114687714851844 0.7159623705374207 0.04061835594746528 0.03036933847375849
260 0.21073843114155136 0.7596850969984704 0.03683493668015991 0.0326449046263825
152 0.2789760967908121 0.8576219906678044 0.04312588025772479 0.033535248782184016
152 0.2077561940318501 0.8463765734595201 0.03905585594746528 0.03034206493480802
9 0.21000809079791827 0.8034078234595201 0.04000088025772479 0.03348070170428343
9 0.28130988071201 0.8130907406678045 0.03905585594746528 0.03034206493480802
35 0.28360272105564305 0.7693407406678044 0.04312588025772479 0.033535248782184016
53 0.285155254976841 0.7248231274372796 0.042426517412854456 0.03508411201270878
72 0.2883521760531687 0.6787157406678045 0.04176809814554918 0.03741422524323372
85 0.28924629070706126 0.6318680142067548 0.04078213025772479 0.03349433847375849
99 0.29396476820582407 0.5865146038983292 0.0417271545679843 0.03663297524323354
110 0.2956810764372815 0.5388719906678044 0.04312588025772479 0.033535248782184016
111 0.29735644109117404 0.49201062743727964 0.04078213025772479 0.03349433847375849
113 0.29981305574506656 0.4451356274372797 0.043866186680159916 0.03276763555165907
10 0.30383217039895916 0.3982333538983293 0.04472932383528967 0.0343437723211343
11 0.3063297286304166 0.3505771038983293 0.04703213025772479 0.03360343262955982
16 0.310389786861874 0.30289358035937897 0.04312588025772479 0.033535248782184016
20 0.3150673207830719 0.25832142005095343 0.042344630257724794 0.03352161201270878
142 0.3175648790145294 0.21066517005095342 0.0415633802577247 0.03350797524323372
259 0.3184999372459868 0.1630361935899038 0.04341248530067894 0.03900399878218401
266 0.2460926707376434 0.1744470263816194 0.03921963025772479 0.03346706493480815
266 0.3506031083223145 0.11642424634984731 0.040864017412854545 0.03505683847375849
266 0.35289594866594753 0.07267424634984732 0.04238557383528967 0.034302862012708844