272 0.540597651914615 0.5319747997872394 0.03446676923729371 0.027349103838727372
275 0.39679056589494754 0.837531395075992 0.03131448738612832 0.02634933255140375
264 0.5179115977461131 0.8452178449597764 0.03047867368379755 0.02473220222957302
280 0.39907231770904605 0.7946172753978228 0.03131448738612832 0.02634933255140375
259 0.520947317709046 0.8031396056034381 0.03209573738612832 0.02640396287323483
47 0.39984613322547546 0.7500313950759919 0.03131448738612823 0.02634933255140375
54 0.4623461332254754 0.7544018208224614 0.031287205534962934 0.025568082551403748
55 0.5232836332254754 0.758662985925269 0.03131448738612832 0.02634933255140375
56 0.4021824487419048 0.7055547753978229 0.03287698738612832 0.02645859319506556
57 0.4631199487419049 0.7098159405006305 0.03136905108845909 0.027911832551403747
59 0.5255926668907394 0.7149676162470999 0.03209573738612832 0.026403962873234654
60 0.4037647961094997 0.6602422753978228 0.03371280108845909 0.028075723516896467
61 0.4654835461094997 0.6645580708224613 0.03295883293962447 0.028802343195065562
62 0.5279835461094997 0.6689284965689307 0.031341769237293704 0.02713058255140375
63 0.40534714347709444 0.6149297753978228 0.032904269237293705 0.02723984319506556