266 0.3699648888046606 0.8546185854380826 0.052230701704283344 0.04038226087441501
152 0.3432132483817375 0.7323589248676787 0.030877853084255058 0.02467900642579064
9 0.34234622362497114 0.6925788418638732 0.029301716314779912 0.02383408942959626
35 0.34305533563768 0.6519538418638732 0.029301716314780003 0.02383408942959626
53 0.3437644476503888 0.6113288418638732 0.029301716314779912 0.02383408942959626
72 0.3444735596630977 0.5707038418638731 0.029301716314779912 0.02383408942959626
85 0.3451826716758065 0.5300788418638731 0.029301716314780003 0.02383408942959626
99 0.3451378072274657 0.48792317536197033 0.029301716314779912 0.02383408942959626
110 0.3466145324706994 0.44804759186387316 0.029301716314779912 0.02383408942959626
111 0.3473236444834082 0.40742259186387314 0.029301716314779912 0.02383408942959626
113 0.3480463932655922 0.36601634186387316 0.029301716314779912 0.02383408942959626
10 0.3495503920477762 0.324578258365776 0.029301716314779912 0.02383408942959626
11 0.34949189082996024 0.28320384186387315 0.029301716314779912 0.02383408942959626
16 0.3502010028426691 0.24257884186387316 0.029301716314779912 0.02383408942959626
20 0.3517050016248531 0.2011407583657759 0.030905126623205437 0.02624150642579064
22 0.35322263717651226 0.15892142486767874 0.03091876339268058 0.02702275642579064
23 0.40488713393339665 0.6876884120160975 0.030110239853730292 0.025428422927693362
24 0.4040201091766303 0.6479083290122919 0.029301716314779826 0.02383408942959626
25 0.40472922118933924 0.6072833290122919 0.029301716314779826 0.02383408942959626
26 0.40697355966309773 0.5681571620160975 0.029301716314779826 0.02383408942959626
28 0.4076826716758065 0.5275321620160975 0.030891489853730292 0.02546025642579064
36 0.40761053368851535 0.4869389955141947 0.029301716314780003 0.02383408942959626
37 0.4091008957012242 0.4462821620160975 0.029301716314779826 0.02383408942959626
38 0.409810007713933 0.4056571620160975 0.030877853084255235 0.02467900642579064
39 0.41053275649611704 0.3642509120160975 0.030891489853730292 0.02546025642579064
41 0.4112145949698755 0.32518841201609744 0.031659103084255236 0.02471083992388783
42 0.41193734375205954 0.2837821620160975 0.029301716314780003 0.02383408942959626
43 0.4134277057647684 0.24312532851800026 0.03167273985373029 0.02549208992388783
44 0.41415045454695243 0.20171907851800025 0.030891489853730292 0.02546025642579064
46 0.4148595665596613 0.16109407851800028 0.030891489853730292 0.02546025642579064