266 0.38515625 0.8703125 0.0515625 0.03828125
152 0.35625 0.746875 0.03046875 0.0234375
9 0.3546875 0.70703125 0.02890625 0.02265625
35 0.3546875 0.66640625 0.02890625 0.02265625
53 0.3546875 0.62578125 0.02890625 0.02265625
72 0.3546875 0.58515625 0.02890625 0.02265625
85 0.3546875 0.54453125 0.02890625 0.02265625
99 0.35390625 0.50234375 0.02890625 0.02265625
110 0.3546875 0.4625 0.02890625 0.02265625
111 0.3546875 0.421875 0.02890625 0.02265625
113 0.3546875 0.38046875 0.02890625 0.02265625
10 0.35546875 0.3390625 0.02890625 0.02265625
11 0.3546875 0.29765625 0.02890625 0.02265625
16 0.3546875 0.25703125 0.02890625 0.02265625
20 0.35546875 0.215625 0.03046875 0.025
22 0.35625 0.1734375 0.03046875 0.02578125
23 0.4171875 0.7046875 0.0296875 0.02421875
24 0.415625 0.66484375 0.02890625 0.02265625
25 0.415625 0.62421875 0.02890625 0.02265625
26 0.4171875 0.58515625 0.02890625 0.02265625
28 0.4171875 0.54453125 0.03046875 0.02421875
36 0.41640625 0.50390625 0.02890625 0.02265625
37 0.4171875 0.46328125 0.02890625 0.02265625
38 0.4171875 0.42265625 0.03046875 0.0234375
39 0.4171875 0.38125 0.03046875 0.02421875
41 0.4171875 0.3421875 0.03125 0.0234375
42 0.4171875 0.30078125 0.02890625 0.02265625
43 0.41796875 0.26015625 0.03125 0.02421875
44 0.41796875 0.21875 0.03046875 0.02421875
46 0.41796875 0.178125 0.03046875 0.02421875