273 0.5390354987506002 0.19881162727791715 0.23758804606524092 0.29486247758291684
263 0.553151662643403 0.5082781994662505 0.040956886722608485 0.02590918977951393
275 0.43611291491848797 0.7927785264042365 0.04480393713752697 0.025218858757465414
264 0.5278151628438955 0.7909997804882991 0.04474473755244546 0.024437608757465413
177 0.4401268313100905 0.7294790926086463 0.046425636722608486 0.0260364763486459
168 0.44411651429843246 0.6974842101998269 0.046425636722608486 0.0260364763486459
35 0.44498119728677443 0.6654165926086463 0.046425636722608486 0.0260364763486459
53 0.448911680690035 0.6342029601998268 0.046425636722608486 0.0260364763486459
72 0.45133886367837694 0.6021717101998268 0.046425636722608486 0.0260364763486459
85 0.4529255970816374 0.5709035264042365 0.04804733630769 0.026854093939826386
99 0.537262863053677 0.6973043318750699 0.04642563672260831 0.0260364763486459
110 0.5397492456271005 0.6644918318750699 0.046425636722608486 0.0260364763486459
111 0.542117229030361 0.6332418318750699 0.04642563672260831 0.0260364763486459
113 0.5444852124336215 0.6019918318750699 0.046425636722608486 0.0260364763486459
10 0.545290695836882 0.5707054642838894 0.046425636722608486 0.0260364763486459