264 0.23632869703034567 0.3517050016248531 0.05298776308359247 0.07897047970746059
275 0.2539018758566014 0.4788714736216759 0.05345049466774103 0.07351536647693564
266 0.26775852048199 0.5959362426963993 0.04848997888272546 0.06874604586008459
9 0.42666381264595205 0.531381044645564 0.04793624203690498 0.07263865909060954
35 0.4905443021226083 0.5271378295486 0.04458372888272546 0.06867786201270878
53 0.5520810415992645 0.5229355247600616 0.044356215728545936 0.06477161201270895
72 0.6129275363375928 0.5203093567409984 0.045273973621053544 0.06712899878218401
85 0.6729927810759209 0.5176968254914103 0.04458372888272546 0.06867786201270878
99 0.4181849127588915 0.41265831818451437 0.046419244667740854 0.07339263555165906
110 0.48440915223554776 0.4083741927791249 0.04720049466774103 0.07340627232113431
111 0.5492529022355478 0.40724234091268574 0.045501486775233246 0.07103524878218401
113 0.6132698996047118 0.4053428758157218 0.043938986775233245 0.07100797524323373