273 0.6652341145595765 0.049820315437863735 0.20220791549465283 0.09964063087572747
259 0.6741439436039746 0.5224003571497313 0.09317328307929137 0.038944436273566294
275 0.6262048507108122 0.841466033537466 0.09318691861791084 0.0412881862735663
264 0.7371605314289714 0.833820676807664 0.09631191861791084 0.041415520265955054
9 0.6805110765103153 0.7705195221687593 0.0963073734383709 0.04063427026595505
35 0.6799934469236242 0.7252388556668565 0.09318691861791084 0.0412881862735663
53 0.6787036576960128 0.678427522663051 0.09318237343837091 0.040506936273566295
72 0.6773956877502421 0.6347411896592453 0.09319146379745061 0.042069436273566296
85 0.675315558163551 0.589524190153537 0.09474487343837108 0.04057060326976085
266 0.6181530188377437 0.4801611190127294 0.09474032825883114 0.03978935326976067
287 0.7290950640172834 0.47485951228292755 0.09161078307929138 0.03888076927737192