275 0.3533228030909889 0.8482614932765935 0.04067346680652095 0.06291817067154533
264 0.4477831981119671 0.8377956132638669 0.04067346680652086 0.06291817067154497
9 0.36279565931941066 0.6717444466104572 0.04331321473192844 0.06685169267186346
35 0.36685711990215425 0.5975438779440025 0.04427206348717298 0.06920453333863605
53 0.3709185804848979 0.5233433092775479 0.044508861827499045 0.07232953333863605
72 0.3752168394079676 0.4460177406110935 0.04360921265733601 0.07075794267186346
85 0.37975189667136333 0.36556717194463895 0.04546771058274368 0.07468237400540882
99 0.3842277543496776 0.28589785327818434 0.04360921265733601 0.07075794267186337
110 0.38827755953848087 0.20155012527850252 0.04546771058274359 0.07468237400540882
111 0.4594814051702258 0.6628137945974123 0.04409446473192844 0.06686078333863606
113 0.4648685674126433 0.5917200445974122 0.04397606556176541 0.06529828333863605
10 0.46904842716554995 0.5159569759309577 0.04553856556176541 0.06531646467218159
11 0.47395033733337516 0.4409660665977304 0.04360921265733601 0.07075794267186346
16 0.4790298462564449 0.36363140726450316 0.04360921265733601 0.07075794267186346
22 0.4851274035198406 0.2831626572645032 0.04360921265733601 0.07075794267186346
23 0.4900176582937254 0.1980245885980486 0.0466633576783142 0.08016021467218155