266 0.36953125 0.3234375 0.04375 0.078125
266 0.490625 0.3203125 0.04296875 0.07421875
266 0.6109375 0.31953125 0.04140625 0.071875
266 0.6078125 0.41328125 0.04140625 0.071875
266 0.48984375 0.41328125 0.04140625 0.07421875
266 0.371875 0.41640625 0.0453125 0.071875
266 0.37265625 0.5046875 0.04140625 0.071875
266 0.4890625 0.50078125 0.04140625 0.071875
266 0.6046875 0.5 0.04140625 0.0703125
266 0.60078125 0.58125 0.04140625 0.06953125
266 0.59765625 0.66171875 0.04140625 0.06875
266 0.5953125 0.74140625 0.04140625 0.07109375
266 0.37578125 0.58828125 0.04140625 0.071875
266 0.37734375 0.66875 0.0390625 0.06796875
266 0.38046875 0.74609375 0.0390625 0.06796875
266 0.4875 0.740625 0.0375 0.059375
266 0.48984375 0.66640625 0.03984375 0.06484375
266 0.4890625 0.58359375 0.03984375 0.06484375
266 0.728125 0.31875 0.04296875 0.07421875
266 0.721875 0.4109375 0.04140625 0.07421875
266 0.715625 0.4984375 0.03984375 0.0640625
266 0.7109375 0.58046875 0.03984375 0.0640625
266 0.70546875 0.65859375 0.03984375 0.0640625
266 0.69921875 0.734375 0.03828125 0.06875
266 0.3828125 0.859375 0.0390625 0.06796875
266 0.4875 0.85546875 0.03671875 0.0640625
266 0.58984375 0.84921875 0.0375 0.065625
272 0.68984375 0.84140625 0.03671875 0.06484375
43 0.309375 0.22578125 0.0578125 0.090625
38 0.31328125 0.32421875 0.06015625 0.08359375
39 0.43828125 0.32109375 0.05546875 0.08125
41 0.55703125 0.31875 0.05390625 0.0765625
42 0.67578125 0.31796875 0.05234375 0.08046875
26 0.31796875 0.41640625 0.05703125 0.0796875
28 0.4375 0.4140625 0.0546875 0.07578125
36 0.55546875 0.4109375 0.05390625 0.078125
37 0.6703125 0.409375 0.05078125 0.0765625
22 0.321875 0.50703125 0.05546875 0.08046875
23 0.43828125 0.50390625 0.05234375 0.07421875
24 0.55390625 0.49921875 0.05234375 0.071875
25 0.665625 0.49609375 0.05 0.07109375
113 0.325 0.59140625 0.05390625 0.07578125
10 0.4390625 0.58671875 0.05234375 0.0734375
11 0.55234375 0.58203125 0.05 0.071875
16 0.66171875 0.57890625 0.05078125 0.071875
85 0.328125 0.671875 0.05390625 0.0734375
99 0.43984375 0.66640625 0.05078125 0.0703125
110 0.55 0.66171875 0.04921875 0.06796875
111 0.65703125 0.6578125 0.05 0.07109375
277 0.33203125 0.7484375 0.05234375 0.06796875
35 0.440625 0.74296875 0.05078125 0.06796875
53 0.546875 0.73828125 0.04921875 0.06796875
72 0.65234375 0.73359375 0.04765625 0.06875
275 0.33671875 0.86171875 0.05234375 0.065625
264 0.44140625 0.85546875 0.0484375 0.065625
259 0.54453125 0.85 0.04609375 0.06484375
266 0.365625 0.2234375 0.04921875 0.084375