287 0.3335761160089087 0.054937897794563297 0.11163802868395382 0.10987579558912659
287 0.46791475334181776 0.048200513260770426 0.11786075668363552 0.09640102652154085
287 0.603061912675045 0.04245745518102724 0.11548973468331739 0.08491491036205448
259 0.3461499360279987 0.1822126583944183 0.10287155601527206 0.11960194183801276
260 0.6000289140276805 0.16211405379938634 0.10922155334977184 0.1286327344126597
272 0.4069014581078587 0.7667244161880884 0.08214997601049952 0.08302530347041034
272 0.5953281587762222 0.7660585086268494 0.08214997601049952 0.08302530347041034
272 0.4144968767902216 0.8819123736134415 0.08202270667568143 0.07208780347041036
275 0.3936463854232686 0.6355126210155515 0.08841815734404497 0.08502484604505725
264 0.5984793360916322 0.6336994766958641 0.08612895134468132 0.0895484550795647
121 0.38627823341022377 0.5398559135901984 0.08847270134468133 0.08971234604505725
120 0.4902208460773146 0.5357150807866929 0.09635792667886314 0.09650864926336596
9 0.6004043680776328 0.5303559554085406 0.09245167667886314 0.0962354976542116
35 0.3724964493952699 0.43057374873949233 0.09252440201304486 0.1024854976542116
53 0.48426065272913343 0.4266678627176782 0.10033690201304495 0.10303180087252013
72 0.5999401967297698 0.4232700750867098 0.09881985534690844 0.1068287902288585
85 0.3585873960454979 0.31035408388878616 0.09652155868077213 0.11057114926336586
99 0.4781913713796797 0.3082456446486634 0.10277155868077195 0.11100819183801285