287 0.33855394354388874 0.05574942377491658 0.12129738449587943 0.11149884754983316
287 0.4726555414703702 0.0493955451896451 0.12734233294074038 0.0987910903792902
287 0.6077434409519906 0.04405083108619347 0.12479353138560167 0.08810166217238694
259 0.36179453685222185 0.18422149907714935 0.1114049746466664 0.11900842072720588
260 0.6154957352970829 0.16560669725913466 0.11840683034884236 0.1280026889258032
272 0.4671687271920818 0.7690482796142477 0.08801670131958321 0.08255048658176456
272 0.6565435854861559 0.7694826688815046 0.08801670131958321 0.08255048658176474
272 0.4835346039122667 0.8842727614156505 0.08705979406226838 0.07161298658176492
275 0.4438987395859247 0.6377680012366177 0.09440340235634234 0.08451350478036197
264 0.6496798478799987 0.6371510302325566 0.09246975546662028 0.08905081045588795
121 0.4292416258252304 0.5420747694352149 0.09481350546662029 0.08920100478036197
120 0.5334212778987488 0.5385411543835351 0.10317280961365718 0.09595165252860874
9 0.6437825794538877 0.5338257711332579 0.09926655961365718 0.09570132865448536
35 0.4071042027337028 0.4327195558324095 0.09981336376069425 0.10195132865448535
53 0.519164705325601 0.429466543032483 0.10762586376069425 0.10245197640273176
72 0.6351998084358788 0.42674445635843333 0.10640511635259245 0.10625809685308259
85 0.3840098723848605 0.3124268422296041 0.10440311894449054 0.11001415252860855
99 0.5040879265318974 0.311016931681431 0.11065311894449045 0.11041467072720587