288 0.57901116000175 0.793347354014504 0.1202262697716634 0.09917170822938637
275 0.34984492483049767 0.7338418831697238 0.1350700197716635 0.09986306699689199
264 0.5831176812562884 0.6925661040145039 0.12465910178688588 0.09314003205070395
259 0.3456110695835707 0.8377481331697236 0.1350700197716635 0.0998630669968918
280 0.48186022327107325 0.4984415765119139 0.13106826927737192 0.0973373804791274
9 0.3640599110275143 0.4041179958661708 0.13747743676785795 0.10153472890755086
35 0.6052579139932638 0.3788482063718687 0.12622160178688588 0.09321280665780982
53 0.3663956852478021 0.2893834077768296 0.13757293726214953 0.10387847890755078
72 0.6118355192401909 0.27483279446120995 0.1263807692773719 0.09711905665780982
85 0.3735144599623814 0.17208674586617081 0.13741376977166347 0.09997222890755082
99 0.6201984589737982 0.16527585794344532 0.12628526878308044 0.09477530665780982