288 0.6603687676393927 0.8361310957427783 0.12186656570031111 0.09645938554295164
275 0.4242422808641594 0.7604180084524655 0.13671031570031095 0.09680487765916687
264 0.6544989282615583 0.7353498457427783 0.12619004465362343 0.0903184883164931
259 0.43029413076533735 0.8643242584524657 0.13671031570031095 0.09680487765916652
280 0.5335207573983975 0.5335853643601393 0.13266755780780315 0.0943702086812154
9 0.4058214206513992 0.43074869224805584 0.13914507096198286 0.09842192904593769
35 0.6456273732963526 0.4222868012898616 0.12775254465362346 0.09035485590767375
53 0.39678878391851835 0.315850390861285 0.13928157885449055 0.10076567904593761
72 0.6419192733951746 0.31843510267663244 0.12798005780780314 0.09426110590767375
85 0.39230713929312966 0.1987174422480559 0.13905406570031092 0.09685942904593761
99 0.6394551550781452 0.20915102165458385 0.12784354991529537 0.09191735590767376