93 0.7647963839274309 0.40682088308279984 0.07698203371934031 0.08908683344622811
91 0.1218471241437851 0.4410111815917773 0.09587750408406256 0.09631947930778502
90 0.9004994542159033 0.5044472348463936 0.0767274605810762 0.07814933344622813
89 0.7579671153100698 0.5157045601520214 0.0791803133546182 0.08295966417892267
88 0.6138540926086462 0.5260987483025193 0.08074281335461819 0.0830415513340526
87 0.46192856990722275 0.5360835006773685 0.0853757619678472 0.08094346279944169
86 0.31005759859256987 0.5484120030522177 0.08546668094579868 0.08484971279944169
82 0.15108264209555602 0.5572470132289831 0.09171668094579868 0.08517726141996071
81 0.8856212962558686 0.6027652261399664 0.0727302916031249 0.07403836555840364
80 0.7517190749412158 0.6160354307988077 0.07907121058107655 0.07827216417892266
79 0.6138378684442019 0.6259759175698247 0.07654562262517359 0.07033683344622813
78 0.4736310957427783 0.6365748236081471 0.07429279160312507 0.07412025271353358
77 0.3295726244281255 0.6493127617586449 0.08059734298989589 0.07679155133405242
76 0.17764710172670192 0.6592975141334942 0.08919109298989589 0.07724193068726617
75 0.8767931165443408 0.6928170160540581 0.0742018726251736 0.07021400271353358
74 0.7491045276385074 0.7048522693334185 0.07254845364722229 0.06622586555840364
73 0.6159835563238547 0.7181634175698248 0.07258482123840278 0.06778836555840365
64 0.48277166603125055 0.7275683158062309 0.07649107123840296 0.06799308344622794
63 0.3410933123077784 0.7419915846894235 0.07888937262517368 0.07045966417892266
62 0.2008683558107645 0.7518092407277459 0.08908199021635425 0.072554430687266
61 0.8678194664680909 0.7766188059681498 0.06624390226045129 0.06355456693788461
60 0.7424746275622576 0.7887768899802048 0.06771548328249999 0.05973020409301437
59 0.48786051595500074 0.8121070901164904 0.0700592332825 0.05985303482570927
9 0.21925663953010485 0.8378253058566083 0.08048824021635426 0.0721040513340526
264 0.24594838573038275 0.9453445567611194 0.07400185087368065 0.06162025271353357
259 0.859173124712466 0.8744830958822416 0.06775185087368066 0.06129270409301455