93 0.75625 0.3671875 0.075 0.08515625
91 0.11171875 0.43515625 0.09375 0.09140625
90 0.88984375 0.4578125 0.075 0.07421875
89 0.746875 0.4765625 0.07734375 0.07890625
88 0.60234375 0.49453125 0.07890625 0.07890625
87 0.45 0.5125 0.08359375 0.0765625
86 0.29765625 0.5328125 0.08359375 0.08046875
82 0.13828125 0.55 0.08984375 0.08046875
81 0.87265625 0.55703125 0.07109375 0.0703125
80 0.73828125 0.57734375 0.07734375 0.07421875
79 0.6 0.59453125 0.075 0.06640625
78 0.459375 0.6125 0.07265625 0.0703125
77 0.31484375 0.6328125 0.07890625 0.07265625
76 0.1625 0.65078125 0.0875 0.07265625
75 0.86171875 0.64765625 0.07265625 0.06640625
74 0.73359375 0.66640625 0.07109375 0.0625
73 0.6 0.68671875 0.07109375 0.0640625
64 0.46640625 0.703125 0.075 0.0640625
63 0.32421875 0.725 0.07734375 0.06640625
62 0.18359375 0.7421875 0.0875 0.06796875
61 0.85078125 0.73203125 0.06484375 0.06015625
60 0.725 0.75078125 0.06640625 0.05625
59 0.46953125 0.7875 0.06875 0.05625
9 0.2 0.82734375 0.07890625 0.06796875
264 0.22421875 0.93359375 0.07265625 0.0578125
259 0.83984375 0.83046875 0.06640625 0.0578125