273 0.4283020743165743 0.08341488945288332 0.1064837373233333 0.06335194183801278
35 0.3495771498109271 0.5749903842571032 0.030663531102777686 0.04873243094224957
53 0.3570861449099547 0.5069123736134415 0.033212332657916566 0.051240071907742116
85 0.3631987353435657 0.4459202432916106 0.0342669847314351 0.05441970222957302
110 0.3689401788874545 0.3802952432916106 0.0342669847314351 0.05441970222957302
113 0.3744765708762044 0.3170139932916106 0.03559503887847217 0.06072433255140384
10 0.38079421286495424 0.25367811296977977 0.03559503887847217 0.06072433255140384
11 0.38660400692722263 0.18727186296977977 0.037157538878472174 0.06083359319506556
111 0.43748441880268585 0.31571393722331037 0.03559503887847217 0.06072433255140375
99 0.43187967629555635 0.3797764372233104 0.03559503887847217 0.06072433255140375
72 0.4263432843068065 0.4430576872233104 0.036952487323333116 0.05848984319506556
290 0.33549694302472366 0.7359278842571032 0.03334903369467579 0.05280257190774211
290 0.39799694302472366 0.7315574585106338 0.033827487323333294 0.05827132190774211