272 0.5545450243894166 0.11933896067798566 0.052059526735204996 0.04177057912218753
275 0.513978188659045 0.7142170092149649 0.12280906930985189 0.04965712072531261
264 0.6940645264062291 0.7045478024336106 0.12191855866619043 0.04807643692972228
263 0.6094270824745293 0.7699020051309023 0.13363730866619025 0.04834919386357654
120 0.5987795235562373 0.6512065565176732 0.12035605866619044 0.048040069338541616
152 0.4986267042463853 0.6065863471708677 0.1307308299535137 0.051401458681215394
64 0.49356786364920985 0.5566227147620483 0.13218406930985208 0.04987532627239588
73 0.6876620710745629 0.5458449496600689 0.13094935124083734 0.054526458681215396
63 0.6920489223154 0.5973892658644786 0.13240259059717552 0.053000326272395884
74 0.48756388208654167 0.504333516148819 0.13474634059717552 0.053054877659166874
75 0.6841657304773874 0.4958449496600689 0.1307308299535137 0.051401458681215394
76 0.4839036505238735 0.4519897661488191 0.13480097091900642 0.05383612765916688
77 0.6797788792365501 0.4443006334556592 0.13027736188449895 0.05607077488562506
78 0.4785716583175438 0.3981198837399996 0.14032435124083734 0.05474466422829867
79 0.6743376263865585 0.38886825104683975 0.12860560124083734 0.05447190729444458
80 0.47458364482389037 0.34108863373999965 0.14043361188449896 0.056307164228298665
81 0.6713493841802286 0.33494381725124944 0.13016810124083733 0.05450827488562506
82 0.4642910010084062 0.28342160410472184 0.13652736188449896 0.056216245250347366
86 0.6673067403647444 0.27713131725124945 0.13251185124083734 0.05456282627239597
288 0.5592650113999664 0.20921907826916622 0.14032435124083734 0.05474466422829875