275 0.5504479652291866 0.7215261187668364 0.02315623667249973 0.04481816348570078
264 0.602809896562732 0.7156908358860794 0.02395566800604527 0.046444436364518005
119 0.5501399772438222 0.6138411645244709 0.024782371339908772 0.05041445924333523
177 0.549958711250822 0.5623424374032882 0.023964758672817867 0.04722568636451818
9 0.5498138079249125 0.5077187102821055 0.024746008672817864 0.04728945924333523
35 0.5488603825986849 0.45550250603973996 0.02471873667249973 0.04494570924333523
53 0.5494694572724573 0.40315875603973994 0.02471873667249973 0.04494570924333523
72 0.5477529632797753 0.3494438246761917 0.02313805533895419 0.04325566348570078
85 0.5483620379535475 0.2971000746761917 0.02395566800604527 0.046444436364518005
99 0.5481807719605472 0.24560134755500904 0.025518168006045273 0.04657198212215263
110 0.6009394085773677 0.6081334274013485 0.025527258672817865 0.04735323212215263
111 0.6000041645846856 0.554354723158983 0.02313805533895419 0.04325566348570078
113 0.5998501705920034 0.5005122460378002 0.02393748667249973 0.044881936364518184
10 0.5996779952657759 0.44823226891661755 0.024736918006045272 0.04650820924333523
11 0.5995149106063209 0.39517104179543483 0.02471873667249973 0.04494570924333532
16 0.5993336446133206 0.3436723146742521 0.025481805338954187 0.04344698212215263
20 0.5983984006206385 0.28989361043188666 0.02309260200509069 0.03934941348570078
22 0.5982262252944108 0.2376136333107039 0.025481805338954187 0.04344698212215255
263 0.5979000559755011 0.13149117906833843 0.023910214672181594 0.042538186364518046