275 0.559375 0.7671875 0.02265625 0.04296875
264 0.61171875 0.765625 0.0234375 0.04453125
119 0.5578125 0.659375 0.02421875 0.0484375
177 0.55703125 0.6078125 0.0234375 0.0453125
9 0.55625 0.553125 0.02421875 0.0453125
35 0.5546875 0.50078125 0.02421875 0.04296875
53 0.5546875 0.4484375 0.02421875 0.04296875
72 0.55234375 0.39453125 0.02265625 0.04140625
85 0.55234375 0.3421875 0.0234375 0.04453125
99 0.5515625 0.290625 0.025 0.04453125
110 0.60859375 0.6578125 0.025 0.0453125
111 0.60703125 0.60390625 0.02265625 0.04140625
113 0.60625 0.55 0.0234375 0.04296875
10 0.60546875 0.49765625 0.02421875 0.04453125
11 0.6046875 0.44453125 0.02421875 0.04296875
16 0.60390625 0.39296875 0.025 0.04140625
20 0.60234375 0.3390625 0.02265625 0.0375
22 0.6015625 0.28671875 0.025 0.04140625
263 0.6 0.18046875 0.0234375 0.040625