265 0.36036608960871047 0.4980432074338793 0.041015026218161756 0.031832842558271325
260 0.4814097748338858 0.5030531443645208 0.041746211443337164 0.031078874409436706
134 0.3578430644702829 0.5496329892850448 0.0669464705426357 0.03507689364673059
136 0.4773743144702829 0.5538071125133552 0.0669464705426357 0.03507689364673059
111 0.3534478562661482 0.6426563029873756 0.06445252621816175 0.03265129809323426
99 0.3521263857235125 0.6754960848385411 0.06357114666851249 0.031061516242068876
72 0.3492424151808768 0.7082813029873757 0.06200864666851249 0.031006952539737932
35 0.347139694638241 0.7410938029873757 0.0620086466685124 0.031006952539737932
266 0.3450870388704299 0.7731250529873757 0.05956476711886314 0.0293626069862416
10 0.4670109060815781 0.7155258625133553 0.06372134099298635 0.033405266242068875
16 0.46916369139903846 0.6819321125133553 0.06362121144333699 0.03184276624206887
22 0.47126641194167435 0.6491196125133553 0.06367127621816167 0.03262401624206888
24 0.4734191972591347 0.6155258625133553 0.06372134099298635 0.033405266242068875
290 0.3353544000645985 0.41182296523842765 0.03287185919158375 0.03856399219545174