265 0.39140625 0.484375 0.0390625 0.03046875
260 0.5125 0.48515625 0.03984375 0.0296875
134 0.3921875 0.5359375 0.06484375 0.0328125
136 0.51171875 0.5359375 0.06484375 0.0328125
111 0.39375 0.62890625 0.0625 0.03046875
99 0.39453125 0.66171875 0.06171875 0.02890625
72 0.39375 0.69453125 0.06015625 0.02890625
35 0.39375 0.72734375 0.06015625 0.02890625
266 0.39375 0.759375 0.0578125 0.02734375
10 0.51171875 0.69765625 0.06171875 0.03125
16 0.51171875 0.6640625 0.06171875 0.0296875
22 0.51171875 0.63125 0.06171875 0.03046875
24 0.51171875 0.59765625 0.06171875 0.03125
290 0.3609375 0.39921875 0.03046875 0.0375