113 0.5181719377275135 0.28960592946154023 0.04448197351689629 0.03526964206513998
10 0.4141564270838517 0.2972202793627182 0.041974332551403745 0.0327893841726322
111 0.41016841359019834 0.3542515293627182 0.043755353838727376 0.03600538943430394
110 0.5149651742338601 0.3465916768307043 0.04448197351689629 0.03526964206513998
99 0.40472716074020676 0.40981128462439004 0.04370072351689647 0.035224139434303935
85 0.510922530418376 0.4044041768307043 0.04124771287323466 0.03352513154179633
72 0.401738918533877 0.46367203199355406 0.0453724841605581 0.036877644695975854
35 0.3946805353620545 0.5201040425168978 0.04844285383872737 0.03627840521931951
270 0.425765552462004 0.18683651620853853 0.04119308255140375 0.032743881541796235
266 0.41881642993384327 0.24170602673188224 0.04938799480421992 0.03866765785015556
266 0.5301088450366509 0.1745346663073606 0.04704424480421991 0.038531149957647684
152 0.5038641472465535 0.46083618735404797 0.04777086448238901 0.03779540258848364
266 0.49987613375290013 0.5178674373540479 0.04777086448238901 0.03779540258848364
266 0.39398141283389376 0.5746095319935541 0.05100512512605073 0.039539913111827474
270 0.5213787012211668 0.23262018209237612 0.058091005447881726 0.040730686789350656
289 0.38013244426067583 0.7170245451477337 0.058637308666190255 0.048543186789350656
289 0.47764122878955106 0.7245724636624072 0.058637308666190435 0.048543186789350656