113 0.540625 0.32109375 0.0421875 0.0328125
10 0.43671875 0.32265625 0.03984375 0.03046875
111 0.43671875 0.3796875 0.04140625 0.03359375
110 0.54140625 0.378125 0.0421875 0.0328125
99 0.43515625 0.43515625 0.04140625 0.0328125
85 0.54140625 0.4359375 0.0390625 0.03125
72 0.4359375 0.4890625 0.04296875 0.034375
35 0.4328125 0.5453125 0.04609375 0.03359375
270 0.440625 0.2125 0.0390625 0.03046875
266 0.4375 0.2671875 0.046875 0.0359375
266 0.54453125 0.20625 0.04453125 0.0359375
152 0.53828125 0.4921875 0.0453125 0.03515625
266 0.53828125 0.54921875 0.0453125 0.03515625
266 0.4359375 0.6 0.0484375 0.03671875
270 0.53984375 0.2640625 0.05546875 0.0375
289 0.43203125 0.7421875 0.05546875 0.0453125
289 0.53046875 0.75546875 0.05546875 0.0453125