113 0.5537085677179474 0.32738449140672393 0.04352450692008229 0.03330339600572696
10 0.44986598471414185 0.3277379327259518 0.04108525642579064 0.030932374005408825
111 0.45218983007523716 0.3847691827259518 0.042775090418179396 0.034075555338954365
110 0.5568136630790427 0.3844248320734966 0.04352450692008212 0.03330339600572696
99 0.45288750844013803 0.4402197513924063 0.042743256920082295 0.03329430533895419
85 0.5591693419382352 0.4422373320734966 0.040335839923887916 0.03170453333863606
72 0.4558652698088446 0.4941350920591791 0.04436942391627667 0.03487498667249973
35 0.45503228167184256 0.5503487293920882 0.04746259041817957 0.03413009933959064
270 0.4492837114824372 0.21762713605981543 0.04030400642579046 0.030923283338636143
266 0.448387056349241 0.2722782733927246 0.04833934091247105 0.03648294000636341
266 0.5529352934976597 0.21258619474058751 0.04599559091247105 0.03645566800604518
152 0.5583363538012334 0.4984509694064057 0.046745007414373776 0.03568350867281787
266 0.5606601991623286 0.5554822194064057 0.046745007414373776 0.03568350867281787
266 0.46038562653864634 0.6050725920591791 0.04993367441056815 0.03728237133990877
270 0.5506034723568523 0.27034415073995116 0.05699675790866543 0.038145437340863356
289 0.462273073192336 0.7472146387253155 0.0573150928896375 0.045957937340863356
289 0.5612517426599883 0.7616413127386785 0.05731509288963732 0.045957937340863356