266 0.3828339655571211 0.09601307844090451 0.050865605603721775 0.08670767834435947
260 0.3759784690816061 0.19673969811907363 0.049847557263395716 0.08352804802252858
260 0.3687561197016616 0.2920521981190737 0.04996595643355874 0.08509054802252862
260 0.3614153711515541 0.3889271981190736 0.050865605603721775 0.08670767834435944
260 0.35503347135669117 0.48340381779724273 0.0497883576783142 0.08274679802252863
24 0.4492994151422026 0.09058825108528076 0.049303105603721774 0.08659841770069772
23 0.4418994670070136 0.18824450108528076 0.049184706433558746 0.08503591770069771
22 0.4343811197016616 0.2874632510852808 0.0482258576783142 0.08263753737886681
16 0.4254186715664726 0.38522876172894255 0.0482258576783142 0.08263753737886681
11 0.4188591730163651 0.48204913140711164 0.0482258576783142 0.08263753737886681
275 0.33037147778096115 0.7780989587627353 0.0497883576783142 0.08274679802252863
264 0.39480083068539057 0.7790333920507735 0.0497883576783142 0.08274679802252863