266 0.3921875 0.1234375 0.04453125 0.08359375
260 0.39296875 0.22421875 0.04375 0.08046875
260 0.39296875 0.31953125 0.04375 0.08203125
260 0.39296875 0.41640625 0.04453125 0.08359375
260 0.39375 0.5109375 0.04375 0.0796875
24 0.45859375 0.12265625 0.04296875 0.08359375
23 0.45859375 0.2203125 0.04296875 0.08203125
22 0.45859375 0.31953125 0.0421875 0.0796875
16 0.45703125 0.4171875 0.0421875 0.0796875
11 0.4578125 0.5140625 0.0421875 0.0796875
275 0.39140625 0.80546875 0.04375 0.0796875
264 0.45625 0.8109375 0.04375 0.0796875