272 0.3604243240606279 0.23799363271799762 0.05110148132866801 0.03571987133990877
272 0.552422569911443 0.23240834607731461 0.04821327966899425 0.03880850867281786
258 0.449297569911443 0.23120837806331526 0.07211272095570571 0.05547838800922689
152 0.30654381408865106 0.7839419320496341 0.05409642676456468 0.04434089334022691
186 0.31061693006533503 0.7198703413828614 0.0553629288391571 0.04045282467377227
35 0.31607494728677443 0.658160682049634 0.059446777594401645 0.042842028007635945
72 0.32153296450821395 0.5964510227164068 0.06190892676456468 0.04443180000795408
99 0.3274053788252239 0.5292726133831795 0.06028722717948316 0.043632368674408714
111 0.33310019438698946 0.4644379540499523 0.05950597717948316 0.04362327800763595
10 0.33717331036367343 0.40036636338317955 0.05818027551980922 0.04673009667409058
275 0.39507351782291744 0.7920095180617245 0.06413427759440164 0.04289657200827239
16 0.48919037072734683 0.7985782387412238 0.06364902551980922 0.046793731341499625
22 0.4954888375338678 0.7360964200747693 0.06064242468997225 0.04831986867440872
24 0.5027461530956333 0.6712799420750875 0.06617037427505376 0.04916475334181776
26 0.5093998174126433 0.6041106234086329 0.06605197510489073 0.04760225334181776
36 0.5160534817296534 0.5369413047421784 0.06845492468997225 0.04841077534213589
38 0.5219850956317449 0.46898164540895115 0.06851412427505377 0.04919202534213589