290 0.5371144779438914 0.2621285916587157 0.04231671036360289 0.05169043977951393
72 0.5020070951550396 0.3229381518792018 0.04377908081395354 0.05016430737069451
9 0.5410695951550396 0.3238473416587157 0.038991451264304186 0.04849270459715278
53 0.5067434623661878 0.3846750856747921 0.04367895126430419 0.048601807370694416
53 0.5441933975913631 0.3847666578631254 0.038941386489479514 0.04771145459715278
35 0.510548385252862 0.4440500856747921 0.040503886489479515 0.04774782218833344
35 0.5497110148025113 0.446521775454306 0.03982276603912886 0.049292138392743115
277 0.5145535672388348 0.5065500856747921 0.04392927513842757 0.052508057370694416
9 0.5551285024640101 0.5067143930454866 0.039091580813953544 0.05005520459715278
275 0.5191898049003336 0.5667245194703823 0.04221658081395354 0.05012793977951393
266 0.559133684449983 0.5692143930454866 0.03992289558877822 0.05085463839274311
272 0.5240460880583256 0.6425057694703824 0.03601664558877822 0.05076371941479181
272 0.6022211528331504 0.6451053990294102 0.03767927513842757 0.052362587005972294
272 0.5296836212163178 0.7183052032659727 0.037729339913252245 0.05314383700597229
272 0.6068771768918438 0.7177616490294103 0.03611677513842757 0.052326219414791805
259 0.4970899691491345 0.7939948810776393 0.04367895126430419 0.048601807370694416
288 0.5736024043743099 0.7949956430454865 0.04392927513842757 0.0525080573706946
258 0.5345899691491345 0.7948677032659727 0.03742895126430419 0.048456337005972294
340 0.6134461543743098 0.7959230166205907 0.03601664558877822 0.05076371941479181