343 0.53515625 0.4296875 0.01953125 0.0171875
265 0.46171875 0.4296875 0.0203125 0.01640625
264 0.53671875 0.4640625 0.02109375 0.01640625
275 0.46328125 0.46484375 0.02109375 0.0171875
38 0.52421875 0.49765625 0.01953125 0.01484375
37 0.525 0.515625 0.0203125 0.01484375
36 0.52578125 0.53359375 0.02109375 0.015625
28 0.52578125 0.55234375 0.01953125 0.01484375
26 0.52578125 0.57109375 0.02109375 0.01484375
25 0.525 0.5890625 0.0203125 0.01484375
24 0.52578125 0.6078125 0.01953125 0.01484375
23 0.5265625 0.62578125 0.0203125 0.015625
22 0.5265625 0.64375 0.02109375 0.015625
20 0.5265625 0.6625 0.01953125 0.01484375
16 0.5265625 0.68046875 0.021875 0.01484375
11 0.47578125 0.4984375 0.02109375 0.015625
10 0.47578125 0.5171875 0.02265625 0.01484375
113 0.47578125 0.53515625 0.01953125 0.0140625
111 0.47578125 0.5546875 0.021875 0.01484375
110 0.4765625 0.57421875 0.021875 0.01484375
99 0.47734375 0.5921875 0.02109375 0.01484375
85 0.4765625 0.6109375 0.0203125 0.01484375
72 0.4765625 0.6296875 0.02109375 0.01484375
53 0.47734375 0.6484375 0.0203125 0.01484375
35 0.478125 0.6671875 0.0203125 0.015625
9 0.478125 0.6859375 0.021875 0.01640625
152 0.478125 0.7046875 0.0203125 0.01640625
134 0.465625 0.74296875 0.02109375 0.01640625
290 0.503125 0.7390625 0.01953125 0.01640625
248 0.5390625 0.734375 0.01953125 0.01640625
307 0.503125 0.771875 0.01953125 0.01640625
289 0.5015625 0.8140625 0.0171875 0.02109375
309 0.53515625 0.3921875 0.01875 0.02109375
266 0.4625 0.325 0.02890625 0.0171875