343 0.5076206238464367 0.3828673949099547 0.020632675046142523 0.018896262959490696
265 0.43418312384643676 0.38929234363763976 0.02136386027131785 0.018183363477870352
264 0.5069802737541516 0.41710569387319546 0.022145110271317846 0.01825171399624992
275 0.433492708979327 0.4243118926008805 0.022195175046142525 0.01903296399624992
38 0.4923274884366912 0.4517930521672696 0.020482480721668493 0.016552512959490784
37 0.49195724861572404 0.46969345164888987 0.021263730721668494 0.016620863477870174
36 0.4915870087947568 0.4875938511305103 0.02209504549649317 0.017470463996249918
28 0.49038545419896507 0.5063438511305103 0.020482480721668493 0.016552512959490784
26 0.48918389960317316 0.5250938511305103 0.022044980721668495 0.016689213996249917
25 0.48725115978220596 0.5431309516488898 0.021263730721668494 0.016620863477870174
24 0.4868308551864141 0.5618126011305102 0.020482480721668493 0.016552512959490784
23 0.4864606153654469 0.5797130006121306 0.02131379549649317 0.01740211347787035
22 0.4853091255444797 0.5976817506121306 0.02209504549649317 0.017470463996249918
20 0.48410757094868784 0.6164317506121307 0.020482480721668493 0.016552512959490784
16 0.4829560811277206 0.6344005006121307 0.022826230721668495 0.016757564514629664
11 0.44383992366186653 0.4568120343068065 0.02209504549649317 0.017470463996249918
10 0.4426383690660748 0.4755620343068065 0.023607480721668496 0.016825915033009054
113 0.44148687924510754 0.4935307843068065 0.020432415946843818 0.015771262959490783
111 0.440235259874491 0.5130620343068065 0.022826230721668495 0.016757564514629664
110 0.43976489050387446 0.5325249337884268 0.022826230721668495 0.016757564514629664
99 0.4393946506829073 0.5504253332700472 0.022044980721668495 0.016689213996249917
85 0.43741184608711536 0.5692436837884268 0.021263730721668494 0.01662086347787035
72 0.4362102914913236 0.5879936837884269 0.022044980721668495 0.016689213996249917
53 0.4357899868955317 0.6066753332700472 0.021263730721668494 0.01662086347787035
35 0.43536968229973994 0.6253569827516676 0.02131379549649317 0.017402113477870174
9 0.4341681277039481 0.6441069827516677 0.022926360271317846 0.018320064514629662
152 0.43296657310815617 0.6628569827516676 0.02136386027131785 0.018183363477870175
134 0.41801339914174773 0.7022318410457415 0.022145110271317846 0.01825171399624992
290 0.45576372301587115 0.6950447661635195 0.020582610271317848 0.018115012959490785
248 0.49200161166481904 0.6872131423180565 0.020582610271317848 0.018115012959490785
307 0.4536610024732354 0.7278572661635195 0.020582610271317848 0.018115012959490785
289 0.44939500463270365 0.7701814672002788 0.018539248920265906 0.022597461404351905
309 0.5100237330380204 0.3453673949099548 0.020101748920265904 0.02273416244111104
266 0.44167305367294124 0.2845364931192601 0.030007675046142525 0.019716469180046305