343 0.5000811666505027 0.4608568021226083 0.020934253333979847 0.018325065770898163
265 0.4266436666505028 0.4565795548240314 0.02165173045516262 0.017589318401734035
264 0.498837659982543 0.49532280738428014 0.02243298045516262 0.017634821032569904
275 0.4253363871037257 0.4918268100857032 0.022496753333980025 0.018416071032569904
38 0.48359542619340046 0.5281885152909054 0.02074293469752817 0.015981315770898164
37 0.48290989998060335 0.5462027679217413 0.02152418469752817 0.016026818401734033
36 0.4822243737678062 0.5642170205525773 0.022369207576345397 0.016853571032569903
28 0.4806938246761918 0.5829670205525772 0.02074293469752817 0.015981315770898164
26 0.47916327558457733 0.6017170205525773 0.02230543469752817 0.016072321032569902
25 0.4769152493717801 0.6196402679217413 0.02152418469752817 0.016026818401734033
24 0.4761659502801658 0.6384357705525773 0.02074293469752817 0.015981315770898164
23 0.47548042406736857 0.6564500231834132 0.02158795757634522 0.016808068401734034
22 0.47401364785457145 0.6744187731834131 0.022369207576345217 0.016853571032569903
20 0.472483098762957 0.6931687731834131 0.02074293469752817 0.015981315770898164
16 0.4710163225501599 0.7111375231834132 0.02308668469752817 0.01611782366340577
11 0.43509415331458323 0.526148602179078 0.022369207576345397 0.016853571032569903
10 0.43356360422296875 0.544898602179078 0.02386793469752817 0.01616332629424182
113 0.4320968280101717 0.562867352179078 0.020679161818710767 0.015200065770898163
111 0.43050250603973994 0.582398602179078 0.02308668469752817 0.01611782366340595
110 0.42968943406930826 0.6019753548099139 0.02308668469752817 0.01611782366340577
99 0.4290039078565112 0.6199896074407499 0.02230543469752817 0.016072321032569902
85 0.4266921087648967 0.638694104809914 0.02152418469752817 0.016026818401734033
72 0.42516155967328223 0.6574441048099139 0.02230543469752817 0.016072321032569902
53 0.42441226058166776 0.6762396074407498 0.02152418469752817 0.016026818401734033
35 0.42366296149005345 0.6950351100715858 0.02158795757634522 0.016808068401734034
9 0.422132412398439 0.7137851100715858 0.023214230455162622 0.017680323663405773
152 0.42060186330682453 0.7325351100715858 0.02165173045516262 0.017589318401734035
134 0.40497699224477846 0.770088317978211 0.02243298045516262 0.017634821032569904
290 0.44279585663886484 0.7683661942583354 0.02087048045516262 0.017543815770898162
248 0.47911599391176835 0.765771815276788 0.02087048045516262 0.017543815770898162
307 0.4401173957285396 0.8011786942583354 0.02087048045516262 0.017543815770898162
289 0.4351111602724071 0.8432751889966635 0.01890936772806633 0.022094807878390556
309 0.5031422648337316 0.4233568021226083 0.02047186772806615 0.022185813140062117
266 0.43597048241201664 0.3519375574548673 0.030309253333979845 0.018871097340929222