273 0.5651009731635294 0.14636024214894822 0.1933446915466968 0.24268290815498567
276 0.5510684654485066 0.6602241653476286 0.05770068090623859 0.08511679757185994
9 0.5218876010151356 0.36364468204067607 0.059663699104836 0.09141226167848249
35 0.583406091915837 0.3587238498290802 0.05716975478036197 0.08900031551854841
260 0.6464370180417138 0.35297630351086157 0.06054507865448535 0.09299749373179385
72 0.5316712160668156 0.4674600038274307 0.05936331045588794 0.08672476167848249
85 0.5907458274178676 0.4610448677757688 0.05770068090623859 0.08511679757185978
99 0.6530956330933936 0.45688255351086154 0.05770068090623859 0.08511679757185978
110 0.5409541833702487 0.5634628256141854 0.05780081045588794 0.08667929757185995
111 0.6003792481450734 0.5625164395625235 0.054575680906238586 0.08502586935861452
113 0.6595539890457749 0.5576638035108615 0.05701956045588794 0.08665656551854858
8 0.6087307711240328 0.6561982434025895 0.05691943090623859 0.08509406551854859
0 0.6663430120247341 0.6513910714575502 0.05755048658176474 0.08277304757185995
131 0.5984498149224831 0.8866131691085524 0.054575680906238586 0.08502586935861416
342 0.655330870598009 0.8826099792168245 0.05271279225729071 0.0802929052519918
273 0.6177028577980825 0.7717777792959668 0.16536298658176474 0.08591007092882492