273 0.5546875 0.1625 0.178125 0.2375
276 0.5078125 0.675 0.05234375 0.08359375
9 0.49765625 0.378125 0.05390625 0.08984375
35 0.559375 0.375 0.0515625 0.0875
260 0.62265625 0.37109375 0.0546875 0.09140625
72 0.50078125 0.48203125 0.05390625 0.08515625
85 0.56015625 0.47734375 0.05234375 0.08359375
99 0.62265625 0.475 0.05234375 0.08359375
110 0.50390625 0.578125 0.05234375 0.08515625
111 0.56328125 0.57890625 0.04921875 0.08359375
113 0.62265625 0.57578125 0.0515625 0.08515625
8 0.565625 0.67265625 0.0515625 0.08359375
0 0.6234375 0.66953125 0.05234375 0.08125
131 0.540625 0.90234375 0.04921875 0.08359375
342 0.59765625 0.9 0.04765625 0.07890625
273 0.5671875 0.78828125 0.16015625 0.08125