53 0.366008140209188 0.2002117458661708 0.28422145273377614 0.18922528163641922
35 0.6249900202789173 0.2605690872652809 0.24769944468800453 0.1680566029765374
9 0.35472144292329355 0.33934702047327664 0.26483231436617344 0.1680758736547018
119 0.34474587336133994 0.4597322950803825 0.25540268404434274 0.16685797601206662
119 0.3416212373395259 0.5712327212590649 0.24449803503307832 0.14454632836943163
152 0.6091632884641476 0.3866778229972573 0.24153692599857096 0.1467445291552199
53 0.5904136524423336 0.4989059952469983 0.2353033514929388 0.13555231803034928
275 0.5646327664205195 0.6114616532287156 0.20984988342392405 0.13903903701310263
259 0.33052021035221923 0.6854407704732767 0.22513067599857095 0.14598039578060823
264 0.3273080930198386 0.7759202212590649 0.2187167850330784 0.14334554735218497
260 0.4236864302628195 0.9232789106723137 0.19727347376899793 0.11509211476336176