263 0.5954840495135326 0.06579508016902727 0.044881851866439074 0.06586204255305558
111 0.6073905710271834 0.6363796838924995 0.0424562812495882 0.06111999116628475
272 0.5832149111257949 0.813433146373437 0.017705697240056394 0.030087543502986237
113 0.6076457155072964 0.5770228676880897 0.0424562812495882 0.06111999116628475
10 0.6086684732179342 0.5184291176880897 0.042429007710637734 0.05955749116628475
11 0.6096639573896214 0.46139786768808977 0.042429007710637734 0.05955749116628475
16 0.6114406915613089 0.4043484338924995 0.04252446509696384 0.06502624116628475
20 0.6124498125024715 0.3465359338924995 0.04252446509696384 0.06502624116628475
22 0.6135134805215348 0.2855984338924995 0.04252446509696384 0.06502624116628475
110 0.5687270860414217 0.3459917264455551 0.043278441558013546 0.06348192496187507
99 0.5684583047918338 0.40612979264996485 0.043278441558013726 0.06348192496187507
85 0.5674628206201463 0.4631610426499648 0.043278441558013546 0.06348192496187507
72 0.5664127893705582 0.5233172926499648 0.043278441558013546 0.06348192496187507
53 0.5654445787378212 0.5787860426499648 0.04331935186643907 0.06582567496187508
35 0.5644354577966586 0.6365985426499648 0.04331935186643907 0.06582567496187508
9 0.5626314500860208 0.6952104764455551 0.04331935186643907 0.06582567496187508