263 0.596875 0.0796875 0.04375 0.06484375
111 0.61875 0.65078125 0.04140625 0.06015625
272 0.59765625 0.82734375 0.0171875 0.0296875
113 0.61796875 0.59140625 0.04140625 0.06015625
10 0.61796875 0.5328125 0.04140625 0.05859375
11 0.61796875 0.47578125 0.04140625 0.05859375
16 0.61875 0.41875 0.04140625 0.0640625
20 0.61875 0.3609375 0.04140625 0.0640625
22 0.61875 0.3 0.04140625 0.0640625
110 0.575 0.359375 0.0421875 0.0625
99 0.57578125 0.41953125 0.0421875 0.0625
85 0.57578125 0.4765625 0.0421875 0.0625
72 0.57578125 0.53671875 0.0421875 0.0625
53 0.57578125 0.5921875 0.0421875 0.06484375
35 0.57578125 0.65 0.0421875 0.06484375
9 0.575 0.70859375 0.0421875 0.06484375