47 0.3063374001729506 0.28536637002052545 0.0655209817514315 0.11678349990180407
54 0.36888285196834875 0.29354248438371017 0.06562097570130732 0.13397099990180408
55 0.4330362555591448 0.3095401891059745 0.060883478726369414 0.12534997882456525
56 0.49872943325224206 0.3216407341873184 0.07414200282867042 0.12152099687674198
42 0.30384418012898406 0.3939419393023662 0.06390393959695384 0.10739940954272446
43 0.3679703126425414 0.40525214402463056 0.05918462334017516 0.10190338846548563
44 0.4289805355151783 0.41810666802873564 0.06077893959695384 0.10738122882456516
46 0.4915214421310366 0.42550153239192035 0.06310450887879462 0.10426986436318461
37 0.3012555113146815 0.486111258584207 0.056799966724316864 0.09485850292686634
38 0.36540436972593787 0.5013277133064713 0.056790876365237254 0.09329600292686635
39 0.4224674359827166 0.5071282614128774 0.05517837939029935 0.08469316256778665
41 0.4850310684962739 0.5184293757760621 0.061519282981095456 0.10035452400410509
25 0.30332252624360023 0.5728390989432867 0.05286190046753827 0.08936702702916718
26 0.36043104429577705 0.5864521470496926 0.05218518959695384 0.10733123184962742
28 0.4206236557320954 0.5930521258742579 0.05294371369925486 0.10342952702916719
36 0.47616058342519263 0.6050935836215844 0.05840337334017516 0.10189884328594587
276 0.3882293122497579 0.6647362283335859 0.05124940349260036 0.08076418667008767