47 0.3046875 0.28359375 0.06484375 0.11640625
54 0.3671875 0.29140625 0.06484375 0.13359375
55 0.43125 0.30703125 0.06015625 0.125
56 0.496875 0.31875 0.0734375 0.12109375
42 0.3015625 0.3921875 0.06328125 0.10703125
43 0.365625 0.403125 0.05859375 0.1015625
44 0.4265625 0.415625 0.06015625 0.10703125
46 0.4890625 0.42265625 0.0625 0.10390625
37 0.2984375 0.484375 0.05625 0.09453125
38 0.3625 0.49921875 0.05625 0.09296875
39 0.41953125 0.5046875 0.0546875 0.084375
41 0.48203125 0.515625 0.0609375 0.1
25 0.3 0.57109375 0.05234375 0.0890625
26 0.35703125 0.584375 0.0515625 0.10703125
28 0.4171875 0.590625 0.05234375 0.103125
36 0.47265625 0.60234375 0.0578125 0.1015625
276 0.384375 0.6625 0.05078125 0.08046875