47 0.2964357646479834 0.30311901218161763 0.06823082594338974 0.1205616263104469
54 0.35870844411486996 0.3149366941675905 0.06873093111623926 0.1377491263104469
55 0.42231630304864315 0.3346670057032126 0.06379337852981451 0.12885498766149883
56 0.48760032224897304 0.3505911967884841 0.07696096826325771 0.12579983883351814
42 0.29015100923770704 0.411512503082319 0.06639554130365362 0.11108649676079736
43 0.3538952604913483 0.42655531461794116 0.06154891693047428 0.10531735811184947
44 0.41446904763836684 0.44296036705426467 0.06327054130365362 0.11088623766149883
46 0.4767644591585647 0.4539967990402375 0.06552336309040818 0.10791143198597286
37 0.2843436269469689 0.5034997439830203 0.059000578450672234 0.09813591378737563
38 0.34797421793405336 0.5224488055186425 0.05895511434404952 0.09657341378737563
39 0.404846343560874 0.5315722840808428 0.057142561757624756 0.08787953423772628
41 0.46702809481451524 0.5465149660668156 0.06384720282385156 0.1039050524363235
25 0.28338286902941007 0.5903186235326696 0.05493520407749282 0.09241683991325225
26 0.34002767412311724 0.6072546020948699 0.05467679130365362 0.11033552513842756
28 0.40000206769662655 0.6173595897563687 0.055344381037097004 0.10647933991325224
36 0.4551298368969564 0.6326329387689196 0.060767666930474286 0.10526729333702498
276 0.36509821879198323 0.687131869213733 0.053122651491068054 0.0837229603636029