273 0.4859375 0.28203125 0.4671875 0.1421875
9 0.1734375 0.4359375 0.18984375 0.0953125
35 0.378125 0.43828125 0.17890625 0.0953125
53 0.590625 0.43828125 0.17890625 0.0953125
17 0.8046875 0.44140625 0.184375 0.09765625
134 0.78828125 0.540625 0.18515625 0.08828125
99 0.5859375 0.53828125 0.16875 0.0859375
85 0.3875 0.5359375 0.16796875 0.0890625
72 0.1875 0.53359375 0.16796875 0.0890625
110 0.203125 0.62109375 0.16640625 0.0828125
111 0.3921875 0.6234375 0.16953125 0.08203125
113 0.58203125 0.6265625 0.16953125 0.08203125
152 0.7765625 0.63046875 0.16953125 0.08203125
8 0.396875 0.7046875 0.16171875 0.07890625