25 0.129600691855483 0.23909393515657004 0.259201383710966 0.2569028016766882
26 0.36414131991144305 0.2569024148628266 0.2833140205454317 0.2653690059190537
168 0.16427195848492926 0.8820304763722767 0.1905802236549982 0.15841776212797143
35 0.35104990807001074 0.8964909444096036 0.20680887489975372 0.15741324258313405
53 0.5432374080700108 0.9121790725986514 0.22009012489975355 0.15849738152302778
72 0.7307374080700109 0.9253177039525013 0.20885662697434615 0.1493645920949973
85 0.15643799292780816 0.7571899730382968 0.22139251577154692 0.17568488152302777
99 0.3512060412681342 0.7699444198637965 0.22716891909089484 0.16994506455356592
110 0.5576336400233787 0.7844367098715551 0.23029391909089475 0.17020015606883482
111 0.7524016883637048 0.7971911566970548 0.22747657241024263 0.16375883743238334
113 0.14563331533805088 0.6093105824314133 0.24529195705825865 0.19394054500872854
10 0.35608556326345847 0.6225592368332583 0.23874595913285113 0.18952411197819038
11 0.571106912018703 0.6377530285080069 0.22937095913285113 0.18875883743238314
16 0.7813223616037845 0.6541266829098519 0.2424746103776066 0.1874992263722767
20 0.12991232764104152 0.4473846672787226 0.25982465528208304 0.21044238985797747
22 0.35818362737533144 0.4600114394086338 0.27783269253611154 0.22377143728260193
23 0.586486226130576 0.476289370023276 0.25439519253611154 0.22185825091808392
24 0.825548726130576 0.4958038709413599 0.24970769253611175 0.22147561364518023
28 0.6122711665920951 0.27086841744790047 0.272506575109535 0.25594620849442923
36 0.8550506624429103 0.28282550988125343 0.2666117726200241 0.26012352546389117