259 0.44167039364001626 0.48747153708051155 0.03238660266556703 0.03997178213245363
260 0.32016483735917484 0.9280617816702353 0.040616639812585564 0.02772183471887857
260 0.3640872997499379 0.6009369920159342 0.04732128087881247 0.04352869114536908
260 0.43631164073702244 0.6178948229738889 0.05517924498543501 0.045318511678482484
113 0.43134534441880384 0.6810851447606435 0.04879285266556703 0.040449155251991796
260 0.4305497225529068 0.7084288947606435 0.04865646034569906 0.0357616552519918
110 0.4296631724737646 0.7388976447606435 0.04879285266556703 0.040449155251991796
99 0.42889028266117907 0.7654601447606435 0.04888378087881229 0.0435741552519918
260 0.42804919668865943 0.7943663947606435 0.04883831677218975 0.0420116552519918
72 0.36158677388569044 0.6868744920159342 0.0424519244523216 0.03714229882550111
260 0.3607229558598595 0.7165619920159342 0.04227006802583091 0.030892298825501107
35 0.35997279810058525 0.7423432420159342 0.04240646034569897 0.03557979882550111
9 0.35919990828799964 0.7689057420159342 0.04231553213245363 0.032454798825501105
186 0.3584497505287254 0.7946869920159342 0.04254285266556703 0.04026729882550093