259 0.45546875 0.47421875 0.03125 0.0390625
260 0.346875 0.91796875 0.03984375 0.0265625
260 0.38125 0.58984375 0.04609375 0.0421875
260 0.45390625 0.6046875 0.05390625 0.04375
113 0.45078125 0.66796875 0.04765625 0.0390625
260 0.45078125 0.6953125 0.04765625 0.034375
110 0.45078125 0.72578125 0.04765625 0.0390625
99 0.45078125 0.75234375 0.04765625 0.0421875
260 0.45078125 0.78125 0.04765625 0.040625
72 0.38125 0.67578125 0.04140625 0.0359375
260 0.38125 0.70546875 0.04140625 0.0296875
35 0.38125 0.73125 0.04140625 0.034375
9 0.38125 0.7578125 0.04140625 0.03125
186 0.38125 0.78359375 0.04140625 0.0390625