86 0.681345794441862 0.2985786327155807 0.052335315700310935 0.09456820616851021
82 0.5835985391801902 0.2987207288999769 0.055323807807803146 0.09227900324641088
81 0.6893241653897274 0.40870760917663035 0.05376130780780315 0.09225172970746058
80 0.5918499259130711 0.41353720536102656 0.05458806043863902 0.09304661647693564
79 0.700055810015116 0.5258269253292545 0.05725032885449046 0.09855627678536116
78 0.6025360679076238 0.5298752715136507 0.053988820961982854 0.09615797970746058
76 0.7124409599021766 0.6444814679429284 0.05734133411616256 0.10011877678536116
75 0.6134952256871922 0.6509008376662748 0.055551320961982856 0.09618525324641088
74 0.7224823597892371 0.7631769208650276 0.05812258411616256 0.10013241355483657
73 0.6237641387284323 0.7735025405883742 0.05858531570031093 0.09467730032431146
64 0.7343137728304774 0.8857513502481765 0.05926785516284987 0.10639605032431163
63 0.6342605649238521 0.9000104935104736 0.05995809990117795 0.10484718709378668