273 0.40958572736313503 0.20294599749136105 0.18127836668522637 0.1440404545623551
9 0.3477953467138614 0.3336495108372339 0.05617782200827239 0.06319767836490087
35 0.4080425033815887 0.3390108314837498 0.056913618674408716 0.05932326186299815
53 0.466754432049634 0.34677956912646013 0.06083805000795408 0.06104492935348409
72 0.3493674847230883 0.4015864273391367 0.05383407200827239 0.0631021778706092
85 0.405726572724361 0.40866941547613855 0.05923918734086335 0.05785626235728962
99 0.465982820058861 0.4148119861226546 0.06081077800763594 0.05870117935348418
110 0.35169360073199696 0.4671477603429423 0.05373407467377245 0.05450842787060921
111 0.4080435980664969 0.47344949847994416 0.05298918734086335 0.05760159437251211
113 0.4652112080680878 0.4828444031188489 0.05849430000795426 0.06094942885919252
168 0.3531748320734966 0.5272721768448451 0.049864187340863356 0.057474260380123356
8 0.4064271014083148 0.5360449989742359 0.05613236867440872 0.05929142836490087
0 0.4643577800763602 0.5438455701150433 0.05768577800763595 0.05857384536109524
131 0.40886230541849605 0.6109813319780415 0.16578008867759042 0.0871856180985084