273 0.415976462965312 0.25514187007578626 0.18525836216700925 0.15243936922731455
9 0.3579159066532521 0.3777304780870364 0.05795176285158128 0.06579038680495355
35 0.41839049163422415 0.39080596800226775 0.058573845361095424 0.06195248732333321
53 0.4773980771094877 0.4060885068807399 0.06254376235728962 0.0638567399152313
72 0.3614666709877081 0.44576757860541605 0.055608012851581276 0.06558533524981484
85 0.41809867296487446 0.4600638159287492 0.06085392836490087 0.06059503887847199
99 0.47860509144394364 0.47392055584398063 0.06244826186299814 0.061512989915231485
110 0.36570318482787256 0.5115292796421753 0.05525784437251211 0.056991585249814666
111 0.4223033533069417 0.5250442669655084 0.05460392836490087 0.0600482347314351
113 0.4798121057783996 0.5417526048072213 0.060200012357289626 0.06365168836009243
168 0.3689356141813566 0.571753880160555 0.05147892836490087 0.05977483265791648
8 0.4225062831547174 0.5873392154103696 0.05779259536109542 0.06188413680495355
0 0.4807326186299809 0.6025534037704621 0.05932326186299797 0.061239587841712864
131 0.42712479897204825 0.6624759164471289 0.16812260030401127 0.09489070937810169