273 0.276403656439126 0.5184035984842335 0.15370663935036716 0.3497211182719372
301 0.5157509644358271 0.647956058908826 0.07937291442319179 0.1274090270237931
259 0.46404737509809524 0.801258121324155 0.07673364773014449 0.11712994629109837
263 0.5795814468848498 0.8041927708037566 0.07691550415663499 0.12337994629109836
85 0.702723149379497 0.2911272840327396 0.08873955423577726 0.15442190637700665
99 0.8392145788463836 0.29047991010659285 0.09115150039571134 0.1568884871097012
53 0.7012157883341528 0.4806025418346557 0.08444685932948452 0.14093593848918218
72 0.832215735747728 0.4788873128655549 0.08456051959604131 0.14484218848918218
9 0.7006798939027137 0.6498471867917015 0.0780377349563052 0.13513963986866315
35 0.8240264656894682 0.6531912720469519 0.0850007887963713 0.13316438206674713
275 0.6982632507249158 0.8080724445936177 0.07611152210332381 0.12255775271353357
264 0.8169677866182932 0.8127333683834788 0.07997230799670092 0.12119997060135787
131 0.29878608795107664 0.8050780828804012 0.10305210682220212 0.16375264077317447