273 0.26171875 0.5046875 0.14375 0.3421875
301 0.49765625 0.621875 0.07578125 0.1234375
259 0.44140625 0.778125 0.0734375 0.11328125
263 0.55703125 0.775 0.0734375 0.11953125
85 0.6953125 0.2546875 0.084375 0.15
99 0.83203125 0.246875 0.08671875 0.15234375
53 0.68828125 0.44453125 0.08046875 0.13671875
72 0.81953125 0.4359375 0.08046875 0.140625
9 0.6828125 0.6140625 0.07421875 0.13125
35 0.80625 0.6109375 0.08125 0.12890625
275 0.67578125 0.77265625 0.07265625 0.11875
264 0.79453125 0.77109375 0.0765625 0.1171875
131 0.27578125 0.790625 0.0984375 0.15859375