273 0.3703185817950992 0.21891074627502238 0.15611823206687117 0.20999307448483515
270 0.3145720543035894 0.4770066661911098 0.029927800620418665 0.02791243506293455
270 0.4036345543035894 0.4837554188904022 0.027420159654926123 0.025391086307690002
259 0.3123104317754287 0.5318125653612729 0.03639632190774211 0.03151103174358667
24 0.3990020486036062 0.5949297172307283 0.03728683255140393 0.03313273132866819
23 0.3103930166726211 0.5929276641165174 0.038122712873234654 0.0339731809137497
22 0.3963415883282616 0.6442076668158098 0.03488845222957293 0.03217388257342364
20 0.30756866543178385 0.6445493637015989 0.03639632190774211 0.03151103174358667
16 0.39518899773108607 0.6943852655710543 0.03645095222957293 0.03229228174358649
11 0.30396306419094654 0.6961118637015989 0.038068082551403835 0.0331919309137497
10 0.39169265713391055 0.7443852655710542 0.03645095222957293 0.03229228174358649
35 0.3019199629501093 0.747792762871762 0.03874007190774211 0.031688630498831215
11 0.3881963165367351 0.7943852655710543 0.03661484319506556 0.034636031743586496
152 0.2989863510656103 0.8009769624568435 0.03572433255140384 0.0330143321585048
275 0.29712356628463354 0.861310811212088 0.03739609319506556 0.03469523132866783
264 0.38638816207758914 0.8539378643262989 0.03572433255140375 0.0330143321585048
248 0.29518972568745794 0.911429210382251 0.03895859319506556 0.034813630498830864
134 0.3828918214804136 0.9039378643262989 0.035778962873234656 0.0337955821585048
272 0.3817392308832381 0.9541154630815434 0.03639632190774211 0.03151103174358667
260 0.2924746350902825 0.9614884099673325 0.03723220222957302 0.03235148132866783
260 0.4016460833845831 0.5346550680605653 0.03294353997675685 0.02658673340326061