266 0.3823483601154808 0.6442143029382654 0.03627042243340188 0.028981178659881833
260 0.38468542882201145 0.3189424751880064 0.023420253954332716 0.01980523180303493
289 0.43562584631249746 0.312671050457066 0.026050505437207504 0.026945643713693724
260 0.4846854288220115 0.3142849003332315 0.021762253460041237 0.017388707195929064
266 0.4962821620160975 0.39328104156572585 0.02829875494291585 0.024711055624352517
266 0.4333882311797386 0.4632703639393013 0.03327275642579064 0.03196062944567011
260 0.38118776673155186 0.6918341656347125 0.029175505437207504 0.027091192927905537
266 0.38315217334762297 0.7393084791169479 0.027676672433401883 0.0285809183207995
266 0.38202341346179114 0.7861470918133948 0.026895422433401883 0.028544531017246653
266 0.4775587479484715 0.7762390907799375 0.026640754448624192 0.022294531017246655
266 0.4794369243362061 0.7301453407799375 0.026640754448624192 0.022294531017246655
266 0.47987993471632945 0.6809993653870434 0.02592317144481875 0.02382064371369381
266 0.480976861104064 0.6349420026905963 0.02511008794672165 0.023003006410140792
134 0.3716376476816414 0.46692621091998276 0.02982942144481875 0.024002580231458383
266 0.42871007106644543 0.8268598289931134 0.028426088935304607 0.027836055624352696
260 0.49448489867022455 0.45652590426217293 0.027422004448624193 0.022330918320799496
266 0.436306278631731 0.2385614623677248 0.05074675790866543 0.03979240012383452