41 0.4321425617576248 0.10940144695975848 0.07120506175762475 0.08837923151356138
39 0.5189187992212124 0.22364522845920246 0.0688385797043134 0.08746147362105354
38 0.4385409774344578 0.22208345748310218 0.07042381175762476 0.08833372888272546
37 0.5250898943649321 0.32851473898254613 0.06644936559769085 0.08576246572854576
36 0.44406721489804557 0.33159496537560995 0.06879311559769086 0.08589897362105355
28 0.5274002036152744 0.4347192363517102 0.06309704506457728 0.0777679552052021
26 0.4495252562016992 0.43876272326811777 0.0661538489046432 0.07560621572854594
25 0.5318951384924373 0.5355914916133819 0.062270330957954735 0.07615995257436622
24 0.45489236929210747 0.5428054811606255 0.06711695533113407 0.0819017183593818
23 0.5361400207831755 0.6278699968750538 0.06321070533113407 0.0816742052052021
110 0.4600321618494023 0.6390357390531334 0.0680573297043134 0.08741597099021767
35 0.5397627774470931 0.7255717495058898 0.06470500917119999 0.07942146046687384
152 0.46524015056663126 0.7376097469456411 0.06638116943775678 0.08341871572854594
264 0.5452806547232664 0.8616002547675616 0.06394649122451135 0.08015720783603797
275 0.4716756701626726 0.8783712548381487 0.06651756175762476 0.08810621572854557