41 0.430669292011454 0.08187515125310513 0.0697317920114541 0.08477497579950317
39 0.5155357353596351 0.19076381704234557 0.06737895134468133 0.08398009026088378
38 0.435103348026726 0.19435697053494588 0.06895054201145392 0.0847704306199634
37 0.51987888470718 0.29543313632418633 0.06501702001113578 0.08240395472226432
36 0.43871979137490713 0.30371833499632644 0.06736077001113579 0.08241759026088377
28 0.5203339653882703 0.40168768150372614 0.061801113343408785 0.0745732740041051
26 0.4423089627227702 0.4107359494577071 0.06489884134309047 0.07224770472226431
25 0.5230691614019515 0.5024598411446466 0.061001682009863244 0.07300622882456534
24 0.4458617714035422 0.5146285639190876 0.06575281667727229 0.07850224990180407
23 0.5257043600811326 0.594638250785567 0.061846566677272286 0.0784795240041051
110 0.4493236734165871 0.6107086783804683 0.06659770134468132 0.08397554508134383
35 0.5276219434277228 0.6922899556060271 0.06338179467695397 0.0761448643631848
152 0.45281284742995015 0.7091325428418488 0.06498974801081765 0.08006020472226431
264 0.5307662194461766 0.8282183652469474 0.06260963534372674 0.07692156918364504
275 0.4567929174490402 0.8497439073032294 0.06504429201145392 0.08474770472226431