260 0.4646478317584982 0.1465768058439806 0.03927332032575279 0.054062074882222165
259 0.498296145460829 0.15107837813430464 0.028417665879248943 0.055448917624907335
39 0.5026885234984629 0.27685962813430465 0.030870543283910833 0.058778969180046305
38 0.5054340667823738 0.3331779786526842 0.030089293283910835 0.058710618661666644
16 0.4659424916472975 0.2728659037704621 0.030870543283910833 0.058778969180046305
11 0.46957841233587005 0.33237760480722134 0.029898320325752792 0.05324186866166665
10 0.4731597693221117 0.3903268058439806 0.03076141587924912 0.05565396918004621
113 0.47585074890369167 0.4450826563623602 0.03076141587924912 0.0556539691800463
111 0.4785962921876024 0.5014010068807397 0.030034729581580065 0.05714811866166656
99 0.4821230854715132 0.5577877079174991 0.030815979581580066 0.0572164691800463
72 0.4855953150530932 0.6126119089542584 0.03076141587924912 0.0556539691800463
53 0.4882862946346732 0.6673677594726379 0.03076141587924912 0.0556539691800463
35 0.49175852421625316 0.7221919605093973 0.02998016587924912 0.05558561866166656
9 0.4952580356489985 0.7777974115461564 0.03081597958157989 0.0572164691800463
120 0.4987302652305784 0.8326216125829158 0.032378479581580064 0.05735317021680544
275 0.5059202610542272 0.9493012646564342 0.03218750662342203 0.051884420216805435
264 0.5406945651379113 0.9414395379835175 0.03048859736759475 0.0478414691800463
38 0.5089335782151191 0.3887834296894435 0.030089293283910835 0.05871061866166656
37 0.5124876533501954 0.4459513807262027 0.029253479581580068 0.05707976814328699
28 0.5151786329317753 0.5007072312445824 0.029253479581580068 0.05707976814328699
26 0.5179241762156861 0.557025581762962 0.029253479581579887 0.05707976814328699
25 0.5214236876484315 0.6126310327997213 0.02841766587924912 0.055448917624907425
24 0.5240601035276806 0.6658243833181009 0.02841766587924912 0.055448917624907425
23 0.5282590194069298 0.7191544348732398 0.02841766587924912 0.055448917624907425
22 0.5308954352861788 0.7723477853916194 0.027636415879248942 0.05538056710652768