272 0.4245038452042035 0.5045908409205776 0.040503173635170954 0.05265363855894449
272 0.5573163452042035 0.5084552899835054 0.041238921004335086 0.05189512061225567
272 0.4202265979056266 0.5780283409205775 0.04128442363517095 0.05267637061225568
272 0.5529935952747906 0.5826740399835054 0.042065673635170955 0.05269910266556703
35 0.46135285586872155 0.6512218000126353 0.040275660480991425 0.04874738855894432
277 0.4564308664626523 0.722292817959324 0.04018465521931951 0.047184888558944316
275 0.4086311323182551 0.7905510729738888 0.03866765785015538 0.0479206744523216
264 0.4961311323182551 0.7930970629447589 0.03862215521931951 0.047139424452321776
343 0.5035403558687215 0.6524493308914476 0.03953991311182729 0.049505906505632954
266 0.49866386909348837 0.7227390988381364 0.040366665742663344 0.05030988855894432
266 0.538364134949091 0.7935433438235714 0.04023015785015538 0.04796613855894449
290 0.450864134949091 0.7909973538527012 0.03944890785015538 0.047943406505633133
259 0.40393665606636564 0.8577158409205776 0.03940340521931951 0.047162156505633136
290 0.44690540606636553 0.8589661038527012 0.041838160480991246 0.04879285266556721
288 0.49139115343552964 0.8610430808914475 0.03857665258848364 0.04635817445232178
323 0.5336241560663655 0.86148936177026 0.03862215521931951 0.047139424452321776