272 0.4874874724316157 0.49931557629559864 0.04110560124083733 0.05221706493480802
272 0.6202999724316156 0.5016338271063775 0.04183222091900642 0.05144945170428343
272 0.4926227226837172 0.5727530762955986 0.04188685124083733 0.052230701704283435
272 0.6254898530055482 0.5758525771063775 0.04266810124083733 0.05224433847375849
35 0.542961212292157 0.6454190089251585 0.04083244963168298 0.0483108149348082
277 0.547151321578766 0.7164991221556833 0.040723188988021165 0.0467483149348082
275 0.5082634202217131 0.7852667130650738 0.03921531930985207 0.04750229139585773
264 0.5957634202217131 0.7867940312462928 0.039160688988021164 0.04672104139585791
343 0.585148712292157 0.6461553944768176 0.04010582995351371 0.04907842816533296
266 0.5892841912569351 0.7164542577073425 0.04094171027534479 0.0498733149348082
266 0.6378962898998823 0.786749166797952 0.040777819309851894 0.04752956493480802
290 0.5503962898998823 0.7852218486167329 0.03999656930985189 0.04751592816533297
259 0.5121803778991678 0.8524405762955987 0.03994193898802116 0.046734678165332964
290 0.5551491278991678 0.853190598616733 0.04239494963168298 0.04833808847375849
288 0.5997350082209987 0.8547491444768177 0.039106058666190255 0.045939791395857556
323 0.6418678778991678 0.8547042800284768 0.039160688988021164 0.04672104139585755