273 0.49921875 0.1859375 0.1234375 0.2390625
259 0.49375 0.45703125 0.0375 0.01953125
152 0.459375 0.778125 0.0375 0.03203125
9 0.459375 0.746875 0.0375 0.03203125
35 0.459375 0.71640625 0.0375 0.03203125
53 0.459375 0.68515625 0.0375 0.03203125
72 0.459375 0.653125 0.0375 0.03203125
85 0.46015625 0.6203125 0.0375 0.03203125
99 0.46171875 0.5875 0.0375 0.03203125
110 0.46171875 0.55625 0.0375 0.03203125
111 0.51875 0.75546875 0.0375 0.03203125
113 0.5203125 0.721875 0.0375 0.03203125
10 0.5203125 0.690625 0.0375 0.03203125
11 0.5203125 0.6578125 0.0375 0.03203125
16 0.521875 0.62421875 0.0375 0.03203125
20 0.52265625 0.59140625 0.0375 0.03203125
22 0.52265625 0.5578125 0.0375 0.03203125
264 0.5140625 0.88359375 0.03671875 0.0265625
275 0.45546875 0.8734375 0.03671875 0.0265625