259 0.5772589542312849 0.4117107045995361 0.01416249394987581 0.017760502965749582
275 0.5129151739806639 0.4950060242574688 0.030627831283893413 0.02858525642579064
264 0.5785356288011242 0.4968987880976332 0.029056240924813716 0.02695908942959626
39 0.5787628877781146 0.5359612880976332 0.028265900565734015 0.025364755931499162
38 0.5781452642415477 0.5640544545995361 0.028265900565734015 0.025364755931499162
37 0.5775321858845206 0.5929288711014389 0.028270445745273775 0.026146005931499162
36 0.5777003575274936 0.6218351211014388 0.028265900565734015 0.025364755931499162
28 0.5770827339909268 0.6499282876033416 0.027493740924813537 0.026895422433401883
26 0.5780321556338996 0.6788663711014389 0.028270445745273775 0.026146005931499162
25 0.5781957820973328 0.7069913711014388 0.028274990924813715 0.02692725593149916
24 0.5775827037403057 0.7358657876033416 0.027493740924813714 0.026895422433401883
23 0.5785275802037388 0.7640226211014388 0.029060786104353475 0.02774033942959626
22 0.578691206667172 0.7921476211014389 0.029060786104353652 0.02774033942959626
20 0.5780781283101448 0.8210220376033416 0.028274990924813715 0.02692725593149916
16 0.5774605047735779 0.8491152041052444 0.027502831283893414 0.028457922433401707
11 0.5131606136758137 0.5371935242574688 0.030623286104353654 0.027804006425790638
10 0.5125475353187866 0.5660679407593717 0.031399990924813534 0.027054589923887918
113 0.5127202521412993 0.5957554407593717 0.029837490924813713 0.02699092292769336
111 0.512892968963812 0.6254429407593716 0.030623286104353654 0.027804006425790638
110 0.5138423906067849 0.6543810242574688 0.030618740924813714 0.02702275642579064
99 0.5124571526088375 0.6847861072612744 0.029842036104353476 0.02777217292769336
85 0.5141923694313503 0.7145372742574688 0.030627831283893413 0.02858525642579064
72 0.5135792910743232 0.7434116907593716 0.029056240924813716 0.02695908942959626
53 0.5137565530763757 0.7738804407593717 0.031409081283893414 0.028617089923887916
35 0.5131480198988885 0.8035361072612744 0.031413626463433174 0.029398339923887917
9 0.5125349415418614 0.8324105237631774 0.029842036104353476 0.02777217292769336
260 0.5127076583643742 0.8620980237631773 0.030627831283893413 0.028585256425790816
272 0.48369284493626585 0.9765133508354837 0.022792605386194254 0.024360671444818748