259 0.5840373464083684 0.3682018075422451 0.014462543502986236 0.01767857332097762
275 0.521193813923299 0.45640370118897555 0.03110518284565984 0.028407742195451745
264 0.5868006301277087 0.4533307756910796 0.029506315254479176 0.0267906784931208
39 0.5877098199072226 0.4923932756910796 0.02868869766329869 0.025200896641955416
38 0.5875831865484727 0.5205455575422451 0.028688697663298512 0.025200896641955416
37 0.587474736985313 0.5494790893934105 0.028706881458888844 0.025982146641955417
36 0.5881475374221533 0.5783853393934104 0.02868869766329869 0.025200896641955416
28 0.5880209040634032 0.6065376212445759 0.027943815254479178 0.026736114790789856
26 0.5894749545002436 0.6354165893934105 0.028706881458888844 0.025982146641955417
25 0.5901295711414936 0.6635415893934105 0.028725065254479175 0.026763396641955418
24 0.590021121578334 0.6924751212445759 0.027943815254479178 0.026736114790789856
23 0.591456988219584 0.7205728393934104 0.029524499050069507 0.0275719284931208
22 0.592111604860834 0.7486978393934105 0.029524499050069507 0.0275719284931208
20 0.5920031552976742 0.7776313712445759 0.028725065254479175 0.026763396641955418
16 0.5918765219389244 0.8057836530957413 0.02798018284565984 0.028298614790789857
11 0.522175738885174 0.4985912011889756 0.031086999050069508 0.027626492195451748
10 0.5220672893220144 0.5275247330401409 0.03185006525447918 0.02687252404661713
113 0.5227582735544449 0.557212233040141 0.030287565254479176 0.02681796034428636
111 0.5234492577868755 0.586899733040141 0.031086999050069508 0.027626492195451748
110 0.5249033082237158 0.6157787011889756 0.031068815254479177 0.026845242195451747
99 0.5240499762517367 0.6463020148913065 0.030305749050069507 0.027599210344286185
85 0.5263034604841673 0.6759349511889756 0.03110518284565984 0.028407742195451745
72 0.5261950109210075 0.7048684830401409 0.029506315254479176 0.02679067849312098
53 0.5269041789490284 0.735337233040141 0.03188643284565984 0.02843502404661713
35 0.526813913181459 0.7650520148913065 0.031904616641249994 0.02921627404661713
9 0.5267054636182993 0.7939855467424718 0.030305749050069507 0.027599210344286185
260 0.5273964478507299 0.8236730467424719 0.03110518284565984 0.028407742195451745
272 0.5004001495980911 0.9403347570867581 0.023201763867708357 0.024228673683797552