259 0.575 0.38828125 0.0140625 0.0171875
275 0.51015625 0.47421875 0.03046875 0.02734375
264 0.57578125 0.4734375 0.02890625 0.02578125
39 0.57578125 0.5125 0.028125 0.02421875
38 0.575 0.540625 0.028125 0.02421875
37 0.57421875 0.56953125 0.028125 0.025
36 0.57421875 0.5984375 0.028125 0.02421875
28 0.5734375 0.6265625 0.02734375 0.02578125
26 0.57421875 0.65546875 0.028125 0.025
25 0.57421875 0.68359375 0.028125 0.02578125
24 0.5734375 0.7125 0.02734375 0.02578125
23 0.57421875 0.740625 0.02890625 0.0265625
22 0.57421875 0.76875 0.02890625 0.0265625
20 0.5734375 0.79765625 0.028125 0.02578125
16 0.57265625 0.82578125 0.02734375 0.02734375
11 0.51015625 0.51640625 0.03046875 0.0265625
10 0.509375 0.5453125 0.03125 0.02578125
113 0.509375 0.575 0.0296875 0.02578125
111 0.509375 0.6046875 0.03046875 0.0265625
110 0.51015625 0.63359375 0.03046875 0.02578125
99 0.50859375 0.6640625 0.0296875 0.0265625
85 0.51015625 0.69375 0.03046875 0.02734375
72 0.509375 0.72265625 0.02890625 0.02578125
53 0.509375 0.753125 0.03125 0.02734375
35 0.50859375 0.7828125 0.03125 0.028125
9 0.5078125 0.81171875 0.0296875 0.0265625
260 0.5078125 0.84140625 0.03046875 0.02734375
272 0.478125 0.95703125 0.02265625 0.0234375