260 0.59921875 0.0953125 0.03203125 0.03359375
56 0.67421875 0.209375 0.0375 0.06796875
55 0.60078125 0.2109375 0.0390625 0.0703125
260 0.525 0.20859375 0.03984375 0.07578125
47 0.67421875 0.30625 0.04453125 0.071875
46 0.60078125 0.303125 0.03671875 0.06640625
260 0.5265625 0.3046875 0.040625 0.0703125
43 0.67734375 0.39765625 0.03828125 0.0640625
42 0.60234375 0.396875 0.0375 0.06484375
260 0.52734375 0.396875 0.03828125 0.07265625
39 0.67734375 0.4859375 0.03671875 0.0625
38 0.60234375 0.4890625 0.0359375 0.06640625
37 0.528125 0.4953125 0.0390625 0.06640625
36 0.68046875 0.58125 0.0328125 0.0609375
28 0.60625 0.5828125 0.03671875 0.06640625
26 0.52890625 0.5875 0.040625 0.0703125
25 0.68046875 0.6734375 0.0359375 0.06484375
24 0.60546875 0.6765625 0.034375 0.06875
23 0.5296875 0.6828125 0.03828125 0.06640625
22 0.68125 0.76640625 0.03828125 0.071875
16 0.60859375 0.771875 0.0359375 0.06640625
11 0.53125 0.7796875 0.03671875 0.06484375
10 0.68359375 0.87734375 0.03828125 0.06796875
113 0.6859375 0.96640625 0.03984375 0.06484375
290 0.5859375 0.92734375 0.096875 0.14296875