260 0.6036580010334573 0.10577190218745539 0.033595904052775974 0.03415285754848196
56 0.6839705473521849 0.22114353205707168 0.040665695409104786 0.0686233149348082
55 0.6106058219592908 0.22142417572640571 0.042337357319763666 0.0709943384737585
260 0.534715410048632 0.21775765908731426 0.0433733184446341 0.07647672524323372
47 0.6884825729927482 0.3180185320570717 0.04787888192686936 0.07265229586008468
46 0.6148995237785363 0.3136116757264057 0.03981167080199892 0.06704717816533297
260 0.5407535483856423 0.31387868262626456 0.04389985731976367 0.07102161201270878
43 0.6958648875084407 0.4094793291349724 0.041265008891340216 0.06473070170428326
42 0.6208285002048878 0.407388949265356 0.04052014619489306 0.06549831493480802
260 0.5458285002048877 0.4060798193957398 0.04166526923042237 0.07332445170428344
39 0.6999766528099217 0.4977605791349724 0.03962973428423418 0.06314092816533297
38 0.6251222020241334 0.499576449265356 0.03903042080199892 0.0670335413958579
37 0.5511945504525568 0.5045309561652149 0.042155420801998925 0.0670880884737585
36 0.707540903843379 0.5931276262128731 0.03565070967712849 0.06151024431795715
28 0.6333949284504848 0.5933946331127319 0.0398116708019991 0.06704717816533297
26 0.5562695022718025 0.5967320929346901 0.04389985731976367 0.07102161201270878
25 0.7118346056626246 0.6853151262128729 0.03895764619489306 0.06547104139585791
24 0.6369801548768363 0.6871309963432568 0.037577082712657625 0.06935001785690745
23 0.5614900033052597 0.6920582297041653 0.04137417080199892 0.06707445170428343
22 0.716945944785423 0.7782975129823482 0.04162888192686935 0.07254320170428344
16 0.6445444059102936 0.7824980434211574 0.0390304208019991 0.0670335413958579
11 0.5675645289458229 0.7889605032431156 0.039738896194893056 0.06548467816533296
10 0.7244566918899389 0.8892759232907738 0.041446945409104784 0.06863695170428344
113 0.7309485944949727 0.9728048604887913 0.04286389619489306 0.05439027902241733
290 0.6291292293173264 0.9326207361994584 0.10353387655018587 0.13475852760108326