10 0.6078125 0.040625 0.065625 0.08125
85 0.47109375 0.04765625 0.0703125 0.0953125
113 0.61171875 0.17109375 0.0640625 0.09609375
111 0.61484375 0.29921875 0.0609375 0.08984375
110 0.61640625 0.41875 0.0546875 0.07890625
72 0.47890625 0.18671875 0.0671875 0.09375
53 0.48671875 0.31640625 0.0609375 0.0875
35 0.49296875 0.43984375 0.0578125 0.08359375
260 0.49765625 0.553125 0.0640625 0.08125
142 0.63671875 0.64453125 0.0515625 0.07265625
298 0.64453125 0.765625 0.0609375 0.08515625
330 0.4953125 0.80078125 0.059375 0.07734375
266 0.4890625 0.67578125 0.05625 0.06875