290 0.41328125 0.12421875 0.12265625 0.0859375
290 0.61640625 0.1203125 0.125 0.0875
266 0.61484375 0.259375 0.12109375 0.084375
113 0.61171875 0.3453125 0.11484375 0.078125
111 0.61015625 0.42890625 0.1125 0.0734375
110 0.61015625 0.50859375 0.1125 0.0765625
99 0.61015625 0.5875 0.1125 0.06875
85 0.61015625 0.6609375 0.1125 0.075
72 0.41953125 0.3453125 0.11484375 0.078125
53 0.42265625 0.4296875 0.10859375 0.075
35 0.42265625 0.50703125 0.10859375 0.0734375
9 0.42421875 0.584375 0.10234375 0.06875
120 0.42578125 0.6609375 0.10234375 0.065625
121 0.42578125 0.734375 0.10234375 0.065625
266 0.43046875 0.80859375 0.09765625 0.0671875