290 0.420516168302912 0.10978665073348863 0.1276615393919517 0.09022075063297219
290 0.6234136551487325 0.09878711943047738 0.13009629465362343 0.09186509618646847
266 0.629950623437527 0.23790418313280823 0.12600803413027978 0.08860368693064133
113 0.6318309128294787 0.32395081053746994 0.11939401308359247 0.08213543212131791
111 0.6351371943289226 0.40759912423980077 0.1167772472985769 0.07736608656782167
110 0.6397784626741869 0.48728662423980074 0.11695925782192056 0.08049108656782167
99 0.6443742283886152 0.5661928742398008 0.11650423151356133 0.07267858656782167
85 0.6486514756871922 0.6396303742398007 0.11686825256024883 0.07892858656782167
72 0.43964341282947866 0.3306621459241652 0.11939401308359247 0.08213543212131791
53 0.44768269695975854 0.41492801851950356 0.11296200256024883 0.0787921773119944
35 0.45218745741251504 0.49227176851950355 0.1128709972985769 0.0772296773119944
9 0.45825471786527155 0.5695609548171726 0.10634798151356133 0.07232392250267097
120 0.4642764756871921 0.6460688911148418 0.10616597099021767 0.06919892250267097
121 0.46855372298576903 0.7195063911148418 0.10616597099021767 0.06919892250267097
266 0.4775639729151819 0.7935614500078493 0.10156947625188958 0.07059773139567849