99 0.169952689412612 0.27023554003761857 0.13329959730535199 0.10434394319364851
85 0.7224246487459558 0.4048107416714052 0.12946420228437389 0.09484160920125966
72 0.17844950579957003 0.39596771049385404 0.12802010145453693 0.09634044220506528
53 0.7096976605688105 0.5210578241809192 0.12459910352912935 0.09230685821267652
35 0.18488691471799537 0.5075100469577007 0.12387705311421086 0.09305627471457925
9 0.7006876682424803 0.6296197406828219 0.12285900477388481 0.08989944121648215
119 0.18915817239166519 0.616613132927256 0.11637220643355875 0.08651977323170464
290 0.684550414918488 0.8115554901885303 0.0951125130722545 0.07319210228117753
290 0.18528412072734685 0.8021832184025195 0.09871110975290667 0.0795694362735663
272 0.43959311242897703 0.7968722717860108 0.0915731159766839 0.06759601828878878
272 0.4476396429231638 0.9492306092384407 0.08321616431700996 0.07037084980971926
248 0.19561520163645202 0.955418306349241 0.08917016639160247 0.06671926779449713
134 0.6695854979021856 0.9647757192768249 0.09378681141258056 0.07044856144635006
272 0.7499953869231011 0.28916849562573776 0.07060942054078741 0.05817459733826169
266 0.4402535340186716 0.2710618468811511 0.11402845643355874 0.08642427273741297