99 0.20053980536065774 0.2669186623284377 0.12982410425834381 0.10214634109003491
85 0.7660294955885567 0.3916933775622576 0.12631710228117754 0.09269860590767368
72 0.2236019150562091 0.3923368896270141 0.12481826927737191 0.0942247383164931
53 0.766866436805039 0.5080087085843061 0.12153410178688588 0.09024575313413194
35 0.24296602178601087 0.5036198817432294 0.12078468528498316 0.09100881933854162
9 0.7705100430405492 0.6165842747887159 0.1198761012925944 0.08786563554295146
119 0.2598908780215211 0.6125045724726738 0.11349876730020556 0.08459516517822933
290 0.7755834980971958 0.7985609734019451 0.09267693133065044 0.07162238649288195
290 0.2775916670705565 0.7978972118153476 0.09605659931542795 0.0779451216752431
272 0.5300799971086125 0.7881637615865976 0.08932909684397003 0.0660809013105208
272 0.5557869457394686 0.9401808564763545 0.0808626808363588 0.06900587955902751
248 0.30567419919950967 0.9507501080918752 0.08695351334587284 0.06524509992375016
134 0.7788251977166348 0.954738238219584 0.09124176532303921 0.07471101890170147
272 0.7800363043720747 0.27572353865642424 0.06866642836490086 0.057014372625173684
266 0.4696572198853943 0.26303582180708374 0.11115501730020547 0.08454061379145843