259 0.4765625 0.42578125 0.028125 0.02578125
38 0.478125 0.5125 0.028125 0.02734375
37 0.47890625 0.54140625 0.02890625 0.028125
36 0.478125 0.5703125 0.02890625 0.0296875
28 0.478125 0.60078125 0.02890625 0.0296875
26 0.47890625 0.63046875 0.0296875 0.028125
25 0.47890625 0.659375 0.0296875 0.02890625
24 0.47890625 0.6890625 0.0296875 0.0296875
23 0.47890625 0.71875 0.0296875 0.02890625
22 0.47890625 0.74765625 0.03046875 0.02890625
20 0.4796875 0.77734375 0.03046875 0.0328125
16 0.478125 0.8078125 0.0296875 0.0328125
11 0.3984375 0.51484375 0.03203125 0.0265625
10 0.4 0.5453125 0.03046875 0.028125
113 0.4 0.57734375 0.03046875 0.03046875
110 0.4 0.60859375 0.03125 0.028125
99 0.4 0.640625 0.03125 0.02890625
85 0.4 0.671875 0.03125 0.0296875
72 0.40078125 0.70234375 0.03046875 0.0296875
53 0.40078125 0.73359375 0.03203125 0.02890625
35 0.40078125 0.76640625 0.03203125 0.03046875
9 0.4 0.79765625 0.0296875 0.03203125
152 0.39921875 0.82890625 0.034375 0.03359375
264 0.47890625 0.85625 0.02890625 0.03046875
275 0.4 0.88125 0.03046875 0.0359375
260 0.4375 0.9546875 0.03203125 0.03203125