259 0.4815169133911337 0.40913932078908893 0.02842499200349984 0.026763396641955418
38 0.48408847740290584 0.4958035070867581 0.02844317333704538 0.028325896641955416
37 0.4852060820734966 0.5246824752355927 0.029233514003817972 0.0291344284931208
36 0.48476118674408736 0.5536160070867581 0.029251695337363513 0.03069692849312098
28 0.48511572274822345 0.5840847570867581 0.029251695337363513 0.03069692849312098
26 0.486242418085587 0.6137449752355927 0.030014764003817973 0.029161710344286364
25 0.4865787727561777 0.6426512252355927 0.030023854670590745 0.02994296034428636
24 0.48692421809354114 0.6723387252355927 0.030032945337363514 0.03072421034428636
23 0.48726966343090455 0.7020262252355927 0.030023854670590565 0.02994296034428636
22 0.4876060181014953 0.7309324752355927 0.030805104670590742 0.029970242195451746
20 0.4887327134388588 0.7605926933844274 0.030850558004454243 0.033876492195451746
16 0.48752474944299495 0.7911160070867581 0.030069308004454242 0.03384921034428636
11 0.40442824940322397 0.5009300059056317 0.032340332670272434 0.027681055897782515
10 0.40634528540736026 0.5313441922033009 0.030796014003817974 0.029188992195451745
113 0.40671800274504183 0.5633754422033009 0.030823286004136106 0.03153274219545175
110 0.4070816294159507 0.5946254422033009 0.031577264003817974 0.02921627404661713
99 0.40745434675363235 0.6266566922033009 0.03158635467059075 0.02999752404661713
85 0.40781797342454124 0.6579066922033009 0.03159544533736351 0.03077877404661713
72 0.40895375942867745 0.6883481603521355 0.030814195337363515 0.030751492195451747
53 0.40931738609958634 0.7195981603521355 0.032367604670590744 0.030024805897782513
35 0.40969919410404076 0.7524106603521356 0.03238578600413611 0.03158730589778251
9 0.40928157077494953 0.783687942203301 0.03006021733768165 0.033067960344286364
152 0.4088639474458585 0.8149652240544665 0.034765898671227015 0.03479415145127902
264 0.4888696207829037 0.8395262252355927 0.02926078600413611 0.03147817849312062
275 0.41025427211963084 0.8672816922033009 0.030886920671545148 0.03700149219545175
260 0.4486087947962668 0.9394096633473603 0.03240396733768165 0.03314980589778251