263 0.52890625 0.02734375 0.0484375 0.05390625
113 0.5265625 0.1640625 0.05 0.09375
111 0.52421875 0.26640625 0.04921875 0.090625
110 0.521875 0.36640625 0.04765625 0.08828125
99 0.52109375 0.465625 0.046875 0.08515625
85 0.51953125 0.56015625 0.04609375 0.08671875
72 0.5171875 0.65234375 0.04609375 0.0859375
53 0.45703125 0.15859375 0.05234375 0.09453125
35 0.45546875 0.26484375 0.05 0.09375
9 0.45390625 0.3671875 0.04921875 0.09140625
120 0.453125 0.46796875 0.04921875 0.08984375
121 0.453125 0.565625 0.04765625 0.090625
122 0.45234375 0.66171875 0.04921875 0.08984375
290 0.5140625 0.871875 0.04140625 0.07890625
288 0.45078125 0.884375 0.0421875 0.078125