263 0.5282698171543403 0.012451087739996375 0.04969218189572917 0.02490217547999275
113 0.5227439029260414 0.13339372681658684 0.05218205547083343 0.09666216837349917
111 0.518018075703715 0.23587398470909463 0.051328070288472284 0.09349166574266325
110 0.5133467998681593 0.33601049260160243 0.049711018901701466 0.09105691048099143
99 0.510256207828194 0.4352747452324383 0.04885703371934032 0.08788640785015556
85 0.5064934685617704 0.5298970004941103 0.0481121513105208 0.08940340521931951
72 0.5020040306821175 0.622221008386618 0.04809396751493065 0.08862215521931952
53 0.4533399394951735 0.13197471096098415 0.054543989266423766 0.09757992626600695
35 0.4493044432948956 0.238315716222656 0.05218205547083343 0.09666216837349921
9 0.44535986607256917 0.34075047148432785 0.05134625408406261 0.09427291574266325
120 0.44223290644142316 0.44157722411516376 0.05130988649288213 0.09271041574266317
121 0.43995993199263844 0.5392334741151638 0.04976557028847228 0.09340066048099142
122 0.4369420751350342 0.6353727267459996 0.05130988649288213 0.09271041574266334
290 0.49376938412124927 0.8419342689099617 0.043242813354618194 0.08131788943430393
288 0.43019719339180484 0.8581199820076716 0.04400587955902786 0.0805821420651398