273 0.5096494804394389 0.3353675277011615 0.11238489258219672 0.1523614393936934
264 0.3875520731579211 0.43786068464399497 0.036746405472495525 0.06191682383528967
275 0.344624266735486 0.43482753787792683 0.03822701831736568 0.060436210990419424
260 0.24984735527009674 0.43456086499257685 0.03921298620519007 0.06438340456798422
53 0.3795581094539683 0.5455503539113004 0.038349849050060315 0.06277996099041942
72 0.4211690773417926 0.5438141135222387 0.03353951831736559 0.060190549525030154
85 0.46039535165205214 0.5427362924004826 0.03341668758467105 0.057846799525030156
99 0.49958068238474673 0.5424397212787264 0.03185418758467105 0.057764912369900404
110 0.5355591259623116 0.5435418758467107 0.03341668758467105 0.057846799525030336
9 0.3725058480340075 0.6352712731786057 0.03341668758467105 0.057846799525030156
35 0.41419870307696166 0.6319725327895442 0.03247166327441153 0.05468085594746519
186 0.33003174299105337 0.6385290699901024 0.03580138116223601 0.0587508802577247
152 0.2859132507929695 0.6432674796464694 0.036582631162235923 0.05879182383528967
119 0.23957383932758022 0.6455393085701416 0.03921298620519007 0.06438340456798422
260 0.390858536861874 0.3299253539113004 0.036992066937884704 0.06660432383528966