273 0.5006547357459965 0.32617318583433297 0.11667680121764619 0.1505307680561673
264 0.37538405559039634 0.43070194001068424 0.03850426166892955 0.06132936960011346
275 0.33247907846921365 0.4284201881965857 0.0399392159112951 0.05982143330244423
260 0.23756519119631 0.42980658420556894 0.041039330305381407 0.06375496515360961
53 0.3642396483136134 0.5384325944571879 0.040130534547746864 0.0621651833024444
72 0.40596476270769977 0.5359722825689556 0.0352517159112951 0.059657742195451745
85 0.4452823542229688 0.534211375127227 0.035060397274843245 0.057313992195451746
99 0.4845361728594206 0.5332317176854984 0.033497897274843244 0.057259428493120976
110 0.5205374457382379 0.5337054328391082 0.035060397274843245 0.057313992195451746
9 0.35456201724962766 0.6281944989036916 0.035060397274843245 0.057313992195451746
35 0.3964146774013485 0.6241716870154594 0.034024055759574165 0.054161710344286365
186 0.31192810709790675 0.6321900289407585 0.03746792015366056 0.0581770877489479
152 0.2676041511885513 0.6376934952754946 0.03824917015366056 0.058204369600113284
119 0.2211277639156477 0.6407713660567345 0.041039330305381407 0.06375496515360979
260 0.3818409628671793 0.32280759445718793 0.03888689894183326 0.06601686960011337