103 0.6003552040930145 0.0976871432595652 0.05692943068726617 0.09024321969684668
102 0.5017096641789227 0.10342480890882597 0.06104039857509047 0.09435418758467104
101 0.40479039857509047 0.11236936171321647 0.05947789857509047 0.09427230042954134
100 0.6175504274079058 0.24739721619034372 0.0598054471956095 0.10052230042954129
95 0.5127777182265086 0.2551510832190855 0.06572789857509047 0.09459984905006032
94 0.4133918718899817 0.26162905529078134 0.06350697930778501 0.09682076831736568
93 0.6337563608087053 0.4079629019659924 0.0621491971956095 0.10064513116223602
92 0.528243345204873 0.41645707541716936 0.06695952792830404 0.10323454262762528
91 0.4240881117132164 0.42112688602347603 0.06716424581612852 0.1071407926276251
89 0.6511529799851536 0.5763820313192062 0.06716424581612852 0.1071407926276251
88 0.5425968515364512 0.5862749304601235 0.05746169719560949 0.10039946969684674
87 0.4346172551999243 0.5923025231786058 0.06740990728151779 0.1118282926276251
168 0.4494211408847161 0.7707141282215598 0.06929995590203682 0.11816017978275503
260 0.6674784220923804 0.75409427351729 0.06662865728151779 0.11178734905006031