103 0.596875 0.06640625 0.05234375 0.0875
102 0.49765625 0.07734375 0.05625 0.09140625
101 0.4 0.09140625 0.0546875 0.09140625
100 0.60625 0.215625 0.0546875 0.09765625
95 0.50078125 0.22890625 0.0609375 0.09140625
94 0.40078125 0.240625 0.05859375 0.09375
93 0.6140625 0.37578125 0.05703125 0.09765625
92 0.5078125 0.38984375 0.06171875 0.1
91 0.403125 0.4 0.06171875 0.10390625
89 0.62265625 0.54375 0.06171875 0.10390625
88 0.51328125 0.559375 0.05234375 0.09765625
87 0.4046875 0.57109375 0.06171875 0.10859375
168 0.41015625 0.74921875 0.06328125 0.11484375
260 0.6296875 0.72109375 0.0609375 0.10859375