56 0.486549622002072 0.058924347835039394 0.05045807237357565 0.06293191048099138
55 0.6403959059148028 0.13488906640618264 0.048859185070022446 0.062059655219319554
54 0.6339960485950392 0.20538357692952633 0.04867724855225788 0.05815340521931951
47 0.6284502158823815 0.27427008482203413 0.048604473945152195 0.05659090521931951
46 0.6223050696874883 0.33929584534537777 0.04856808664159917 0.05580965521931951
44 0.6169411734925954 0.40427610323788554 0.04696919933804615 0.05493739995764777
43 0.6117228265119139 0.46613136113039333 0.04607878742738745 0.05254814732681172
42 0.6065408668347855 0.5272053690229012 0.04611517473094047 0.053329397326811724
41 0.5779686805219086 0.1369667768730566 0.051202935070022625 0.062196163111827296
39 0.5723136858985921 0.2081970347655644 0.04789599855225788 0.05810790258848364
38 0.5668042404894873 0.27630229265807216 0.04700558664159917 0.05571864995764768
37 0.5621488196874884 0.342799547919744 0.04611517473094047 0.053329397326811724
36 0.5576025607961481 0.40695305318141584 0.04618794933804615 0.054891897326811726
28 0.5531654638154668 0.46876280844308765 0.045297537427387444 0.052502644695975854
26 0.5488375287454443 0.5282288137047596 0.04593323821317572 0.0494231473268119
25 0.5139061805219086 0.1406979926016024 0.048822797766469604 0.06127840521931956
24 0.5106677105056979 0.21022924260160242 0.048604473945152195 0.0565909052193196
23 0.5059031277930403 0.2790702478632743 0.04704197394515201 0.05649989995764777
22 0.5028102069910412 0.3454764978632743 0.04689642473094047 0.05337489995764777
20 0.4982639480997012 0.40963000312494613 0.045297537427387444 0.052502644695975854
16 0.4946444884225727 0.47061300575578197 0.044516287427387446 0.05245714206513981
11 0.49184266604899723 0.530769255755782 0.04526115012383443 0.05172139469597585
10 0.4507340924325674 0.1420399556993123 0.050385297766469606 0.061369410480991426
113 0.44820409780925086 0.21308820306847637 0.05031252315936374 0.059806910480991425
111 0.44422076509659314 0.2818837056993123 0.0494948858558109 0.058980157850155465
110 0.44269034429459425 0.34819895043764043 0.048604473945152195 0.05659090521931951
99 0.439706585403254 0.4122614504376404 0.047005586641599 0.05571864995764777
85 0.43686837572612564 0.47319895043764043 0.044516287427387446 0.05245714206513981
72 0.43406655335255007 0.5333552004376404 0.04518837551672874 0.050158894695975856
53 0.45917140715765703 0.5965608557275471 0.04518837551672874 0.050158894695975856
35 0.45651513399829324 0.6535921057275471 0.04515198821317572 0.04937764469597585
9 0.4538588608389295 0.7106233557275472 0.04348032630251701 0.046942889434303935
275 0.4498391408227188 0.7802001083583832 0.043443938998963996 0.04616163943430411
264 0.5583601162156129 0.7754377426721896 0.04266268899896399 0.046116136803468065
266 0.5049440177871896 0.7847819215690325 0.056673839122798594 0.096017426266007