263 0.3684741328900749 0.12954526816771153 0.13317193874502423 0.11521002500484916
259 0.5296835469205197 0.12884428225253713 0.12276102076024671 0.10813097758022465
113 0.5229958537268713 0.25475307801017166 0.1202262697716634 0.10325215894377289
111 0.36999818771926 0.2641275622583561 0.1311637697716635 0.10414497924721466
110 0.5217596644875554 0.3615292364949026 0.1186001027754692 0.10156211318613835
99 0.37085108049516663 0.37696240210663523 0.12497743676785786 0.1051972962166765
85 0.5159951427387256 0.464781782252537 0.1097516847906915 0.09461061151914833
72 0.3703006407615592 0.48601853771254894 0.12003526878308027 0.0985646589437728
53 0.5158267049822844 0.5644629178584507 0.10559076680591399 0.08804174712506203
35 0.37081795251082655 0.5879796504396453 0.11593801779449713 0.09355829454968649
9 0.511225435210621 0.658276690737268 0.107153266805914 0.08816929288269666
152 0.36990009825248277 0.6869433089243763 0.11821810079830275 0.09218711318613834
264 0.50402574745418 0.7585317822525373 0.10559076680591381 0.08804174712506203
275 0.3687912430055557 0.7905944674091072 0.11593801779449713 0.09355829454968667
272 0.43584479734044923 0.9221635896791012 0.08575842787060939 0.05994869803344756