113 0.48072461514299236 0.20622089471589194 0.033370351517208796 0.05586533942959626
111 0.5294494154425549 0.2961163828528938 0.03227023712312231 0.05192725593149907
110 0.47378934680610296 0.30072031121779474 0.034024055759574165 0.05433467292769336
99 0.5219242157421172 0.38830388285289386 0.03227023712312231 0.05192725593149907
85 0.46769910134803094 0.3944066442216003 0.03227023712312231 0.05192725593149907
72 0.5153715846781315 0.4781157993547966 0.031297668486670635 0.04955167243340171
53 0.4610189245264106 0.4857810607235031 0.03227023712312231 0.05192725593149916
35 0.5089464993717802 0.5663652158566994 0.031297668486670635 0.04955167243340188
9 0.45453006634124204 0.574811727225406 0.03324280575957417 0.05430283942959626
275 0.44746725224671813 0.6708736437273087 0.03292394136548786 0.05039658942959626
264 0.5012299810348908 0.6608964658566994 0.031361441365487866 0.050332922433401886