273 0.4943364539315628 0.2658379167329515 0.09251546153100705 0.0487198580124085
259 0.500152002468542 0.3479146200668151 0.023038109707395903 0.016669879336408934
81 0.5578742367009725 0.3782657387412239 0.02554551386770836 0.023728401336727066
80 0.5585652209334031 0.40795323874122386 0.025527330072118205 0.02294715133672707
79 0.5599829037790629 0.43530607940799654 0.02629039627652787 0.022174992003499837
78 0.5614369542159031 0.4642214200747693 0.02549096248093754 0.021384651336727244
77 0.5628546370615629 0.491574260741542 0.02632676386770836 0.023737492003499838
76 0.5642905037028129 0.5197083514083147 0.02632676386770818 0.023737492003499838
75 0.5657081865484728 0.5470611920750874 0.025527330072118205 0.02294715133672707
74 0.5663446193941324 0.5744049420750874 0.026308580072118205 0.022956242003499838
73 0.5677623022397922 0.6017577827418602 0.024782447663298512 0.024500560669954298
64 0.5684169188810422 0.6298827827418603 0.024782447663298512 0.024500560669954298
63 0.5698164179311117 0.6564543734086328 0.024782447663298512 0.024500560669954298
62 0.5704528507767714 0.6837981234086329 0.02556369766329869 0.024509651336727067
61 0.5718705336224311 0.7111509640754056 0.02400119766329869 0.024491470003181703
60 0.5732700326725005 0.7377225547421784 0.024782447663298512 0.024500560669954298
59 0.5739064655181604 0.7650663047421784 0.02321994766329851 0.024482379336408934
57 0.5753059645682298 0.7916378954089511 0.024800631458888844 0.025281810669954295
56 0.5016242367009726 0.37761121073358783 0.026344947663298514 0.02451874200349984
55 0.5030782871378128 0.40652655140036054 0.02632676386770836 0.023737492003499838
54 0.5045323375746531 0.4354418920671333 0.027089830072118026 0.02296533267027261
47 0.5059863880114934 0.46435723273390594 0.026308580072118205 0.022956242003499838
46 0.5074222546527435 0.49249132340067875 0.02634494766329869 0.02451874200349984
44 0.5088763050895837 0.5214066640674515 0.02712619766329851 0.02452783267027243
43 0.510330355526424 0.5503220047342242 0.026344947663298514 0.02451874200349984
42 0.5110031559632644 0.5792282547342242 0.02634494766329869 0.02451874200349984
41 0.5124390226045143 0.6073623454009969 0.026344947663298514 0.02451874200349984
39 0.5138567054501741 0.6347151860677697 0.027144381458888846 0.02530908267027243
38 0.5145295058870144 0.6636214360677697 0.02634494766329869 0.02451874200349984
37 0.5159653725282645 0.6917555267345423 0.026363131458888845 0.02529999200349984
36 0.5181643053739242 0.7191174580680878 0.026344947663298514 0.02451874200349984
28 0.5180558558107645 0.7480146174013151 0.026381315254479176 0.026081242003499837
26 0.5194917224520145 0.7761487080680878 0.025563697663298513 0.024509651336727067
25 0.5209094052976743 0.8035015487348606 0.026381315254479176 0.026081242003499837
24 0.521545838143334 0.8308452987348606 0.025600065254479176 0.026072151336727245
23 0.44065036910979194 0.3753396387253155 0.028706881458888844 0.025327264003817972
22 0.4429038533422226 0.4050453200588609 0.029506315254479176 0.026117604670590745
20 0.4443942713702434 0.4355231607256337 0.028688697663298512 0.02454601400381797
16 0.4458483218070837 0.46443850139240633 0.02946994766329869 0.024555104670590744
11 0.44811998983510454 0.4949254327259518 0.029488131458888844 0.025336354670590745
10 0.4495922240675352 0.5246220233927246 0.029469947663298513 0.024555104670590744
113 0.45106445829996566 0.5543186140594972 0.029469947663298513 0.024555104670590744
111 0.452518508736806 0.58323395472627 0.029488131458888844 0.025336354670590745
110 0.4531913091736463 0.6121402047262701 0.028706881458888844 0.025327264003817972
99 0.45466354340607695 0.6418367953930428 0.027907447663298512 0.02453692333704538
85 0.4561175938429172 0.6707521360598154 0.027943815254479178 0.02609942333704538
72 0.45835289427975745 0.6996765673933609 0.02798018284565984 0.02766192333704538
53 0.4590438785121881 0.7293640673933609 0.028725065254479175 0.026108514003817973
35 0.4604979289490284 0.7582794080601335 0.02796199905006951 0.02688067333704538
9 0.46195197938586874 0.7871947487269063 0.02796199905006951 0.02688067333704538
152 0.4626247798227091 0.8161009987269064 0.02719893284565984 0.02765283267027243
251 0.46482371266836875 0.8434629300604517 0.02798018284565984 0.02766192333704538
142 0.4950203589448966 0.8656833753978151 0.024001197663298512 0.024491470003181703
136 0.5501618006242716 0.8522663127386785 0.021621080072118028 0.02290169800286357