273 0.48828125 0.26015625 0.09140625 0.04765625
259 0.4921875 0.3421875 0.02265625 0.01640625
81 0.54921875 0.371875 0.025 0.0234375
80 0.54921875 0.4015625 0.025 0.02265625
79 0.55 0.42890625 0.02578125 0.021875
78 0.55078125 0.4578125 0.025 0.02109375
77 0.5515625 0.48515625 0.02578125 0.0234375
76 0.55234375 0.51328125 0.02578125 0.0234375
75 0.553125 0.540625 0.025 0.02265625
74 0.553125 0.56796875 0.02578125 0.02265625
73 0.55390625 0.5953125 0.02421875 0.02421875
64 0.55390625 0.6234375 0.02421875 0.02421875
63 0.5546875 0.65 0.02421875 0.02421875
62 0.5546875 0.67734375 0.025 0.02421875
61 0.55546875 0.7046875 0.0234375 0.02421875
60 0.55625 0.73125 0.02421875 0.02421875
59 0.55625 0.75859375 0.02265625 0.02421875
57 0.55703125 0.78515625 0.02421875 0.025
56 0.49296875 0.371875 0.02578125 0.02421875
55 0.49375 0.40078125 0.02578125 0.0234375
54 0.49453125 0.4296875 0.0265625 0.02265625
47 0.4953125 0.45859375 0.02578125 0.02265625
46 0.49609375 0.48671875 0.02578125 0.02421875
44 0.496875 0.515625 0.0265625 0.02421875
43 0.49765625 0.54453125 0.02578125 0.02421875
42 0.49765625 0.5734375 0.02578125 0.02421875
41 0.4984375 0.6015625 0.02578125 0.02421875
39 0.49921875 0.62890625 0.0265625 0.025
38 0.49921875 0.6578125 0.02578125 0.02421875
37 0.5 0.6859375 0.02578125 0.025
36 0.5015625 0.71328125 0.02578125 0.02421875
28 0.50078125 0.7421875 0.02578125 0.02578125
26 0.5015625 0.7703125 0.025 0.02421875
25 0.50234375 0.79765625 0.02578125 0.02578125
24 0.50234375 0.825 0.025 0.02578125
23 0.43203125 0.3703125 0.028125 0.025
22 0.43359375 0.4 0.02890625 0.02578125
20 0.434375 0.43046875 0.028125 0.02421875
16 0.43515625 0.459375 0.02890625 0.02421875
11 0.43671875 0.48984375 0.02890625 0.025
10 0.4375 0.51953125 0.02890625 0.02421875
113 0.43828125 0.54921875 0.02890625 0.02421875
111 0.4390625 0.578125 0.02890625 0.025
110 0.4390625 0.60703125 0.028125 0.025
99 0.43984375 0.63671875 0.02734375 0.02421875
85 0.440625 0.665625 0.02734375 0.02578125
72 0.4421875 0.69453125 0.02734375 0.02734375
53 0.4421875 0.72421875 0.028125 0.02578125
35 0.44296875 0.753125 0.02734375 0.0265625
9 0.44375 0.78203125 0.02734375 0.0265625
152 0.44375 0.8109375 0.0265625 0.02734375
251 0.4453125 0.83828125 0.02734375 0.02734375
142 0.475 0.86015625 0.0234375 0.02421875
136 0.53046875 0.84609375 0.02109375 0.02265625