273 0.3822776324155178 0.18929514651162893 0.258249178596461 0.1339894779438914
26 0.27923585182191496 0.5742826133536368 0.07219171027534461 0.05362445018457009
28 0.3521106231092384 0.5758136374123304 0.07219171027534461 0.05362445018457009
36 0.42727451407473105 0.5782761057954977 0.07620722091900642 0.055437274058693475
25 0.4265589660522024 0.6221763001199717 0.07620722091900642 0.055437274058693475
22 0.4235542983515047 0.6651450501199717 0.07620722091900642 0.055437274058693475
11 0.42060426097263787 0.7073325501199716 0.07620722091900642 0.055437274058693475
24 0.3490513250867099 0.6195636374123303 0.07620722091900642 0.055437274058693475
23 0.27634044476487896 0.6156888633536368 0.07620722091900642 0.055437274058693475
16 0.27344503770784295 0.6570951133536369 0.07604332995351379 0.05309352405869348
20 0.34849966802967386 0.6611200817368043 0.0760433299535137 0.05309352405869348
10 0.3432605109726379 0.7023761374123303 0.07604332995351379 0.05309352405869348
113 0.2706042609726379 0.6977201133536368 0.07604332995351379 0.05309352405869348
99 0.26776348423743274 0.7383451133536368 0.07604332995351379 0.05309352405869348
110 0.3427088539156019 0.7439325817368043 0.07604332995351379 0.05309352405869348
111 0.4175995932719402 0.7503013001199716 0.0760433299535137 0.05309352405869348
53 0.2648680771803968 0.7797513633536368 0.0760433299535137 0.05309352405869348
72 0.33970418621490417 0.7869013317368042 0.07604332995351379 0.05309352405869348
85 0.41459492557124245 0.7932700501199716 0.0760433299535137 0.05309352405869348
8 0.2620819307670225 0.8195951133536369 0.07604332995351379 0.05309352405869348
9 0.33691803980152996 0.8267450817368044 0.07604332995351379 0.05309352405869348
35 0.41175414883603734 0.8338950501199717 0.0760433299535137 0.05309352405869348
264 0.257766135342384 0.8813138633536368 0.07604332995351379 0.05309352405869348
259 0.3301492337332297 0.8898761374123303 0.0760433299535137 0.05309352405869348
275 0.40258696244590625 0.8976571614710238 0.0760433299535137 0.05309352405869348