259 0.5126353018809263 0.4155652655063687 0.023841691585911207 0.029143844499482086
265 0.44369391376542533 0.4653062462759464 0.027529420298587758 0.026200781017246655
343 0.5169675227999327 0.4663829028099217 0.029310441585911208 0.02939855562435234
275 0.5251513633971083 0.5166012266312393 0.04493544158591121 0.030126301695410973
260 0.4456823846844317 0.5160147216688405 0.047716234160558105 0.03648546360606986
24 0.5270852039942838 0.5665284520241334 0.04559100544788173 0.039501301695410974
23 0.5309421775111802 0.5994137266312392 0.04270095222957302 0.03157963978475227
22 0.5331820207062459 0.6314449766312393 0.04370072351689629 0.03474102708830529
20 0.5361484835794805 0.6627313639347922 0.03957595222957302 0.03143409057054054
16 0.5383883267745461 0.6947626139347921 0.03979447351689647 0.03455909057054054
11 0.5421906699696116 0.726866638541898 0.03728683255140375 0.032106178659881836
10 0.5442119918773537 0.755772888541898 0.03723220222957302 0.03132492865988183
113 0.5472330850724193 0.787840525845451 0.03923174480421991 0.0376477032669877
111 0.4533634807294889 0.6035874962759463 0.04152086448238901 0.0369756151776464
110 0.4564938345682162 0.6372176335794993 0.04308336448238901 0.037048389784752445
99 0.4596241884069435 0.6708477708830521 0.0414662341605581 0.036194365177646404
85 0.46353579224567076 0.704514295490158 0.043809984160558105 0.03630352708830529
72 0.4681193854407363 0.736654707400817 0.043809984160558105 0.03630352708830529
53 0.4710312179921402 0.7671598447043697 0.03963058255140375 0.03221534057054072
35 0.47159930054354404 0.7975558200972639 0.03973984319506556 0.033777840570540715
9 0.4738937740604404 0.8303683200972639 0.03995836448238919 0.03690284057054072
260 0.47858662789916784 0.8640712320079228 0.04173938576971246 0.040100615177646404
272 0.46058466293224615 0.989714865745597 0.04286484319506556 0.020570268508805965