259 0.5172340080450857 0.3618785248338858 0.024170823637421533 0.02952681369509049
265 0.44891431380465985 0.4196595488925793 0.027821982122152634 0.026652137569213964
343 0.522160495168208 0.4126097100590611 0.029639573637421535 0.029877267118863137
275 0.5309294594125131 0.46230932141011316 0.045264573637421715 0.03087856261535631
260 0.45149705092778214 0.4705409284422285 0.04811850666795969 0.037278756939830335
24 0.5334484236568183 0.5124094509597625 0.04602984818322895 0.04025356261535631
23 0.5376893845671435 0.5451218214101132 0.043048369395056164 0.03229086829088246
22 0.5403040725986515 0.5771530714101132 0.044084710910325245 0.03546593306570713
20 0.5436362377513422 0.6083530066352886 0.03992336939505616 0.032090609191583755
16 0.5462509257828503 0.6403842566352885 0.040178460910325245 0.03521560919158375
11 0.5504281138143582 0.6723153770856392 0.03764339227387339 0.03272166486710972
10 0.5527877103305971 0.7012216270856392 0.03757961939505616 0.031940414867109725
113 0.556183648362105 0.7332028123108145 0.039652302425594324 0.038290544416759074
111 0.4602021133553162 0.5579407988925793 0.0419322795467771 0.03765948874123311
110 0.46372559714445866 0.5914844841177546 0.04349477954677709 0.03775961829088246
99 0.4672490809336013 0.6250281693429299 0.041868506667959694 0.0368782387412331
85 0.47155381472274377 0.6585217897932806 0.04421225666795969 0.037028433065707134
72 0.4765122527542518 0.6904028454688066 0.04421225666795969 0.03702843306570695
53 0.4797806450281252 0.7208215306939819 0.039987142273873386 0.03287185919158375
35 0.4807052873019986 0.7513904102436312 0.04011468803150784 0.034434359191583754
9 0.4833837482123238 0.7842029102436312 0.0403697795467771 0.03755935919158375
260 0.48846973200146626 0.8176464659191574 0.042187371062045995 0.0407844887412331
272 0.4720311442792191 0.9529924830380203 0.04323968803150802 0.034634618290882456