273 0.434375 0.38125 0.11171875 0.06640625
343 0.39453125 0.46953125 0.04765625 0.0375
265 0.4796875 0.46796875 0.04609375 0.03671875
259 0.47890625 0.534375 0.03515625 0.02578125
290 0.39609375 0.5375 0.0328125 0.02578125
53 0.396875 0.58515625 0.03359375 0.0265625
35 0.47890625 0.625 0.03046875 0.02578125
9 0.396875 0.63125 0.03203125 0.0265625
152 0.47890625 0.66953125 0.03046875 0.02734375
120 0.396875 0.67734375 0.0328125 0.02734375
264 0.39765625 0.73828125 0.03359375 0.028125
275 0.47890625 0.72890625 0.03046875 0.0265625