273 0.4543554658516594 0.39894942494204083 0.11519895409301455 0.07095844022789902
343 0.4191383401164904 0.48560716653908387 0.04962154172311415 0.039441843383928976
265 0.5042127029613607 0.48751451783167815 0.04801809814554918 0.0385969263877346
259 0.5069116570543751 0.553888934333581 0.03650738805964089 0.027213757414373773
290 0.4242629313646346 0.5536395835352783 0.034163638059640886 0.02711825692008212
53 0.427541739596092 0.6013276670333754 0.03498583163720568 0.027931340418179396
35 0.5116611120519007 0.644513934333581 0.03181988805964089 0.02702275642579064
9 0.4299574106724197 0.6474214170333754 0.03342333163720568 0.02786767342198502
152 0.5139948959730987 0.689045184333581 0.031901775214770646 0.02858525642579064
120 0.43237308174874745 0.6935151670333755 0.034245525214770645 0.028680756920082116
264 0.43634793079880774 0.7544845005314726 0.03506771879233561 0.029493840418179394
275 0.5171066078680292 0.7484201843335809 0.031860831637205676 0.027804006425790638