16 0.596241549197121 0.12421875 0.11928902297895938 0.09375
11 0.6003561551495022 0.225 0.11757632865448535 0.09140625
10 0.6044206963270587 0.325 0.11288882865448535 0.09140625
113 0.6099976727297907 0.42421875 0.10598798658176474 0.08125
111 0.6100360479605034 0.51015625 0.10848193090623859 0.08359375
110 0.6128489697674434 0.590625 0.10417516270764135 0.07734375
99 0.42648785857327487 0.23046875 0.115132449104836 0.08984375
85 0.43410819632705877 0.325 0.1141812183831675 0.075
72 0.44036629318014137 0.42265625 0.11082568090623876 0.08359375
53 0.4467547979605033 0.51015625 0.10873225478036197 0.0875
35 0.456949423191216 0.59609375 0.10427529225729071 0.07890625
9 0.4628372802233313 0.67578125 0.09792516270764154 0.07734375
152 0.4699872486064988 0.75078125 0.1012807001845701 0.06875
260 0.47599502158545803 0.84453125 0.10543727405869348 0.07265625
264 0.6214076511351074 0.84609375 0.10427529225729071 0.07890625