273 0.46171875 0.11703410649299772 0.1734375 0.06832776583511761
273 0.46171875 0.16781535649299775 0.1703125 0.06589308762187222
263 0.40078125 0.6688072066512822 0.1078125 0.03360577335696498
259 0.5203125 0.6590792024946472 0.10234375 0.033446648983785646
275 0.40078125 0.7234947066512822 0.1078125 0.03360577335696498
16 0.40078125 0.7508384566512822 0.1078125 0.029699523356964973
10 0.40078125 0.7781822066512822 0.1078125 0.029699523356964973
111 0.40078125 0.8055259566512823 0.1078125 0.029699523356964973
99 0.40078125 0.8313072066512823 0.1078125 0.02969952335696533
72 0.40078125 0.8578697066512824 0.1078125 0.02969952335696533
35 0.40078125 0.8844322066512824 0.1078125 0.02969952335696533
264 0.5203125 0.7122042024946472 0.10234375 0.031102898983785644
11 0.5203125 0.7395479524946472 0.10234375 0.030321648983785643
113 0.5203125 0.7653292024946472 0.10234375 0.031102898983785644
110 0.5203125 0.7926729524946472 0.10234375 0.031102898983785467
85 0.5203125 0.8192354524946472 0.10234375 0.031102898983785467
53 0.5203125 0.8457979524946472 0.10234375 0.029540398983785465
9 0.5203125 0.8707979524946472 0.10234375 0.029540398983785465