272 0.25078125 0.30078125 0.115625 0.08828125
272 0.40390625 0.29765625 0.11328125 0.08671875
272 0.55703125 0.29375 0.11328125 0.08671875
272 0.71484375 0.28984375 0.11484375 0.09140625
35 0.40859375 0.44609375 0.11796875 0.08515625
9 0.4203125 0.55078125 0.1140625 0.084375
266 0.56015625 0.4421875 0.11015625 0.08046875
266 0.56328125 0.5484375 0.1046875 0.075
275 0.2875 0.68359375 0.1109375 0.07734375
275 0.42578125 0.68203125 0.103125 0.071875
264 0.56640625 0.68046875 0.11015625 0.07578125
316 0.70859375 0.68203125 0.10234375 0.07578125
259 0.29765625 0.7734375 0.10859375 0.0765625
258 0.4328125 0.77421875 0.09609375 0.07421875
288 0.56796875 0.77578125 0.10625 0.07265625
262 0.70546875 0.7734375 0.10234375 0.06953125