272 0.2735730902563821 0.3124615744404901 0.12231455311421087 0.09366657092583344
272 0.4264612919160561 0.31646848593686416 0.11985240394404784 0.09199490901517464
272 0.5792902939906485 0.31969414743323815 0.11985240394404784 0.09199490901517464
272 0.7368067960652409 0.3231381327509298 0.12177010145453693 0.0967551836222805
35 0.4423967130815433 0.46512430975818175 0.1244215047738848 0.09065073283649223
9 0.46204820748246594 0.5703576193114757 0.12045605518880328 0.08968754631872748
266 0.5936632151561357 0.46827719664744993 0.11625380726339571 0.08559935980096292
266 0.6048393587272214 0.5746727458616616 0.11037066016782511 0.07987589867609249
275 0.339299636946323 0.6969842777074777 0.11679825892306965 0.08251074710451593
275 0.47746248777615996 0.7018623304363462 0.10857136182749905 0.07667812406898662
264 0.617969088605997 0.7068495450758733 0.11589860975290663 0.08091185980096291
316 0.76027498777616 0.7150345343225063 0.10808610975290663 0.0805479867654336
259 0.3562638392306969 0.7873010626536658 0.11439530933798814 0.08162033519385722
258 0.4914792888157784 0.7943773161683225 0.10171771058274359 0.07869438833701033
288 0.6267539379859415 0.802234819682979 0.11175556141258056 0.07760492328319835
262 0.7640763392306968 0.8062952351082945 0.1076125130722545 0.07429798676543342