275 0.33057156487037653 0.27968196430772124 0.08038662252816078 0.060489059337988135
263 0.5404764425943174 0.2826256750909576 0.06806693898802116 0.0510073155617655
316 0.6270148761344569 0.28470747073199126 0.06545003737886682 0.04692346680652095
289 0.3701582247774041 0.37407058173429775 0.05373128737886681 0.04603547303029831
289 0.6035170279957128 0.36424160538000716 0.047825494804219916 0.0393710759347277
99 0.3774404830752774 0.46698013214921624 0.08438570767745457 0.0732258576783142
85 0.6065816798569686 0.44176295413525174 0.05840236188449914 0.05726897095570589
85 0.383739395580195 0.5458271825641348 0.08227690445914604 0.06529495850815117
53 0.6125528104309012 0.5159225045501702 0.06236324220632987 0.058346218881113465
35 0.39203785065975955 0.6308058338088902 0.07435514381548422 0.06314046265733601
9 0.6188681484301866 0.5837728553800072 0.05411369963168298 0.051504223030298314
309 0.7803419719274125 0.2872260516410964 0.05898151609154336 0.04332487012586883
309 0.8431697538583979 0.2871775848345754 0.054747484160558454 0.03834137220046134
309 0.9522551767548755 0.2859800925082453 0.046934984160558454 0.03774937634964619
342 0.8025115388914761 0.4245601082797922 0.04362966770069754 0.046047128424238616
342 0.9381212569604909 0.4095718804756091 0.03945026609154354 0.04184488049883121
342 0.8100069646379456 0.48682330993946615 0.048535688988021165 0.04952732593472771
342 0.9420546401323134 0.4658218804756091 0.040012994804219916 0.03877908008391273
342 0.8141588690970915 0.5461983099394662 0.04184864641337427 0.042803729254075586
342 0.947441262660474 0.520390981305446 0.03621600544788173 0.04004558215850516
152 0.4016256541301698 0.7117598358834826 0.08483917574646949 0.06859755726339571
342 0.9528825155104655 0.575741332135283 0.037997026735205 0.04328898132866819
289 0.8025008312140216 0.3570174107693031 0.04348220222957302 0.03282507800932013
289 0.9371489828231759 0.35074133213528313 0.03466993094224975 0.029048882573423463
266 0.43624241066333214 0.28581171990679866 0.06839472091900625 0.0556948155617655