275 0.3234932737785363 0.32475860744502355 0.07910961124870504 0.060041271539425
263 0.5329603190638066 0.3580949033738651 0.0669906009096227 0.05062806671196203
316 0.6192980794028888 0.37269798877526056 0.06446491439185813 0.0465579257464694
289 0.36081779941909947 0.4239280809619199 0.05274616439185813 0.04573847091900625
289 0.5939941724546288 0.4480204168675185 0.04698631596343468 0.039106058666190435
99 0.365929138541898 0.5169514612837508 0.08281680810555195 0.07275979282674853
85 0.5952527655063686 0.5252002759020259 0.057161836641599 0.0569491225281606
85 0.37038550620074384 0.5959123416055817 0.08089043507002262 0.06483803218308673
53 0.5994908093438969 0.5994736562238568 0.06110447394515219 0.05800352413731495
35 0.37669547228801303 0.6812324825710743 0.07300516046291676 0.06272922896477802
9 0.6042190047530017 0.6675516668675184 0.05300087551672874 0.051207220919006244
309 0.7722968008668415 0.3974134015322798 0.0580693651776464 0.042995883171822416
309 0.8350151246881591 0.40647132727874913 0.05394479135632899 0.03803523156266806
309 0.9439363604201354 0.4210961920132398 0.04613229135632864 0.03748892834435935
342 0.79123735359571 0.5365687366815737 0.04262630169541097 0.04580952673520518
342 0.9269565297743924 0.5413869126801446 0.0385381151776464 0.04163012512605082
342 0.7972733378799443 0.599287257968897 0.047459350909622874 0.049262308666190434
342 0.9295764156302033 0.5976369126801446 0.03917381596343468 0.038559755447881726
342 0.8000387729499667 0.6586622579688971 0.0409182524811996 0.042575266091543364
342 0.9336860268789081 0.6524336733238064 0.03534034057054072 0.039849103838727376
152 0.38438600185751765 0.7627556341802286 0.08337973428423436 0.06812692314857927
342 0.9378320254311661 0.708011683967468 0.03704838978475209 0.04308336448238901
289 0.7927955454901581 0.46970901861255887 0.04278896753501123 0.03258290705703608
289 0.9273524820079228 0.483011683967468 0.034049668320799496 0.028856973516896468
266 0.428835745242489 0.34614157057035977 0.06720892473094046 0.05531556671196203