275 0.309375 0.303125 0.0765625 0.0546875
263 0.51796875 0.321875 0.06484375 0.04609375
316 0.60390625 0.33046875 0.0625 0.0421875
289 0.3421875 0.4 0.05078125 0.0421875
289 0.575 0.4078125 0.0453125 0.0359375
99 0.34296875 0.49296875 0.0796875 0.0671875
85 0.57265625 0.48515625 0.0546875 0.053125
85 0.34375 0.571875 0.078125 0.059375
53 0.5734375 0.559375 0.05859375 0.05390625
35 0.34609375 0.65703125 0.0703125 0.0578125
9 0.575 0.62734375 0.05078125 0.04765625
309 0.75625 0.34453125 0.05625 0.0390625
309 0.81875 0.34921875 0.05234375 0.034375
309 0.92734375 0.35625 0.04453125 0.034375
342 0.76875 0.4828125 0.040625 0.04296875
342 0.9046875 0.478125 0.03671875 0.0390625
342 0.771875 0.5453125 0.0453125 0.04609375
342 0.9046875 0.534375 0.0375 0.0359375
342 0.771875 0.6046875 0.0390625 0.03984375
342 0.90625 0.5890625 0.03359375 0.0375
152 0.35 0.73828125 0.08046875 0.0625
342 0.9078125 0.64453125 0.03515625 0.040625
289 0.7734375 0.415625 0.04140625 0.0296875
289 0.9078125 0.41953125 0.0328125 0.0265625
266 0.4140625 0.3171875 0.06484375 0.05078125