275 0.46411081317643993 0.14850496606458793 0.08156860651817865 0.08134145401018134
264 0.5477683360552572 0.14869641740926925 0.07546212773000587 0.0734653193427723
342 0.48860101695976355 0.26999870540258775 0.08040471924527495 0.07664486334340861
110 0.4540350851371734 0.3868953040658606 0.07962346924527494 0.07663577267663593
111 0.5350777910465288 0.380800392743451 0.07265599212409217 0.07733520667568143
99 0.5282700684672739 0.47377823341022374 0.07259221924527495 0.07655395667568143
85 0.4484709981638321 0.4837975760661788 0.07546212773000605 0.07346531934277234
72 0.5243960272515673 0.5691361867440874 0.07311837773000587 0.07343804734245421
53 0.4440707984633946 0.5760214387332697 0.07586074045710234 0.06878691000954511
35 0.5191508046723123 0.6621322087444055 0.0709021734876405 0.0749732753421359
9 0.43981411997478437 0.6760668920671332 0.07649846924527495 0.07659941000954511
120 0.5155318549718748 0.7543651620782692 0.07389962773000587 0.07344713800922698
121 0.43704019315316406 0.7675276860677697 0.07233712773000586 0.07342895667568143