275 0.48577859889504876 0.17623861599499832 0.08062692314857926 0.08571326089576328
264 0.5693177185732179 0.18130281043090113 0.07461186993027055 0.0775183486429472
342 0.5286212987788332 0.2997361001555565 0.07951789121759419 0.08097113057393238
110 0.5118158470534634 0.41517542985696865 0.07873664121759419 0.08091650025210165
111 0.5917929241569855 0.4137711030055481 0.07176002153942491 0.08120607735562366
99 0.5990751824548587 0.506794483327379 0.07170539121759419 0.08042482735562366
85 0.5209337569604908 0.5122143208224614 0.07461186993027055 0.0775183486429473
72 0.6096463317182247 0.6023801349365333 0.07226811993027056 0.07735445767745457
53 0.5305051349365333 0.6046203421097849 0.07506533799928547 0.07288547896477801
35 0.6184910900160979 0.6955127759020259 0.07003363057393237 0.07875306671196203
9 0.5414040661308843 0.7048934937189392 0.07561164121759419 0.08069797896477801
120 0.6288437179921402 0.7879734275111803 0.07304936993027056 0.07740908799928548
121 0.5524833137850959 0.7966275256499243 0.07148686993027073 0.07729982735562384