73 0.702019982262828 0.11727716517968226 0.07477755937615385 0.11100283799928548
64 0.5899205004614253 0.13139393152332718 0.09878555829641975 0.1336808673323806
63 0.44193358343484723 0.14880494267119201 0.12367493676633483 0.15797602698730664
62 0.24520877775932126 0.16491553377257062 0.16277700956072394 0.18559828243518833
61 0.7149273997508314 0.28195702421418967 0.0776720218992251 0.11976047896477801
60 0.6013352691214479 0.3095189315233272 0.09369754009782234 0.12710308540139542
59 0.45973805443890836 0.3531646607402068 0.12236276064045822 0.1617730163436449
57 0.2656969602067194 0.3989081215197545 0.1584702413621267 0.17907513082603393
56 0.7225966047157636 0.4383709151796823 0.07220327189922511 0.11937806671196202
55 0.6149435934569966 0.48513629055783464 0.09200463217054296 0.13709544443590288
54 0.47449786859542414 0.5467507697747142 0.11483086289221145 0.1534688434471672
47 0.28885955968069565 0.6256509379796149 0.14886470388519796 0.18695868664223275
46 0.7312775971576244 0.5860817955015131 0.07089109577334832 0.1231750560683004
44 0.623794566620526 0.6477455512014962 0.08497338217054295 0.1366037715394249
43 0.49100065545404403 0.7307979878437291 0.1118059924418608 0.15481282215984357
42 0.3123027614064252 0.8445266241176446 0.14246450956072393 0.18417789406758586
41 0.7414710248246605 0.7329021651796823 0.07230340144887445 0.12094056671196203
39 0.635670410234406 0.8085737905578345 0.08809838217054296 0.13682229282674854
38 0.50503977636582 0.9008919665564055 0.10684838217054313 0.13813342055068958
36 0.7479887399686255 0.8713473061451747 0.0727039196474717 0.12719056671196186