266 0.5140625 0.76484375 0.09765625 0.0578125
265 0.45703125 0.1546875 0.0703125 0.0453125
343 0.55 0.153125 0.071875 0.04296875
56 0.55 0.24921875 0.071875 0.04375
47 0.55078125 0.32109375 0.0703125 0.0421875
43 0.5515625 0.3890625 0.06875 0.03984375
39 0.553125 0.45703125 0.06875 0.0390625
36 0.55234375 0.521875 0.0703125 0.0375
25 0.553125 0.584375 0.06796875 0.0359375
22 0.46015625 0.25078125 0.071875 0.04375
11 0.46171875 0.32109375 0.06875 0.04296875
111 0.4625 0.3890625 0.06875 0.03828125
85 0.46484375 0.4578125 0.0703125 0.0390625
35 0.4671875 0.52265625 0.06875 0.0390625
152 0.46953125 0.5859375 0.06875 0.0375