266 0.49180781980819754 0.7977863718346266 0.0993384219450391 0.06407059685308258
265 0.4525303034443546 0.18397539327242646 0.07163095909205772 0.049818329734219444
343 0.5455445175509773 0.18837060147656104 0.07312526293212365 0.047574709283868755
56 0.5427484749936824 0.284464351476561 0.073147994985435 0.0483559592838688
47 0.541438376089039 0.3563894162513857 0.07154003087881229 0.04669332973421945
43 0.5402419374509524 0.4244082310262104 0.06990933471887839 0.04424945018457009
39 0.5398267488128659 0.49247711057585963 0.06988660266556704 0.043468200184570094
36 0.5371587383880245 0.557270795801035 0.07140363855894431 0.042005829734219444
25 0.5361214241231173 0.6198208605758596 0.06901442445232178 0.04029313540974542
22 0.45285926088705963 0.2802694023717251 0.073147994985435 0.0483559592838688
11 0.45237587608903895 0.35068203192137437 0.07000026293212365 0.047374450184570094
111 0.4511794374509524 0.41870084669619906 0.06986387061225567 0.0426869501845701
85 0.45152276675955444 0.487601041020673 0.07144910266556703 0.043568329734219445
35 0.4519797563347131 0.5525949853451471 0.06988660266556704 0.043468200184570094
152 0.4524822100164946 0.6160264296696211 0.06984113855894432 0.04190570018457009