260 0.17387902113621023 0.3817695340246722 0.04316221215838478 0.07549702673520509
264 0.2566642392850448 0.3751974699106002 0.0448338395630465 0.07873128737886681
275 0.259975266959859 0.4924396002324311 0.0448338395630465 0.07873128737886681
9 0.3215898348385411 0.37300690319863816 0.04316221215838478 0.07549702673520517
260 0.45208586668970663 0.36466488945288333 0.04477927586071573 0.07716878737886682
260 0.5177108666897066 0.36007594241909047 0.045560525860715725 0.07722341770069771
260 0.5833904303920374 0.35704949538529757 0.0439161803072194 0.074770407057036
11 0.6490154303920374 0.3524605483515047 0.04386161660488845 0.0732079070570359
16 0.6523264580668515 0.4697026786733356 0.04477927586071573 0.07716878737886682
260 0.5874827080668515 0.4742369953852976 0.04547868030721922 0.07487966770069772
260 0.5218577080668515 0.4788259424190905 0.04399802586071573 0.07711415705703609
260 0.4569048306621898 0.48023525913105247 0.04399802586071573 0.07711415705703609
260 0.3912798306621898 0.48482420616484534 0.0439161803072194 0.0747704070570359
260 0.325600266959859 0.4878506531986382 0.04556052586071564 0.07722341770069771
131 0.09260173928504481 0.3866698374950824 0.045478680307219375 0.07487966770069772
23 0.7842535259455337 0.34535325267476463 0.04321677586071573 0.07705952673520518
24 0.7875918354715132 0.4633766329965955 0.0471775895630465 0.07889517834435936
260 0.7154489622432028 0.348598220995881 0.04399802586071573 0.07711415705703599
260 0.7203770536203479 0.46729359067405013 0.045560525860715725 0.07722341770069771
260 0.3879688029873757 0.36758207584301444 0.04642362141421188 0.07962179802252863