113 0.7009695815338051 0.07990204414014053 0.1355608369323898 0.12243259263643717
99 0.6624012211561985 0.24790188638086627 0.134366112452199 0.16838995031656917
85 0.5331281182517691 0.23865961553118376 0.14108970913285113 0.17482180674305986
53 0.38756716451750267 0.22737747156196306 0.14654680373891082 0.1851144490629279
35 0.6226372136830213 0.4213477465682807 0.13294532241024265 0.14963995031656907
9 0.49734121575761375 0.4216168680384662 0.1366623182610578 0.1575433785298145
152 0.3633330686620432 0.4231984369222269 0.142178612452199 0.16861727084968264
120 0.5890998954219635 0.5746174990755633 0.12604412697434614 0.14086434389007857
121 0.47258690164574074 0.5829719051854847 0.1262217257295905 0.14320809389007838
122 0.3432779099441105 0.5948688484424249 0.12634012489975371 0.14477059389007838
275 0.3207130578648737 0.7789937958560001 0.12430402821910161 0.13847512978345583
259 0.4402801966620745 0.7613325859060126 0.11277453236828645 0.13034438103709683
264 0.5510167871189493 0.7465463233696003 0.10917593568763433 0.12400345282385175
261 0.4204152147087066 0.8891620692129653 0.10413323817714523 0.1191795605039836