273 0.4619543960938012 0.19607379106764153 0.07093254809323427 0.06770956348717302
343 0.4864385963561045 0.740190643972071 0.049801592558271324 0.04273287427505359
265 0.4893304725796398 0.8230031439720709 0.048911215153609786 0.03954867468997207
23 0.46597226269868974 0.2662678918974785 0.07081349700477517 0.04198751307225459
16 0.46698169119181066 0.29517414189747854 0.0707589333024444 0.04042501307225459
11 0.4687723696849314 0.324021192312397 0.07075893330244423 0.04042501307225459
10 0.4698090800292176 0.353708692312397 0.0707589333024444 0.04042501307225459
113 0.470791226671173 0.381833692312397 0.0707589333024444 0.04042501307225459
111 0.47174609146196306 0.40917744231239705 0.07075893330244423 0.040425013072254504
110 0.472700956252753 0.43652119231239705 0.07075893330244423 0.040425013072254504
99 0.47360125734121217 0.46230244231239703 0.0707589333024444 0.040425013072254504
85 0.4753373721320021 0.48958699272731554 0.07075893330244423 0.040425013072254504
53 0.4762649550716267 0.5161494927273156 0.07075893330244423 0.040425013072254504
35 0.4772471017135821 0.5442744927273155 0.07073165145127884 0.0396437630722545
9 0.47817468465320656 0.5708369927273156 0.07073165145127866 0.0396437630722545
186 0.4790204220393349 0.5950557427273155 0.07073165145127884 0.0396437630722545
152 0.48075653683012487 0.622340293142234 0.07073165145127884 0.0396437630722545