275 0.4530260973504083 0.08892052604361929 0.0834130313494537 0.1254461522758131
264 0.6098937153484993 0.062039677401348484 0.0802425780155902 0.12128481076054402
26 0.4751129193984515 0.44135999983082214 0.07451019867918127 0.0981821506088231
25 0.614294145408951 0.5074159502801658 0.06662497334499946 0.09129442182065048
24 0.4802100467456782 0.5433848854367358 0.0713761080124085 0.09714580909355419
23 0.6153577534213597 0.5988222002801658 0.06274599534531759 0.09331930742656418
22 0.48520717675840486 0.6368160210426494 0.07055849534531759 0.09395703621473679
20 0.6163486360995863 0.6839784502801658 0.06270054201145392 0.08941305742656418
16 0.49009521876985895 0.7208721566485632 0.06974997334499947 0.09154951333591957
11 0.6164855434436313 0.7629484731589831 0.06265508867759043 0.08550680742656418
152 0.49573723878099474 0.8025207693756595 0.06812383867759042 0.08595321757828493