56 0.61484375 0.10428331686719176 0.12890625 0.08965775544229562
55 0.6125 0.2065452213136955 0.13359375 0.09060269654928818
54 0.61171875 0.30651793946253003 0.13515625 0.09221976025161904
47 0.61015625 0.40333837576019915 0.12890625 0.08653275544229562
46 0.609375 0.5009673439090339 0.12734375 0.08413444173996468
44 0.60546875 0.5945809346532067 0.12265625 0.0855332506329722
43 0.60625 0.6875769665043722 0.12109375 0.08157243693064124
42 0.60546875 0.7789559346532067 0.12265625 0.07850200063297219
39 0.60390625 0.8695263709508758 0.12109375 0.08235368693064124
38 0.60078125 0.9604297239288208 0.11875 0.07914055214235845
37 0.43671875 0.10040680480147421 0.12734375 0.08804069173996476
36 0.43671875 0.2019693048014742 0.13125 0.09052085099579185
28 0.43515625 0.30113349109914334 0.12890625 0.09043900544229562
26 0.4375 0.39730908665263964 0.125 0.08952134618646852
25 0.43671875 0.49337555480147427 0.12734375 0.08413444173996468
24 0.43671875 0.5847818048014741 0.12265625 0.0816270006329722
23 0.43515625 0.6776959910991434 0.125 0.07858384618646852
16 0.434375 0.7706374592479779 0.12265625 0.07850200063297201
11 0.43359375 0.8620164273968125 0.125 0.08014634618646851
10 0.434375 0.9518874592479779 0.12265625 0.07850200063297237
113 0.259375 0.09499507458692207 0.12734375 0.08804069173996476
111 0.26015625 0.19658485643808749 0.12890625 0.08965775544229562
110 0.26171875 0.29429567014041835 0.13125 0.08973960099579195
99 0.26171875 0.39273317014041836 0.12734375 0.08804069173996476
85 0.265625 0.4850570793962454 0.12734375 0.08413444173996468
53 0.26953125 0.5797247386520726 0.12265625 0.08006450063297219
35 0.26796875 0.6710764249497417 0.12734375 0.08257194173996467
9 0.27109375 0.7625918023544035 0.12109375 0.07766618693064124
120 0.27109375 0.8524355523544035 0.12109375 0.08235368693064124
121 0.27265625 0.9438963660567342 0.11640625 0.08140874582364858