273 0.4457728719324039 0.41391495569931225 0.13056568989172793 0.06453918408792755
259 0.49837738321517505 0.5091217689099616 0.03760530007914227 0.03260737364928836
266 0.40216997294861834 0.5186248425027804 0.03999451418576498 0.03430638154179633
260 0.4978485343105318 0.5809057636482897 0.03930419239901042 0.03738587891096046
85 0.40616949967079563 0.5956045714560929 0.03992631802583091 0.03196263154179633
72 0.5002772008452945 0.6314595004941103 0.03834108597251955 0.031090376280124232
53 0.4070356662055585 0.6462493135635852 0.03912233597251955 0.031135878910960278
35 0.5004075814866801 0.6805872452324383 0.039167800079142265 0.03269837891096028
152 0.40553535068700997 0.6978118135635851 0.03755983597251955 0.031044873649288363
275 0.4984466132234223 0.8015899899707666 0.03760530007914227 0.032607373649288715
272 0.40804057356912127 0.7725387977785697 0.05602869114536908 0.04927893415851479
260 0.5022224825820368 0.7522347320782587 0.055201977038746367 0.04767093152767874
309 0.40665391831712955 0.8201950477785698 0.03755983597251955 0.031044873649288717