273 0.45859375 0.440625 0.12890625 0.05703125
259 0.5140625 0.5390625 0.03671875 0.03046875
266 0.41796875 0.54296875 0.0390625 0.03203125
260 0.515625 0.6109375 0.03828125 0.03515625
85 0.42421875 0.6203125 0.0390625 0.0296875
72 0.51953125 0.66171875 0.0375 0.02890625
53 0.4265625 0.67109375 0.03828125 0.02890625
35 0.52109375 0.7109375 0.03828125 0.03046875
152 0.4265625 0.72265625 0.03671875 0.02890625
275 0.52265625 0.83203125 0.03671875 0.03046875
272 0.43125 0.79765625 0.0546875 0.04609375
260 0.525 0.7828125 0.05390625 0.04453125
309 0.43125 0.8453125 0.03671875 0.02890625