113 0.6762154126352742 0.23125 0.17674540802036276 0.15
111 0.43071200863304704 0.24765625 0.19076245468649908 0.14609375
110 0.6627058012810478 0.38515625 0.1717670066836355 0.125
99 0.4311830812778662 0.40859375 0.18914541068586282 0.14140625
85 0.6547922092616396 0.528125 0.1686147346833174 0.12265625
72 0.42949221725813985 0.55390625 0.1796249600174992 0.12890625
53 0.6446621365770495 0.66015625 0.16229200934913557 0.11640625
35 0.42711100990614065 0.69140625 0.17801700668363551 0.125
9 0.6314706985598686 0.78671875 0.15045508068109026 0.10625
1 0.42407582188895965 0.81796875 0.17804427868395364 0.12734375
272 0.6284082385423694 0.915625 0.0673971326782267 0.08515625