113 0.6896768918516669 0.20754207133724317 0.18198636228216233 0.15611113466105583
111 0.4451285252262783 0.2325148226031875 0.1958669257643976 0.15269595798203356
110 0.6851264406515938 0.36185754910472456 0.1761344685684687 0.13094744355406326
99 0.4549680597581817 0.3933704770496912 0.19408610194308018 0.1479538942797028
85 0.6855353172017798 0.505044553914048 0.1729003066578098 0.12849456614940155
72 0.4617360982190265 0.5386829770496913 0.18412890508623328 0.13512651206571746
53 0.6830910215022248 0.6373759042768677 0.16635920822938638 0.12202631134007813
35 0.4673590136443419 0.6762102589008567 0.18238446856846852 0.1311656983633867
9 0.6772670146777993 0.7643476320443491 0.15416742328319835 0.11146083357259666
1 0.4716912568199163 0.8028273226031875 0.18249363047912742 0.13350944836338668
272 0.6817084197640325 0.89330844574668 0.0703724660872691 0.08747520734906153