22 0.4734335458600847 0.07758259470767484 0.11874209172016936 0.09725704827463014
11 0.4772500669634031 0.16212148567316745 0.12347050202859489 0.0999285802056153
113 0.48039443222252276 0.25285574631682917 0.12279834618439622 0.10612394988378444
110 0.48749959455954317 0.3469881585696452 0.12991141680124726 0.11130312278026225
85 0.4931513510523649 0.44726131017879955 0.13247335511284994 0.12396701374575496
72 0.49815822523993847 0.555292331466123 0.13805119926865145 0.13059942599857094
35 0.5039736229664622 0.6649404830752774 0.1421347272718286 0.1410288276077253
8 0.5130912986961632 0.7849634059717552 0.14451938758025412 0.14353646857321783
3 0.5190839744258642 0.9047678075809096 0.1455460994308071 0.15765359889504893
9 0.6319077081938097 0.6629623558555396 0.1350352934244526 0.13663090471124734
53 0.6230082207757116 0.5554394329590618 0.13477619480442443 0.12178715471124732
99 0.6109973701270884 0.4484792387752606 0.12603244034019756 0.11259247117110789
111 0.6070035710205929 0.353784097809768 0.1259233461843962 0.10634247117110798
10 0.5991307954530476 0.26037830523512107 0.11643925202859488 0.09943690730913754
260 0.5928477934244527 0.16864427330413584 0.10855856818121908 0.09498435409082884
260 0.5844528664769356 0.09002760040765803 0.09985572402541756 0.08813342055068932