22 0.47265625 0.04453125 0.1171875 0.0890625
11 0.475 0.12890625 0.121875 0.09140625
113 0.4765625 0.21953125 0.12109375 0.09765625
110 0.48203125 0.31328125 0.128125 0.10234375
85 0.4859375 0.41328125 0.13046875 0.11484375
72 0.4890625 0.52109375 0.1359375 0.12109375
35 0.49296875 0.63046875 0.13984375 0.13125
8 0.5 0.75 0.1421875 0.13359375
3 0.50390625 0.86953125 0.14296875 0.14765625
9 0.62109375 0.61953125 0.1328125 0.12734375
53 0.6140625 0.5125 0.1328125 0.1125
99 0.60390625 0.40625 0.12421875 0.10390625
111 0.6015625 0.31171875 0.12421875 0.09765625
10 0.5953125 0.21875 0.11484375 0.09140625
260 0.590625 0.12734375 0.10703125 0.0875
260 0.58359375 0.04921875 0.0984375 0.08125