47 0.52109375 0.14453125 0.25 0.10234375
46 0.78125 0.2546875 0.2265625 0.09453125
44 0.5203125 0.24609375 0.2515625 0.09453125
43 0.23984375 0.2421875 0.25390625 0.103125
42 0.7734375 0.34765625 0.221875 0.08515625
41 0.51875 0.34609375 0.2484375 0.09453125
39 0.24765625 0.34765625 0.2484375 0.09921875
38 0.76796875 0.44140625 0.221875 0.08515625
37 0.51640625 0.44296875 0.24140625 0.08671875
36 0.25 0.44609375 0.253125 0.08984375
28 0.7609375 0.52890625 0.21953125 0.0875
26 0.51328125 0.5328125 0.234375 0.084375
25 0.25546875 0.540625 0.2390625 0.09140625
24 0.75546875 0.61328125 0.21640625 0.08046875
23 0.515625 0.6203125 0.225 0.08203125
22 0.26328125 0.6296875 0.234375 0.08828125
20 0.75 0.69296875 0.2109375 0.07890625
16 0.51328125 0.70234375 0.2234375 0.07890625
72 0.26875 0.7125 0.22890625 0.07890625
53 0.7453125 0.76875 0.2015625 0.07265625
35 0.51328125 0.7796875 0.2234375 0.08046875
277 0.27578125 0.79296875 0.22890625 0.08125
275 0.33203125 0.88515625 0.221875 0.07734375
264 0.69140625 0.86328125 0.19453125 0.08203125
259 0.51484375 0.94140625 0.2015625 0.07578125