47 0.5185709476470935 0.14756288475305251 0.25178641680124725 0.10379820745273882
46 0.7768044131510946 0.2592326795398089 0.22821254910649563 0.09584935206654457
44 0.5160169176153214 0.24912083957351266 0.25321254910649565 0.09599479781181852
43 0.2356163514626973 0.24358287011872132 0.25570630357072244 0.10460218335043789
42 0.7673691375835494 0.35215597774441076 0.22336140787279354 0.08644708098930573
41 0.5127089111224997 0.34911174921443305 0.25008754910649567 0.0959766170936593
39 0.24158788758354938 0.34909707191411943 0.2501693697233466 0.10066411709365922
38 0.760263975246529 0.44587416148763204 0.22336140787279354 0.08644708098930565
37 0.5086742017075786 0.4459731136758137 0.24291993141174384 0.0881232104778011
36 0.24221340462967794 0.4475482074527388 0.2546932284896446 0.09131638817089804
28 0.75170540706531 0.5333332548717739 0.22105856818121908 0.08877719545068637
26 0.5039809732179341 0.5357986829576544 0.2358477711033185 0.08573855386194254
25 0.24603210552318236 0.5421112737095175 0.2406580020285949 0.09279707493918146
24 0.7447638859619916 0.6176764386149951 0.2178108372559425 0.08172776473252696
23 0.504797405036715 0.6233123184962739 0.2264318607948928 0.08334026170746504
22 0.25229001380301297 0.6312192255049156 0.23591595495069423 0.08964480386194254
20 0.7379041854755243 0.6973321223582165 0.2123148137169922 0.08013344847574828
16 0.5010217942418221 0.7053299329576544 0.22481481371699222 0.08020617134838517
72 0.256313266238645 0.7140635417616943 0.2302835637169922 0.08023798760516403
53 0.7318939188364327 0.7730861012809777 0.20283071956119086 0.07382890632127062
35 0.49967175406378034 0.7826736829576545 0.2248420872559425 0.08176867134838517
277 0.26193992898270246 0.7945731983775526 0.23032447402541764 0.08258173760516385
275 0.31658079018463237 0.8870879513044188 0.22322504017804193 0.07863458098930565
264 0.6763376197299371 0.8673037338927309 0.1959631107948928 0.08316299970541223
259 0.49841144278242017 0.9444015233167342 0.20288526663909145 0.07695390632127044