273 0.43921568328803795 0.05265581433500292 0.1398433860218141 0.10531162867000585
23 0.4720942492436954 0.20044839718734986 0.04886882475773362 0.08612584239534575
22 0.4664291212676529 0.2926040636892527 0.049141976366887975 0.09003209239534575
20 0.461037144900765 0.3808534801911555 0.047415585401395434 0.08762467539915128
16 0.45598937595923006 0.47532106319496104 0.047524846045057245 0.08918717539915129
11 0.4512147586268494 0.5658823961987667 0.04647044443590289 0.08524909190105419
10 0.4470028700071452 0.659536895704475 0.04625192314857927 0.08212409190105419
113 0.4405564920311029 0.7517243957044751 0.04412669443590289 0.08515359140676253
111 0.39193685568031267 0.18813408098945822 0.05054058540139543 0.08775200939154013
110 0.3866705654514543 0.28572666399326385 0.05054058540139543 0.08775200939154022
99 0.38078691618808846 0.3810073304951666 0.05199382475773371 0.08625317638773451
85 0.3756298866028917 0.4770374134989723 0.04854104282674854 0.08143834239534584
72 0.3702543357303716 0.5761924965027778 0.04652507475773362 0.08603034190105419
53 0.36409753485785135 0.6753794130046806 0.051594987010549785 0.09169009288963732
35 0.3582138855944855 0.7706600795065834 0.04836072636688806 0.09000025889724857
266 0.350221433112811 0.8738169130046807 0.05343063861970414 0.0956600098858317