273 0.44375 0.06484375 0.13203125 0.11171875
23 0.4875 0.2203125 0.04296875 0.084375
22 0.48828125 0.3125 0.04296875 0.08828125
20 0.4890625 0.40078125 0.04140625 0.0859375
16 0.490625 0.4953125 0.04140625 0.0875
11 0.4921875 0.5859375 0.040625 0.08359375
10 0.49453125 0.6796875 0.040625 0.08046875
113 0.49453125 0.771875 0.03828125 0.08359375
111 0.40625 0.2046875 0.04453125 0.0859375
110 0.4078125 0.30234375 0.04453125 0.0859375
99 0.40859375 0.39765625 0.04609375 0.084375
85 0.41015625 0.49375 0.04296875 0.0796875
72 0.41171875 0.59296875 0.040625 0.084375
53 0.4125 0.6921875 0.0453125 0.08984375
35 0.41328125 0.7875 0.0421875 0.08828125
266 0.4125 0.890625 0.046875 0.09375