259 0.6822243237172397 0.36875 0.1081419694629016 0.05390625
35 0.6876696946290158 0.5390625 0.10353481261535631 0.04296875
275 0.47802697948505085 0.40078125 0.1229857194629016 0.05390625
264 0.48583828192137446 0.46171875 0.11252908081395355 0.04921875
260 0.5047162947213009 0.5734375 0.10706033081395354 0.04921875
260 0.5133391255352545 0.62265625 0.09962856261535631 0.04296875
260 0.6853049606681447 0.5875 0.08775961829088245 0.040625
272 0.5252965098652658 0.71171875 0.09879724784053182 0.0421875
272 0.5318561929309729 0.753125 0.09088461829088246 0.040625
272 0.5359219316722058 0.7921875 0.08859093306570713 0.04140625
272 0.6239015954595815 0.8484375 0.06505330351605779 0.03984375