259 0.52109375 0.49375 0.01640625 0.0140625
266 0.52109375 0.54921875 0.02578125 0.02109375
113 0.4625 0.571875 0.01953125 0.015625
111 0.51953125 0.58828125 0.02109375 0.01640625
110 0.4609375 0.60859375 0.01953125 0.015625
99 0.51875 0.625 0.01953125 0.01640625
85 0.46171875 0.6484375 0.02109375 0.015625
72 0.51875 0.6609375 0.01953125 0.01640625
53 0.46171875 0.68828125 0.021875 0.01796875
35 0.51875 0.7 0.021875 0.0171875
9 0.46015625 0.72734375 0.021875 0.01875
275 0.46015625 0.78515625 0.02265625 0.02109375
260 0.51640625 0.775 0.0234375 0.01953125
260 0.4875 0.81953125 0.03515625 0.0359375