111 0.7790191146538926 0.02772364159402928 0.0963194793077852 0.05544728318805856
99 0.7637160984842334 0.22241291553771908 0.08500352103089917 0.13534435775648762
85 0.5029966044771272 0.18045554613412815 0.08175569029820444 0.13283683344622807
72 0.7484164043408417 0.42376405359736 0.08200467378986112 0.12272152702379309
53 0.5131915552907813 0.3749867961341281 0.07164370590203681 0.11828301051544958
35 0.7376061363621602 0.591193893036482 0.07176985866099876 0.10582395409301455
9 0.5193231258467106 0.5368283768668227 0.06950799581612835 0.10726362336031983
152 0.7263488110565326 0.7351452888980389 0.06572789857509047 0.09459984905006032
177 0.5226229454981288 0.6745330947546472 0.06083568068726599 0.09044793758467104
275 0.5298323371758145 0.7971484011770823 0.0541353013340526 0.0815266389641522
259 0.6190287132496677 0.9295680755327703 0.05105456693788461 0.06734130823145748