74 0.5808090855326385 0.09905838195520544 0.14136587672018486 0.12250352103089916
73 0.5882784158814809 0.22031590626546493 0.1338855673893516 0.10811347241038013
64 0.5993416379362493 0.32882776911033523 0.13140511635259244 0.10642814167768559
63 0.6086667027337028 0.42644307553277033 0.12378810598499985 0.09047559305716639
62 0.6104431076819434 0.5095421805757244 0.1172647039114814 0.08702304443664736
61 0.6172781595199062 0.5876671805757244 0.10863199769092588 0.07723860866099877
60 0.6249922061740728 0.6578977934205947 0.10197189458064812 0.07222356004047974
59 0.3222542917531942 0.12202664970674423 0.16402212672018504 0.12369088478028054
57 0.3461004778042124 0.25105905246570626 0.15097532257314797 0.11678578753924258
56 0.3704449498589808 0.35887487449197353 0.14570206220555537 0.10095606965141819
55 0.3914887646564343 0.45587602725093557 0.13224515494824055 0.08936347241038015
54 0.41086277271495264 0.5427618735874624 0.12544835080120365 0.08278592378986112
47 0.4287036750712951 0.6210949135015541 0.11501869872768503 0.07912865728151779
46 0.44273607224384126 0.6917792277259054 0.10808519354388882 0.07098860866099876
9 0.45615331475097076 0.7554322919502566 0.10753838939685174 0.06473860866099876
275 0.49091716842689637 0.910576815356005 0.09408148213953708 0.05314601141996071
264 0.6431146554674056 0.8829796805757244 0.08562443317629623 0.054258132066747324