259 0.602894237605164 0.22190643658500378 0.06315450585373235 0.11322725334181775
275 0.45700956586399516 0.25954389127150285 0.07106245462406839 0.12972441000954502
85 0.6013049874087723 0.3516212085853219 0.05529200887879462 0.10454259667409058
72 0.46173394818116076 0.40012343793763927 0.07258859318774995 0.12349259134309047
53 0.6012236950579029 0.4719427992520947 0.053706782981095456 0.10061816534054521
35 0.46486855942108757 0.536033665937321 0.06784200585373253 0.11328179734245403
152 0.46793499296791713 0.6602251439370029 0.0662431444174139 0.10701361600890866
186 0.6003338816297946 0.58758598058564 0.050568147442476175 0.09823805267345413
260 0.9618101744716434 0.13881847986955145 0.03166361133812288 0.07145737667090887
260 0.9514135508368806 0.23191449920436957 0.0316727016972024 0.07301987667090888
260 0.9441010205862597 0.3179429058720968 0.0285113402608836 0.06673351400381797
260 0.9360117855151783 0.4047616532065968 0.03318974990180408 0.06522555800445425