263 0.4140625 0.103125 0.0546875 0.0875
273 0.55546875 0.3015625 0.325 0.11875
266 0.421875 0.45703125 0.05078125 0.08046875
11 0.68125 0.45703125 0.05078125 0.08046875
10 0.628125 0.45703125 0.05 0.08046875
113 0.57578125 0.45703125 0.05 0.08046875
111 0.52421875 0.45703125 0.04609375 0.08046875
110 0.4734375 0.45703125 0.0484375 0.08046875
99 0.6765625 0.58828125 0.0484375 0.07578125
85 0.62578125 0.58828125 0.05 0.078125
72 0.5734375 0.58828125 0.05078125 0.078125
53 0.52421875 0.58828125 0.04609375 0.078125
35 0.47578125 0.58828125 0.04921875 0.078125
9 0.42578125 0.58828125 0.04921875 0.078125
264 0.6734375 0.7125 0.04921875 0.07265625
275 0.59609375 0.7109375 0.06328125 0.0703125
131 0.69296875 0.10078125 0.06640625 0.115625