239 0.4034959766189896 0.1365862330380204 0.11791375569998319 0.11799663325027714
35 0.42261159939925186 0.26406039096529976 0.10666489926336578 0.10172079117755661
238 0.4372200386393746 0.38319112276670253 0.09679822636688798 0.09408876387966059
277 0.45157175176471076 0.48742803979328053 0.09636118379224108 0.08783876387966068
264 0.696791052637231 0.571377033471759 0.09625192314857926 0.08627626387966067
275 0.23323665102807664 0.5971591949427829 0.097541271539425 0.08247014342931003
275 0.25525339868228814 0.6875641494462896 0.09252598960843983 0.07748225478036197
264 0.6983860396477807 0.661521172120707 0.09241672896477801 0.07591975478036198
259 0.2726537021526984 0.7680631778239198 0.08840121832111639 0.07410693090623859
288 0.7010518537618526 0.7445339312200057 0.0899637183211162 0.07420706045588794
266 0.5557850962971587 0.12604235194721158 0.11026514666547574 0.11983973550203056
266 0.5632912297210827 0.25582998149686087 0.10543018119435103 0.10630816162790727
266 0.5723216583175438 0.37374866672203627 0.10003248701054979 0.0958515229789593
266 0.57886087144288 0.47848623149686087 0.1011579444359029 0.08970165252860855
266 0.35643920424638537 0.5971115252953111 0.09274451089576327 0.08060725478036197
266 0.8212283239245546 0.566541734274638 0.09441627153942492 0.08226988433001133
266 0.8196983109351044 0.6568861320228846 0.08851047896477801 0.0756694309062386
266 0.37115155029144253 0.6840608127722398 0.09263525025210147 0.07904475478036196
272 0.7608714340443427 0.10740656616832586 0.07768223960843983 0.07653102405869343
272 0.7588765173520511 0.3594394355389424 0.09479868379224107 0.08773863433001132
272 0.8163326463364996 0.7434244093207806 0.07106625284999168 0.05977432063492074
266 0.3764506915090366 0.75984206277224 0.09274451089576327 0.08060725478036197