239 0.3827684554169636 0.18456107067963412 0.11661762357870131 0.11735337094786535
35 0.385462273959872 0.31327760488050116 0.10555132096198286 0.10113683674699833
238 0.3847503714419755 0.43317287592718856 0.0957667972844595 0.09355955517696728
277 0.38568426890996166 0.5382698996047118 0.095402776237772 0.08730955517696729
264 0.6181866847937993 0.6513669520096689 0.09531177097610026 0.08574705517696728
275 0.15513294794797888 0.6204776419239655 0.09664675782192056 0.08193181043863902
275 0.16543414014017568 0.7127939445406841 0.09168624203690508 0.07697129465362362
264 0.6082663822476679 0.7409376862246533 0.09159523677523325 0.07540879465362363
259 0.17242061653323953 0.7947264840032229 0.08759798151356132 0.07361878149944409
288 0.6003181033790599 0.8235681757013096 0.08916048151356133 0.07370978676111584
266 0.5351577080477996 0.1926528336926394 0.1089416314712091 0.11924209463950612
266 0.5260417713290361 0.32224932843096754 0.10426183674699843 0.10573333148532651
266 0.5199521240728116 0.4402635810618035 0.09898280254613141 0.09530406570031094
266 0.5130735215407976 0.5449055784309675 0.10018128149944391 0.08914507096198285
266 0.2773341716396196 0.6354340549652058 0.09186825256024882 0.08009629465362345
266 0.7422234242704555 0.6617268703125808 0.09352175782192056 0.08174979991529537
266 0.7291781217243243 0.7511155940042216 0.08768898677523325 0.07518128149944392
266 0.28083162698599606 0.7234345839044009 0.0917772472985769 0.07853379465362345
272 0.7409449764636511 0.19915127560248755 0.07684249203690499 0.07610674466774099
272 0.7068073819653192 0.4487949598315894 0.093840276237772 0.08721854991529536
272 0.7147978323323725 0.8365070624341904 0.07041818678935066 0.05938197625188977
266 0.2764178717949114 0.7992158339044009 0.09186825256024882 0.08009629465362345