259 0.5592959207113161 0.3775034685679156 0.038626695337363515 0.033036675400601824
266 0.5100135360439071 0.36772863590999905 0.04256930800445424 0.03650342799249993
57 0.6021561300524976 0.4390068965604155 0.03547442333704538 0.030419523327083198
58 0.5576066987189521 0.4335484170127767 0.03861760467059074 0.03225542540060182
56 0.5083515860518613 0.42611733435486016 0.04176078600413611 0.03409132747412027
55 0.45519931405154307 0.4191257491050454 0.04646646733768165 0.036063930584398204
54 0.6010027100572701 0.4740264455236563 0.03546533267027243 0.029638273327083197
47 0.5564623693904973 0.4693492159760174 0.03859942333704538 0.030692925400601822
46 0.5080157787237247 0.4643302338364805 0.041742604670590745 0.03252882747412027
44 0.4548725973901792 0.4581198985866658 0.046448286004136106 0.03450143058439803
45 0.5998492900620426 0.509045994486897 0.03545624200349984 0.028857023327083196
43 0.5553271307288152 0.5059312649392582 0.03859942333704538 0.030692925400601822
42 0.5068896307288153 0.5016935327997213 0.04173351400381797 0.03174757747412027
41 0.45455497139558804 0.49789529806828625 0.044885786004136105 0.034364729547638716
39 0.5986867794000423 0.5432842934501376 0.03546533267027261 0.029638273327083197
38 0.5549549607335879 0.5410191644208785 0.038590332670272606 0.02991167540060182
37 0.5057634827339059 0.539056831762962 0.04252385467059074 0.03259717799249984
36 0.4534379140674515 0.536039847031527 0.04487669533736351 0.03358347954763872
28 0.5982964280712695 0.5768096929317581 0.03547442333704538 0.030419523327083198
26 0.5530202907383603 0.5759703628657398 0.039389764003817974 0.03154252591898139
27 0.505409494072224 0.5757072312445823 0.041742604670590745 0.03252882747412027
25 0.4531021067393148 0.5742527465131474 0.044885786004136105 0.034364729547638716
24 0.5963435767424965 0.6101983913766192 0.03547442333704538 0.030419523327083198
23 0.5526390300763602 0.6102770123473601 0.039398854670590566 0.03232377591898139
22 0.5050464147437692 0.6115763807262027 0.042542036004136106 0.03415967799249984
20 0.4519941400779509 0.6131785454763881 0.04490396733768165 0.03592722954763872
16 0.5967344754137235 0.6437921413766192 0.03547442333704538 0.030419523327083198
11 0.5514856100811326 0.6452965613106008 0.03861760467059074 0.03225542540060182
10 0.5039111760820871 0.6481584296894435 0.040979536004136105 0.034022976955740705
113 0.45164924208304164 0.6506101949580085 0.04490396733768165 0.03592722954763872
260 0.5947816240849506 0.6771808398214804 0.037046014003817976 0.03133747436384251
112 0.5511134400859051 0.6803844607922211 0.038626695337363515 0.033036675400601824
110 0.5035480967536323 0.6840275791710638 0.04019828600413611 0.033954626437360955
99 0.451313434754905 0.6888230944396287 0.04334146733768165 0.035790528510879584
85 0.5951725227561777 0.7107745898214803 0.03549260467059075 0.0319820233270832
72 0.5499600200906777 0.7154040097554619 0.038635786004136106 0.03381792540060182
53 0.5024128580919502 0.7206096281343045 0.04256021733768165 0.03572217799249984
35 0.45019637742676843 0.7269676434028696 0.044922148671227194 0.03748972954763889
9 0.5940009214274047 0.7442316387847211 0.037073286004136105 0.03368122436384251
8 0.5495878500954501 0.7504919092370823 0.03864487667090888 0.034599175400601825
1 0.5020588694302683 0.7572600276159249 0.04259658000477238 0.038847177992499836
3 0.4490884107654045 0.7658934423661103 0.04494942067154532 0.03983347954763872
264 0.592238974100859 0.7940265872295822 0.034729536004136106 0.03347617280870363
275 0.4473991887730405 0.8219383908109712 0.041815330004772555 0.038778827474120446
272 0.592629872772086 0.8276203372295822 0.03552896733768165 0.035107023327083195
272 0.5474810047739951 0.8377185071635637 0.03708237667090888 0.034462474363842685
272 0.44705429077813125 0.8593700402925919 0.043377830004772557 0.038915528510879226
259 0.9301384160964048 0.7908098616879612 0.028415901336727244 0.027460618661666734
260 0.9289395427673135 0.8219231606512019 0.027634651336727246 0.027392268143287168
260 0.9277406694382225 0.8530364596144426 0.029188060669954295 0.026747719180046304
260 0.9265417961091312 0.8841497585776834 0.026844310669954297 0.026542667624907423
44 0.922971900779722 0.9127142559857852 0.026081242003499837 0.028036817106527678
72 0.9798571527689044 0.8380846943458777 0.02920624200349984 0.028310219180046302
260 0.9778770294398133 0.8691296427907389 0.029188060669954295 0.026747719180046304
260 0.9766781561107223 0.9002429417539796 0.03078692333704538 0.030009420216805437
260 0.9747162141151765 0.9328503901988408 0.02920624200349984 0.028310219180046302
266 0.6046720553787251 0.38693654863393406 0.03784544533736352 0.03296832488222208
287 0.455262401376498 0.35747534962342503 0.047284080004772557 0.03925728110277769