53 0.43515625 0.1546875 0.075 0.14296875
260 0.509375 0.1546875 0.075 0.1390625
275 0.58203125 0.15078125 0.07734375 0.14296875
264 0.653125 0.153125 0.07265625 0.14296875
9 0.43828125 0.315625 0.08125 0.1390625
35 0.51328125 0.315625 0.07109375 0.13515625
309 0.584375 0.3109375 0.075 0.140625
342 0.65625 0.309375 0.07734375 0.140625
3 0.44296875 0.475 0.075 0.14296875
1 0.5171875 0.4703125 0.078125 0.14453125
267 0.58828125 0.46484375 0.071875 0.140625
259 0.6578125 0.46171875 0.07578125 0.14296875
342 0.66171875 0.61015625 0.07265625 0.1390625
309 0.58984375 0.61640625 0.07421875 0.140625
4 0.51953125 0.621875 0.07578125 0.13671875
5 0.44609375 0.62890625 0.078125 0.13515625
6 0.52265625 0.775 0.075 0.13125
7 0.45078125 0.7796875 0.07421875 0.1296875
287 0.59453125 0.7703125 0.071875 0.13671875
287 0.66328125 0.76171875 0.07265625 0.13515625