53 0.4360561955488822 0.1902089935012181 0.07583176785578498 0.14909094636645767
260 0.5102749455488821 0.19626741698885852 0.075809041958086 0.14518469636645773
275 0.5829084696511831 0.19829204471886444 0.07817551785578498 0.14928226500290948
264 0.6540158551898025 0.20643912669123576 0.07348801785578515 0.14889962773000587
9 0.44011750253408277 0.35140158501648716 0.082059041958086 0.14569487939699588
35 0.5151175025340828 0.3575237813829449 0.07188006606038684 0.1409595819723714
309 0.5861839814568439 0.3586396133553162 0.07581813231716553 0.14674719636645772
342 0.6580498910977644 0.36294421820650485 0.07816188231716552 0.14693851500290958
3 0.4457322191602038 0.5111592222893908 0.07583176785578498 0.14909094636645773
1 0.5199236980829649 0.5125301457770312 0.07896585821486468 0.1509085378817268
267 0.5909856318261862 0.5128647277494025 0.07269313231716552 0.14649210485118863
259 0.660498701108027 0.5154155139641394 0.07661301785578498 0.14915471924527496
342 0.6652685352205907 0.6641718783582257 0.073465291958086 0.14499337773000587
309 0.5934298966569092 0.6645547735070372 0.07503688231716552 0.1466834234876405
4 0.5231492129136879 0.664283964413483 0.07657665641946654 0.14290471924527495
5 0.4497526195295462 0.6653205638046599 0.07891131606038684 0.1415335378817268
6 0.5271650681034904 0.817664055928752 0.07576359016268804 0.1373721963664579
7 0.45531733918072925 0.8164844510775634 0.07497324980360834 0.1357459234876405
287 0.5990127970262515 0.8188436607799406 0.07267040641946672 0.14258585485118863
287 0.6677128000513136 0.8158619241158602 0.07344256606038684 0.14108712773000603