53 0.4252434245847172 0.13441977192101873 0.08416185379291292 0.14646193114108116
260 0.4994621745847172 0.1309629780834905 0.08391152991878954 0.14255568114108116
275 0.5723687484588404 0.12367270885306811 0.08650560379291292 0.14657109305173996
264 0.6433123041343666 0.1227052142297516 0.08181810379291292 0.14635276923042237
9 0.41805508097083716 0.295211722706807 0.09016152991878953 0.14284677956950462
35 0.49305508097083717 0.29171854156572585 0.07975495604466616 0.1384674946233165
309 0.564449219619785 0.28371979694240934 0.08401165946843889 0.14411818114108116
342 0.6364243491694344 0.27880966501553994 0.08635540946843889 0.14422734305173995
3 0.4125293669066064 0.45436839888548947 0.08416185379291292 0.14646193114108108
1 0.4870485055555543 0.44622410504796123 0.08738698334256227 0.1481699803552928
267 0.558492708979327 0.4374441104246447 0.0808866594684389 0.14397263192686935
259 0.6282242180786256 0.4310806404084341 0.08494310379291292 0.1464983184446341
342 0.6226181608619401 0.5793362038906694 0.08156777991878954 0.14244651923042237
309 0.5503426426633429 0.5889338358175389 0.08323040946843889 0.14408179383752823
4 0.4796796892395703 0.5976774431373024 0.08454258559431552 0.1402483184446341
5 0.4057916062661482 0.6081290996712777 0.08678620604466616 0.1387949803552928
6 0.4729919933739367 0.7506568939230908 0.08341088217054296 0.13474318114108108
7 0.40081660472498876 0.7586920258499601 0.0825295026208936 0.13314429383752824
287 0.5451673820228846 0.7426217619962212 0.08063633559431552 0.14006638192686935
287 0.6144680945459559 0.7308259292835635 0.08131745604466616 0.13854026923042237