259 0.60234375 0.17727336103930805 0.10859375 0.07615158519385709
288 0.478125 0.27461277977439236 0.11015625 0.07544310980096292
110 0.35703125 0.3713164977236884 0.11015625 0.07231810980096291
99 0.57421875 0.4869009181114026 0.10625 0.06744867328319834
85 0.35390625 0.4735146985094767 0.10390625 0.06890201137253946
72 0.56640625 0.5841932950758733 0.10390625 0.06733951137253946
53 0.346875 0.5700622127775004 0.10234375 0.06726673676543378
35 0.559375 0.676053309343897 0.10234375 0.06492298676543377
9 0.34375 0.6652291635632887 0.09609375 0.06306938833701033
264 0.54921875 0.7990177743977089 0.09765625 0.06314216294411601
275 0.33984375 0.788484727045524 0.09609375 0.06228813833701032
270 0.334375 0.8796362659206535 0.07734375 0.051258593051739965
270 0.54296875 0.8893516759692854 0.07734375 0.051258593051739965