259 0.5980019278175339 0.11061880861018669 0.11066236685133184 0.07805275370062778
288 0.470782546780437 0.22170410780730773 0.11220213479802066 0.07737163325027714
110 0.34671089779665143 0.3318078979051301 0.11211120658477532 0.07424663325027714
99 0.5608295705996204 0.42335864050387445 0.10806856426490725 0.06930880937615384
85 0.3406079988128658 0.4343519070044287 0.10577027837152997 0.07072111505167981
72 0.5501755639357029 0.521515538252121 0.10572481426490725 0.06915861505167982
53 0.33075797420225955 0.5316774899778507 0.10416231426490725 0.06905848550203046
35 0.5404619316449646 0.614153621225543 0.10409411810497318 0.06671473550203047
9 0.324859663698276 0.6271902490771494 0.09779865399835055 0.06475171730343324
264 0.5267140172217728 0.7382419632982636 0.09936115399835047 0.06485184685308258
275 0.3173617492750842 0.7508780729512726 0.09777592194503928 0.06397046730343323
270 0.3092333490376573 0.8426347763750452 0.07873040525199179 0.05261266270764153
270 0.5178270990376573 0.829267481496861 0.07873040525199179 0.05261266270764153