259 0.60234375 0.14921875 0.10859375 0.07109375
288 0.478125 0.25234375 0.11015625 0.0703125
110 0.35703125 0.3546875 0.11015625 0.0671875
99 0.57421875 0.46015625 0.10625 0.0625
85 0.35390625 0.45703125 0.10390625 0.0640625
72 0.56640625 0.5578125 0.10390625 0.0625
53 0.346875 0.55390625 0.10234375 0.0625
35 0.559375 0.65 0.10234375 0.06015625
9 0.34375 0.64921875 0.09609375 0.05859375
264 0.54921875 0.7734375 0.09765625 0.05859375
275 0.33984375 0.77265625 0.09609375 0.0578125
270 0.334375 0.8640625 0.07734375 0.04765625
270 0.54296875 0.8640625 0.07734375 0.04765625