275 0.37734375 0.4078125 0.05859375 0.0421875
264 0.58984375 0.41171875 0.05546875 0.04453125
258 0.484375 0.409375 0.053125 0.04296875
113 0.5515625 0.49921875 0.0546875 0.04140625
111 0.55 0.54765625 0.05234375 0.04453125
110 0.54921875 0.59609375 0.05234375 0.04140625
99 0.54765625 0.6453125 0.05546875 0.04140625
85 0.41015625 0.5453125 0.05859375 0.04296875
72 0.40859375 0.59453125 0.0578125 0.04453125
53 0.40703125 0.6421875 0.05703125 0.0421875
35 0.40703125 0.6890625 0.05703125 0.04296875
289 0.45234375 0.82265625 0.03828125 0.06484375
272 0.3359375 0.82734375 0.04296875 0.0375