275 0.34882672200428716 0.42979027069375153 0.06154378737886681 0.04560019731269431
264 0.5610535703951328 0.446073236281123 0.05858267834435935 0.04776193678935066
258 0.45574871136062545 0.43758663111827323 0.056129667700697716 0.04606292889684287
113 0.5166537243500757 0.5313436073701627 0.05758290705703608 0.044591434158514784
111 0.5117041443965619 0.5796901021084908 0.05545767834435935 0.04757992626600682
110 0.5075358144430482 0.6280820994776549 0.05523915705703608 0.044454926266007
99 0.5025316041677035 0.6772098442159831 0.058364157057035904 0.044636936789350656
85 0.37202428536205445 0.5692013811888603 0.06159841770069772 0.046381447312694314
72 0.3670200750867098 0.6183291259271886 0.06092642834435944 0.04789844468185844
53 0.3621251254550269 0.6658943706655167 0.05998128737886681 0.0455091920510224
35 0.35884730614517485 0.7127693706655167 0.060035917700697716 0.046290442051022396
289 0.3948180211120965 0.8490022732540001 0.04281556671196203 0.06707337891096046
272 0.2780839891811113 0.8469098812594474 0.04559100544788164 0.04000264469597568