273 0.4704418467930722 0.24878904146710665 0.17467705423577726 0.1509908491396783
9 0.42705086262818986 0.42194474033563856 0.047562973277822704 0.07760737041330898
35 0.47392586262818986 0.42221745110802705 0.05068797327782271 0.07762555113146821
53 0.5207781305748785 0.42170891188041554 0.04749477711788863 0.07526362041330899
72 0.4292331397460786 0.4969447403356385 0.047562973277822704 0.07760737041330898
85 0.47608540769276725 0.49643620110802705 0.050619777117888634 0.0752818011314682
99 0.5222018897460785 0.49748561670087577 0.04898908095795455 0.0729289607723885
110 0.430816023290458 0.5781901951560987 0.04876176042484133 0.0651164607723885
111 0.475347273290458 0.5784492703898678 0.044074260424841326 0.06508918969514958
113 0.5191427373970807 0.5802663004440971 0.04724472453146404 0.06666987041330899
260 0.4328619080884787 0.6485026951560987 0.048943616851332014 0.07136646077238851
8 0.47734769398185595 0.6471992703898678 0.044301580957954556 0.07290168969514958
260 0.5211431580884787 0.6490163004440971 0.04738111685133202 0.07135737041330899
260 0.5197147018994148 0.734149824546398 0.04581861685133202 0.07134828005422929
260 0.43458118395272616 0.7344356499765589 0.044187920691397944 0.06899543969514958
260 0.47676868395272615 0.7346810896717086 0.044187920691397944 0.06899543969514958