275 0.363037597270342 0.08233029770798247 0.17608362884037315 0.12237407089139563
264 0.5326521472562246 0.0873454794474228 0.1698791314712091 0.12279129984470823
43 0.5232378918533784 0.23526703995664905 0.16088356306947488 0.10202377353634899
42 0.5198769443995097 0.3256113188958442 0.15688630780780316 0.10023376038216938
41 0.5153252232681178 0.4089698504658753 0.15674979991529536 0.09789001038216938
39 0.5101287600292335 0.49471763466674223 0.1603375314994439 0.09264877353634908
38 0.5059032625894823 0.5702181636059376 0.158684026237772 0.090995268274677
37 0.5025045177805669 0.6464544399142967 0.15432274992941294 0.08295525512049746
36 0.49818801507914384 0.7203924688534918 0.15188799466774086 0.08125624722798967
28 0.4959877492235412 0.7902877399001793 0.14747351045275642 0.0856707314429741
26 0.4913527281062665 0.8587570188393745 0.14278601045275643 0.08539771565795888
25 0.4886064306806327 0.9192772898860617 0.14458372888272528 0.07615922355046649
24 0.3616633550216755 0.23370308190884953 0.1640995683311468 0.10376828405969266
23 0.35926566809115046 0.32712685821720877 0.16079255780780316 0.100461273536349
22 0.36054671800644594 0.4164168713713884 0.16130079202278758 0.09581927616718496
16 0.36003775476756167 0.5018916397872399 0.1627267841302798 0.0935665314288567
11 0.3598550152203182 0.5795084055722555 0.16029202886860805 0.09186752353634908
53 0.3572375204114029 0.6556991792497787 0.16126299466774102 0.08180227879802082
35 0.3560005150791438 0.7286739476656302 0.1628709972985769 0.08267453405969274
34 0.35246526237772074 0.8025664739739895 0.1574022472985769 0.08235601564384112
9 0.35260874652211804 0.8723252371281692 0.15786497888272547 0.07693276827467699