275 0.3564312863007452 0.07398079438050867 0.17018575585373252 0.12633871470334707
264 0.5250949278894889 0.07504960255597885 0.16394030103327228 0.12660978167280895
43 0.5062716841360049 0.22339137876877602 0.15600962636523724 0.10565955288463628
42 0.4971552384889268 0.313936630435766 0.15209428600615774 0.1037781884905499
41 0.48729844945770695 0.3975144049815732 0.1520806504675381 0.10143443849054998
39 0.4766467748878679 0.48349970240619766 0.1559550842107596 0.0962845528846362
38 0.46761668765204617 0.5592012040731876 0.15438349385167988 0.09459450712700175
37 0.4593633052366847 0.6356201828613603 0.15043179205628193 0.08646314273291544
36 0.45034230835994277 0.7097591845283502 0.14807895169720223 0.08470932409646359
28 0.44368778738089976 0.7798006175588884 0.14341872277444095 0.08901418682356006
26 0.43469860676093636 0.8484708692258783 0.13873122277444114 0.08863154955065652
25 0.4280986279363711 0.9091373022564163 0.14102043061996347 0.07944786818710839
24 0.3453978166495621 0.22559109180513315 0.15914371672431696 0.10747714439990537
23 0.33704444028432484 0.3191975705933058 0.15600053600615774 0.1040970528846362
22 0.3326200398167867 0.4085789349873922 0.15675451492891881 0.09947332576345361
16 0.32665586524694745 0.49418159513911303 0.15830337939029934 0.09725712152108805
11 0.3215183924725064 0.5719079824120167 0.15595053903121975 0.0955033028846362
53 0.3140462600571449 0.6482631883213721 0.15745395169720222 0.08547459864227083
35 0.30815480835994274 0.7213658484730929 0.15902099687674198 0.08638339439990546
34 0.2999150614832007 0.7954410772612656 0.153552246876742 0.08593698424818434
9 0.2956042905041577 0.8652911916553518 0.1543016806199633 0.08053200712700175