259 0.6078367905592478 0.26209729251608355 0.028654728562200305 0.05834144448207601
99 0.636479829577336 0.40326120307696167 0.026942034237726276 0.05591580732694634
85 0.6007926534514592 0.409050857644946 0.027573089913252247 0.053613000904511134
72 0.6407656138150621 0.45790775949939677 0.026160784237726276 0.05587486374938137
53 0.6052286320136595 0.46604116406738105 0.028354339913252247 0.053653944482076096
35 0.6450013332779637 0.5117730659218319 0.026691710363602895 0.05200955732694634
9 0.6096646105758596 0.5230314704898162 0.026060654688076924 0.05431236374938138
260 0.6484057379660406 0.5648980659218319 0.027823413787375628 0.057519250904511134
264 0.6559061597729807 0.6452439851891373 0.026791839913252246 0.053572057326946344
275 0.6224323257198245 0.6611080026019918 0.030067034237726276 0.056079581637205854
275 0.6592104349114083 0.6968064851891372 0.02659158081395354 0.05044705732694634