259 0.5634310556076395 0.34450504085823963 0.02998958784171286 0.05921846658814811
99 0.5705225112625472 0.4884013038177303 0.028222036286573982 0.0567380155513888
85 0.534243258670649 0.48916342997226747 0.028798234731435102 0.054462616069768544
72 0.5665192249759732 0.5431571543361099 0.02744078628657398 0.05666966503300923
53 0.5300349208289361 0.5462630304906471 0.029579484731435103 0.054530966588148114
35 0.5625842892077788 0.5971317548544895 0.027880283694675788 0.0528317655513888
9 0.5258265829872233 0.6033626310090268 0.027304085249814668 0.055107165033009234
260 0.5579364539579641 0.6502567548544895 0.029139987323333116 0.058368866069768544
264 0.5532401005648624 0.7309305564096285 0.0280169847314351 0.0543942655513888
275 0.5176347912340291 0.7419856336009248 0.03134703628657398 0.057011417624907426
275 0.5487289663518069 0.7824930564096284 0.027743582657916478 0.0512692655513888