258 0.5572082693756595 0.45117349004135365 0.027566890606883377 0.023376586817585476
309 0.6368321254347962 0.48541271117274565 0.03153691348570078 0.02438534997176518
275 0.5533021483136134 0.4895002426721896 0.02919316348570078 0.024248842079257392
110 0.5436404927038204 0.5888099979338615 0.02932070924333523 0.025811342079257393
85 0.5415997605816678 0.6138099979338614 0.029256936364518003 0.025030092079257393
260 0.5396228013383325 0.6380287479338614 0.02944825500096986 0.027373842079257395
260 0.5375182963373627 0.6638099979338614 0.02944825500096986 0.027373842079257395
152 0.5353500184575756 0.6903724979338615 0.03022950500096986 0.027419344710093264
260 0.6265965139156477 0.5917537164344175 0.031010755000969857 0.02746484734092931
260 0.6244920089146779 0.6175349664344175 0.03088320924333523 0.025902347340929312
11 0.6223875039137081 0.6433162164344175 0.03166445924333523 0.02594784997176518
113 0.620219226033921 0.6698787164344175 0.03244570924333523 0.02599335260260105
270 0.6408020193756595 0.44630470854190973 0.022496753333979845 0.018416071032569904
270 0.5907225289185571 0.5168671084995575 0.014174070303441866 0.011711044724210851
272 0.5687208857265998 0.7863983584995574 0.021970594849248924 0.021495568401734035