258 0.596875 0.4859375 0.02578125 0.021875
309 0.6796875 0.525 0.0296875 0.02265625
275 0.59609375 0.52421875 0.02734375 0.02265625
110 0.59453125 0.6234375 0.02734375 0.02421875
85 0.59453125 0.6484375 0.02734375 0.0234375
260 0.59453125 0.67265625 0.02734375 0.02578125
260 0.59453125 0.6984375 0.02734375 0.02578125
152 0.59453125 0.725 0.028125 0.02578125
260 0.678125 0.63125 0.02890625 0.02578125
260 0.678125 0.65703125 0.02890625 0.02421875
11 0.678125 0.6828125 0.0296875 0.02421875
113 0.678125 0.709375 0.03046875 0.02421875
270 0.68046875 0.4859375 0.02109375 0.0171875
270 0.6359375 0.55390625 0.01328125 0.0109375
272 0.6359375 0.8234375 0.0203125 0.0203125