282 0.45703125 0.309375 0.08359375 0.1
194 0.46796875 0.4359375 0.078125 0.08125
168 0.55234375 0.3046875 0.0734375 0.08125
194 0.55546875 0.42734375 0.071875 0.0734375
201 0.4734375 0.54609375 0.075 0.0765625
260 0.55703125 0.53671875 0.071875 0.0734375
275 0.3078125 0.709375 0.0734375 0.071875
309 0.390625 0.7 0.0609375 0.0625
259 0.315625 0.79921875 0.065625 0.0734375
258 0.3984375 0.78984375 0.0609375 0.0578125
264 0.659375 0.67890625 0.075 0.0734375
309 0.7375 0.67421875 0.06640625 0.0578125
288 0.6515625 0.7671875 0.071875 0.065625
270 0.73203125 0.7609375 0.071875 0.06875
270 0.653125 0.86953125 0.07109375 0.0609375