282 0.4804742856922788 0.2907524036131405 0.0911712968904336 0.10340618429639994
194 0.5010021184754837 0.41686923463977976 0.08428175684847723 0.08443334980971962
168 0.5754315881817897 0.2821812168452826 0.07959425684847724 0.08424234882113639
194 0.5878509230395871 0.40471013285289387 0.07743976099766207 0.0763661818249421
201 0.5148180099719768 0.5268026501530993 0.08080155933798813 0.07961851581733086
260 0.5977013649509988 0.5140214658566995 0.07743976099766207 0.0763661818249421
275 0.3615657232540129 0.6968326017497048 0.07888386182749904 0.0748673488211363
309 0.4436678282330348 0.6840832509514021 0.06567346680652086 0.06498301285158128
259 0.3761861755383868 0.7863580167687328 0.07118976099766208 0.07611151384016442
258 0.4582882805174086 0.7736086659704302 0.06531826929603195 0.06029551285158128
264 0.7108194394358339 0.6520387776059667 0.08056476099766208 0.07649351581733085
309 0.7885892419253449 0.6441679277962472 0.07078701929603196 0.06051834733826169
288 0.7096964925500447 0.7406383625869388 0.07684776514684692 0.0685536818249421
270 0.7896916458693927 0.7311095122829275 0.07708456348717299 0.07167868182494211
270 0.7190141381957229 0.8429184455907442 0.07571131763635783 0.06383434832684501