131 0.3109375 0.29765625 0.0484375 0.084375
259 0.31875 0.40703125 0.0421875 0.0734375
273 0.4703125 0.34765625 0.17578125 0.1640625
152 0.29921875 0.55859375 0.040625 0.06953125
35 0.3484375 0.56484375 0.0390625 0.0625
53 0.39921875 0.57109375 0.03984375 0.065625
72 0.45078125 0.578125 0.0390625 0.065625
85 0.50234375 0.58359375 0.040625 0.065625
99 0.5546875 0.58828125 0.0421875 0.065625
110 0.6078125 0.59453125 0.04453125 0.06640625
111 0.66328125 0.60078125 0.0453125 0.06796875
275 0.6109375 0.43359375 0.046875 0.075
264 0.66875 0.4359375 0.046875 0.07734375