131 0.3352349668293789 0.315766297072698 0.05532497091226496 0.08719616311182729
259 0.35197566986379647 0.42559632338105724 0.04818215060882318 0.07589464206513999
273 0.49869143107368413 0.37504883376322656 0.1891735545516262 0.17430059193808303
152 0.3448163583543464 0.5760212576101591 0.04630078621473679 0.07189738680346806
35 0.3945452913848845 0.5851379233528224 0.0441643303053814 0.06477513154179633
53 0.44583672441542266 0.5943455943571575 0.04520067182065048 0.06794563417263219
72 0.49797318032477805 0.6043800179923284 0.044419421820650486 0.06790013154179633
85 0.5499820904764989 0.6128519416274995 0.04598192182065049 0.06799113680346806
99 0.6027084777494026 0.6205881178935064 0.04754442182065048 0.06808214206513981
110 0.6563436607799407 0.6299322967903492 0.049951944699467885 0.06899989995764777
111 0.7123225938104788 0.6394129835796999 0.05086074045710234 0.07060790258848364
275 0.6463314477435835 0.46917680731369293 0.05299719636645772 0.07773015785015538
264 0.7043352663800354 0.47488775199555133 0.0531885150029094 0.08007390785015538