266 0.7645776679305397 0.4470411849349736 0.01181874394987581 0.017870039462538935
266 0.763128797419035 0.4666634401966454 0.01259999394987581 0.017915542093374804
266 0.7616799269075302 0.48628569545831724 0.01259999394987581 0.017915542093374627
266 0.7602356015755654 0.5066892007199891 0.012590903590796287 0.016353042093374803
266 0.7603537762436002 0.5270017007199892 0.01181874394987581 0.017870039462538755
266 0.8122702793668584 0.45051552445398213 0.011809653590795933 0.016307539462538757
266 0.8108304992144332 0.4717002797156541 0.01259999394987581 0.017915542093374627
266 0.8093770835233884 0.4905412849773258 0.014153403590796287 0.01644404735504672
266 0.8079282130118838 0.5101635402389977 0.011809653590795933 0.016307539462538934
266 0.8072696828594585 0.5313027928698336 0.014153403590796287 0.01644404735504672
266 0.8599628908031768 0.4539898639729908 0.01260453912941557 0.018696792093374805
266 0.8577418606507516 0.4752201218654986 0.01259999394987581 0.017915542093374804
266 0.8570787853187867 0.4955781244963345 0.012590903590795932 0.016353042093374803
266 0.8556299148072817 0.5152003797580063 0.012590903590795932 0.016353042093374626
266 0.8541901346548567 0.5363851350196782 0.014167039129415571 0.01878779735504672
266 0.7581781978865733 0.556044458612497 0.011809653590796287 0.016307539462538757
266 0.757519667734148 0.5771837112433328 0.011809653590796287 0.016307539462538757
260 0.8050986496819714 0.5611268007623413 0.01180056323171641 0.014745039462538755
266 0.803658869529546 0.5823115560240133 0.011809653590795933 0.016307539462538757
275 0.736403191836449 0.5745060322759028 0.022760789129415572 0.01928832629424182
264 0.7825423936318471 0.5796338770565832 0.022760789129415572 0.01928832629424182
9 0.740023095525441 0.5250597691217231 0.024341469847574793 0.022504331555913738
35 0.7861577521412993 0.5294063639024037 0.02355112948849527 0.020896328925077867
53 0.8322969539366973 0.5345342086830841 0.025113629488495093 0.020987334186749605
72 0.7406907160369458 0.5054830164908872 0.02354203912941557 0.01933382892507769
260 0.7875975322937245 0.5082216086407317 0.023551129488495092 0.02089632892507769
260 0.8345179840891225 0.5133039507905763 0.02509999394987581 0.018643584186749607
110 0.7421395865484506 0.4858607612292154 0.022760789129415572 0.01928832629424182
260 0.7882560624461497 0.4870823560098959 0.02355112948849527 0.020896328925077867
260 0.8359623094210875 0.49290044552890444 0.026667039129415572 0.019515839448421345
10 0.7428072070599554 0.46628400859837943 0.022760789129415572 0.01928832629424182
11 0.7897094781371943 0.468241350748224 0.02432328912941557 0.01937933155591374
16 0.8374111799325924 0.47327819026723256 0.02510453912941557 0.019424834186749607
20 0.7442424420328407 0.4443180033367076 0.023551129488495092 0.02089632892507769
22 0.7911538034691592 0.44783784548655214 0.02434146984757497 0.022504331555913738
260 0.8380742552645574 0.4529201876363967 0.026667039129415572 0.019515839448421345
260 0.7386242219888741 0.553275774383395 0.02356021984757497 0.022458828925077688
260 0.7839776286047325 0.5576678717949115 0.02434146984757497 0.022504331555913738