290 0.57265625 0.41328125 0.08359375 0.0625
263 0.57890625 0.49375 0.071875 0.05625
9 0.58359375 0.7359375 0.0703125 0.05
120 0.43828125 0.74140625 0.06875 0.05078125
35 0.4359375 0.68984375 0.0703125 0.0515625
53 0.58359375 0.68515625 0.0703125 0.0515625
72 0.4328125 0.6375 0.06875 0.0515625
85 0.58125 0.63203125 0.07421875 0.053125
99 0.43125 0.5828125 0.0703125 0.05390625
110 0.5796875 0.57734375 0.07421875 0.053125
275 0.44375 0.853125 0.0640625 0.0484375
316 0.584375 0.84765625 0.0640625 0.0484375