290 0.5822754778672573 0.3899472958947555 0.08504845364722229 0.06590618429639994
263 0.590398408813056 0.47016137790997803 0.07318423328249998 0.059178681824942105
9 0.6007228854460422 0.7121578769213948 0.07147626291777787 0.052865014828747545
120 0.45553767201517414 0.7235476575674731 0.06993194671336803 0.05358259783255335
35 0.4519937915062158 0.6720806580617648 0.07151263050895836 0.054427514828747546
53 0.5995409387326742 0.6613766269213948 0.07151263050895836 0.054427514828747546
72 0.44765047720166723 0.6198642420541536 0.06995013050895835 0.054363847832553346
85 0.5959606906325352 0.6083471274156864 0.07545524810013901 0.05614918231923358
99 0.4448151115103477 0.5652404090503479 0.07156718189572916 0.056771264828747545
110 0.5931253249412158 0.5537232944118807 0.07545524810013901 0.05614918231923358
275 0.463606704784584 0.8350435730807929 0.06518989532659739 0.051047846843970034
316 0.6041044182154521 0.8238447934232976 0.0651898953265972 0.051047846843970034