263 0.50859375 0.1984375 0.06875 0.06875
275 0.4921875 0.3125 0.0375 0.06484375
264 0.52578125 0.31328125 0.0359375 0.06640625
113 0.4921875 0.3734375 0.03671875 0.06484375
20 0.525 0.37265625 0.03515625 0.06796875
111 0.49296875 0.43125 0.03984375 0.0640625
16 0.52578125 0.43125 0.03515625 0.0640625
110 0.4921875 0.48828125 0.0390625 0.06484375
11 0.52578125 0.4859375 0.0359375 0.06875
99 0.49296875 0.5453125 0.03828125 0.06796875
10 0.52578125 0.5453125 0.03671875 0.06875
53 0.509375 0.603125 0.07109375 0.06484375
9 0.509375 0.6546875 0.07109375 0.06484375