263 0.5143676915410805 0.1598985701119357 0.07075042069139795 0.07395956348717307
275 0.5012803213245363 0.27520426139864745 0.03938676042484133 0.06768533008391256
264 0.5348968033778476 0.2734399292401425 0.03786972453146405 0.06912943091374953
113 0.5030534214828208 0.33614176139864743 0.038605510424841324 0.06762613049883104
20 0.5358431894295095 0.332874128825224 0.03713393863808658 0.07063273132866801
111 0.50551684342786 0.3938950618135659 0.04170777837152997 0.0670816788391571
16 0.53832934342786 0.39140867924014244 0.03702027837152997 0.06672648132866801
110 0.5063950333195878 0.45098551139864745 0.04094926042484133 0.06780372925407559
11 0.5399205871596539 0.44609617924014244 0.03793792069139794 0.07147318091374952
99 0.5088357232113158 0.5079575618135659 0.04025893863808676 0.07086952966899407
10 0.5416482232113158 0.5054711792401425 0.03871917069139794 0.07153238049883104
53 0.5269241451563549 0.5645268705268542 0.07298051042484133 0.07023091224241754
9 0.5284244606749035 0.6160893705268542 0.07298051042484133 0.07023091224241754