273 0.4984825035146567 0.11510114619876669 0.2107406009096227 0.05459329399195125
275 0.42303735545773674 0.2598499134989722 0.03788314371369381 0.026496174410568153
266 0.46447999276128976 0.2589439880998209 0.03077911910658777 0.024647172927693452
266 0.5544692919755014 0.25840813581864336 0.03475814371369381 0.026368840418179395
264 0.5943858165826074 0.2583471274156864 0.03390411910658777 0.024774506920082207
266 0.581181765092084 0.6134630503433798 0.04460617865988183 0.03690709239534584
53 0.579617111039308 0.5798693003433797 0.044424242142117265 0.03300084239534584
152 0.46570231430629566 0.6212994080617648 0.046205065963434676 0.03775200939154022
266 0.4641012729499668 0.5869244080617648 0.046767992142117264 0.03309634288963732
23 0.46335425620074383 0.5540800745636676 0.04694992865988183 0.03700259288963732
25 0.46097196484441494 0.5197369080617648 0.046804379445670105 0.03387759288963732
28 0.4593709234880861 0.48536190806176477 0.048548815963434674 0.0378475098858317
37 0.4578062694353101 0.4517681580617648 0.04691354135632882 0.03622134288963732
39 0.45624161538253427 0.41817440806176476 0.04840326674922295 0.0347225098858317
24 0.579651344290085 0.5469931333471854 0.04684076674922295 0.0346588428896375
26 0.578159464844415 0.5149618833471854 0.04684076674922295 0.0346588428896375
36 0.5766675853987449 0.48293063334718533 0.046804379445670105 0.0338775928896375
38 0.575030156738863 0.44777438334718533 0.04684076674922295 0.0346588428896375
266 0.5726842526860871 0.4142124668452826 0.046168678659881834 0.03697075939154004
343 0.4435469861417519 0.7842278309894583 0.09082836124870504 0.058284685284983165
343 0.4780696894087395 0.8196095740693761 0.03475814371369381 0.026368840418179218
265 0.5917319290696573 0.8063681333471854 0.03241439371369381 0.026273339923887917