273 0.4898283388807956 0.10073914724655349 0.20939831939903505 0.060680045928841596
275 0.4053288336057898 0.2478815810387945 0.037155126623205526 0.02756762512605082
266 0.44672144683631465 0.2457674239817586 0.030096603084255057 0.02551345222957302
266 0.536510649758414 0.24260993697120883 0.03403012662320535 0.027349103838727372
264 0.5763271262194636 0.24138629055783456 0.03322160308425506 0.02573197351689647
266 0.5404621696472116 0.5973684927874076 0.04358240462638267 0.03816091770069772
53 0.541048550734644 0.5637747427874076 0.043514220779006865 0.03425466770069772
152 0.42478262256931104 0.608578780418376 0.04515854139585791 0.03905142834435935
266 0.4253826404262185 0.5742037804183759 0.045857970779006864 0.03441855866619044
23 0.4267366347441756 0.5413366500965451 0.0459261546263825 0.03832480866619044
25 0.42655540260108304 0.507016280418376 0.04587160754848192 0.035199808666190435
28 0.4271554204579905 0.47264128041837594 0.04750229139585791 0.03921531930985207
37 0.4277418015454229 0.43904753041837596 0.04591251785690744 0.037543558666190434
39 0.4283281826328551 0.40545378041837593 0.04744774431795697 0.03609031930985207
24 0.5431837950526011 0.5308529821437459 0.04588524431795715 0.03598105866619043
26 0.543742902601083 0.49882173214374587 0.04588524431795715 0.03598105866619043
36 0.544302010149565 0.46679048214374586 0.04587160754848192 0.035199808666190435
38 0.5449156647759477 0.43163423214374586 0.04588524431795715 0.03598105866619043
266 0.54472079586338 0.39809511246557666 0.045144904626382674 0.03827017834435953
343 0.3922723112879508 0.7723734826479489 0.08923582386326193 0.060860726366887975
343 0.4244438831226178 0.8067977591310524 0.03403012662320535 0.027349103838727372
265 0.5386563875868446 0.7902279821437458 0.03168637662320535 0.027185212873234655