343 0.5473926295866911 0.0868114091421399 0.20888464149054772 0.06580628921676371
20 0.5491545966055955 0.18698900789738443 0.19643009328594588 0.07267159585545953
16 0.5462517895221991 0.28290515914213993 0.18780907220870696 0.06733290041956286
11 0.5441984101318997 0.36716175997197686 0.18390282220870696 0.06703690249415536
10 0.5437302566392994 0.44763050997197684 0.17140282220870695 0.06608970913285113
113 0.543334826019336 0.5155992599719769 0.16279998184962743 0.06387601369695446
111 0.5413950761175319 0.5803246108018139 0.1604107800542293 0.05588591494170991
110 0.5402502117543472 0.6427654112167323 0.1541062378997516 0.046037318261057794
99 0.5399093232888615 0.7013591612167323 0.15018180718159221 0.042616320335650215
85 0.5403951366187739 0.7521996108018139 0.1478471475406721 0.04400122158040567
72 0.5393229951282261 0.8021404112167325 0.14156078610435346 0.037277624899753906
53 0.5398224439967579 0.850637110801814 0.1353289668225127 0.039929028219101784
35 0.5364520043016083 0.8925878124614879 0.12906078610435365 0.036330431538449656
9 0.5385503146064586 0.9349529112167325 0.13373919574527376 0.03512312904893875
119 0.5344258959885477 0.9721569132913249 0.12906987646343318 0.03789293153844966