343 0.54765625 0.0453125 0.20859375 0.05
20 0.55 0.1453125 0.19609375 0.0578125
16 0.54765625 0.24140625 0.1875 0.053125
11 0.54609375 0.32578125 0.18359375 0.053125
10 0.54609375 0.40625 0.17109375 0.053125
113 0.54609375 0.47421875 0.1625 0.0515625
111 0.54453125 0.5390625 0.16015625 0.04375
110 0.54375 0.6015625 0.15390625 0.034375
99 0.54375 0.66015625 0.15 0.03125
85 0.54453125 0.7109375 0.14765625 0.0328125
72 0.54375 0.7609375 0.14140625 0.0265625
53 0.54453125 0.809375 0.13515625 0.0296875
35 0.54140625 0.8515625 0.12890625 0.0265625
9 0.54375 0.89375 0.13359375 0.025
119 0.53984375 0.93125 0.12890625 0.028125