343 0.5447524930601697 0.06443707766696496 0.2117978955887782 0.05728425426116925
20 0.5406879518826131 0.16451892322046124 0.1997985433370248 0.0646602446425224
16 0.5321862345791799 0.260530827666965 0.19090440468807693 0.05967264427970269
11 0.5252167388981166 0.3448512639646341 0.18699815468807693 0.059536235023875506
10 0.5200600670911765 0.42532001396463415 0.17449815468807692 0.059099725405228655
113 0.5157044316814311 0.49328876396463406 0.16580427513842758 0.057237125042409076
111 0.5099865553709841 0.5580779502623032 0.16295987739018097 0.04934277948891275
110 0.5052001233850113 0.6205506684111378 0.15610910009228504 0.039749524679589324
99 0.5014452652731618 0.6791444184111379 0.15200259099298635 0.03648811542376222
85 0.49897230490955896 0.7299529502623032 0.1497589705426357 0.037968769870265894
72 0.49498690932078065 0.7799256684111378 0.14310845234403846 0.031500515060942466
53 0.4926641432816517 0.8283904502623031 0.13705871144333698 0.03440726025161922
35 0.48683564544111996 0.8704688228576416 0.13060845234403845 0.03106400544229544
9 0.48647589760058835 0.9127381684111378 0.1351958227943891 0.029665196549288453
119 0.4801665384090046 0.9501017591553108 0.1307085818936878 0.032626505442295436