280 0.3578125 0.890625 0.0296875 0.02890625
60 0.4546875 0.87265625 0.02578125 0.0265625
47 0.35625 0.853125 0.03046875 0.0265625
54 0.35703125 0.81484375 0.0296875 0.0265625
55 0.35703125 0.77578125 0.02890625 0.02578125
275 0.3578125 0.7375 0.028125 0.025
264 0.4078125 0.73203125 0.02734375 0.025
59 0.4078125 0.76875 0.028125 0.02421875
57 0.4078125 0.80625 0.02890625 0.02578125
56 0.40703125 0.84375 0.028125 0.025
61 0.45546875 0.8359375 0.02734375 0.02421875
62 0.45625 0.8 0.02734375 0.025
63 0.45546875 0.76328125 0.028125 0.0234375
259 0.45625 0.7265625 0.02578125 0.02421875