280 0.36817586012090353 0.9072903850272415 0.030023854670590745 0.03028896753501158
60 0.4648417747851309 0.8938336606678045 0.02609033267027261 0.027763281017246656
47 0.3661770081158129 0.8697176104201354 0.03077783267027261 0.027981604838564066
54 0.3665128154439494 0.8314727477236884 0.02999658267027261 0.027945217535011224
55 0.3660582821053133 0.7924102477236884 0.02920624200349984 0.027127580231458382
275 0.3663940894334499 0.7541653850272414 0.028415901336727067 0.02630994292790536
264 0.41633045476604086 0.7510254224546288 0.027634651336727066 0.026273555624352518
59 0.41675771610435886 0.7877441724546287 0.028406810669954298 0.02552869292790554
57 0.4171940681094495 0.8252441724546287 0.02920624200349984 0.027127580231458382
56 0.41684917011454015 0.8627077851510758 0.028415901336727067 0.02630994292790554
61 0.4651957634468129 0.8571512979713575 0.027625560669954297 0.025492305624352694
62 0.46555884277526777 0.8212501852749103 0.027634651336727246 0.026273555624352695
63 0.4643503314369498 0.7844950479713575 0.028397720003181703 0.02474744292790554
259 0.46470432009863183 0.7478126852749104 0.026063060669954473 0.025419531017246654