263 0.5209686765033946 0.17653948713438328 0.05318695499752568 0.09203438730530307
275 0.5185949440277907 0.8628096077466388 0.04537777702379309 0.07698604882550128
264 0.597091758252142 0.8527011703621936 0.04467841417892267 0.07852581677218957
122 0.5113446087725404 0.7393948397999504 0.0447603013340526 0.08008831677218957
121 0.5906636165744565 0.7300449203621936 0.04467841417892267 0.07852581677218975
119 0.5059810001115416 0.6370510897999504 0.047063107756487456 0.07937526293212364
266 0.5846415886461525 0.6300676524155049 0.045500607756487635 0.07932979882550092
35 0.49901394787297804 0.533971553906573 0.04718593848918218 0.08171901293212365
53 0.5801001735627185 0.5284824203621936 0.04632280133405242 0.08013378087881229
72 0.49196500847928465 0.4293295180131957 0.04874843848918218 0.08176447703874637
85 0.5753949841690252 0.4237721883088822 0.04718593848918218 0.08171901293212383
99 0.4878363511977669 0.320690303906573 0.049898180687265994 0.08881845909205772