289 0.4120818293284548 0.047940024148387814 0.0387539646721816 0.041738870612255695
259 0.4792511479949093 0.0514574807331631 0.04774770401018138 0.07636392319868043
265 0.41107276531668263 0.13465877414838784 0.05019145134468132 0.08502586935861442
343 0.4781602679821827 0.14520748073316309 0.047856792011453916 0.08573892319868044
28 0.40655634595800194 0.3213093279884538 0.05095452001113578 0.08348610141192578
26 0.4070279659452753 0.41510479209507645 0.04941929201145392 0.08578438730530316
186 0.4035569732654577 0.5119115959351425 0.047093723344999464 0.08727869114536908
111 0.4023933679185491 0.6119115959351424 0.047893154678545005 0.08886392319868044
110 0.39966726257164076 0.7118661318285198 0.050236904678544914 0.08893211935861452
99 0.3984672945576414 0.8149911318285197 0.0494647453453176 0.08969063730530316
72 0.39565028254300566 0.9227581677218971 0.04642156134627209 0.09663095909205772
38 0.4667894858768693 0.9209205345732292 0.04794769867918127 0.09355142319868044
39 0.4695701352244141 0.8162784986798517 0.0479386080124085 0.09277017319868044
41 0.4692257845719589 0.7115455345732291 0.04706645134468133 0.08493494114536908
42 0.47113427725177653 0.6146932666265404 0.048610770011135784 0.0834179052519918
43 0.472297882598685 0.5146932666265405 0.04467724801081765 0.080960494985435
44 0.47337967194463887 0.4217245166265404 0.04702099801081765 0.08102869114536908
46 0.4744796426241383 0.3271932666265404 0.05098179201145392 0.08582985141192578