142 0.35996776799853364 0.8270546595446395 0.0555323939408634 0.04119534437251211
258 0.53841163239262 0.8158903719784789 0.0563136439408634 0.04122717787060921
119 0.4530796523964993 0.7165853917501425 0.0579399168196808 0.042072094866803765
260 0.45755972936790085 0.6712410582520452 0.05650496257731526 0.04357092787060921
9 0.45975982921811964 0.6252109752482395 0.0578761439408634 0.04129084486680377
35 0.46130622482597294 0.5776502257425312 0.0586573939408634 0.04132267836490087
53 0.46357009755500905 0.5308388927387255 0.057158666819680626 0.04204026136870649
72 0.4673326974052278 0.4847451427387256 0.056249871062046174 0.04044592787060921
272 0.3803584690760971 0.3769419130046806 0.0531886439408634 0.04109984387822045
309 0.5673960834701834 0.36542745695945084 0.04720971091032524 0.03462700939154022
273 0.47928978983858084 0.24287597771969754 0.13330657863839157 0.05915877718603735