266 0.3328125 0.5375 0.1203125 0.15234375
266 0.56328125 0.51953125 0.10078125 0.13515625
266 0.74921875 0.50625 0.08359375 0.125
266 0.8984375 0.49609375 0.07265625 0.1109375
99 0.45 0.359375 0.10625 0.14921875
277 0.1984375 0.53984375 0.134375 0.16015625
35 0.4515625 0.52734375 0.1046875 0.14765625
53 0.65703125 0.509375 0.084375 0.12578125
72 0.82421875 0.5 0.06484375 0.12109375
266 0.3265625 0.35859375 0.12421875 0.1609375
266 0.56328125 0.36171875 0.0984375 0.140625
85 0.1921875 0.3625 0.134375 0.16015625