266 0.3234304026010831 0.510332753623844 0.12297167004765815 0.16216477333785928
266 0.5542127982990119 0.47355100437274994 0.10314041111920443 0.14338295136742757
266 0.7403821233800898 0.44509180921424035 0.08577563311602728 0.13182369803344757
266 0.8897781513832669 0.42275493936014213 0.07459267126547431 0.11686837773000605
99 0.4437270860414218 0.32264182180125384 0.10885462296975756 0.15789186151914833
277 0.18901449229265754 0.523645438780414 0.13717053774240986 0.17112518515657005
35 0.4423576806042603 0.4904830260436193 0.1072648494308071 0.15620181576151387
53 0.6481400763021892 0.4557420089146779 0.08657051988550232 0.13266872091226495
72 0.8154912175358913 0.43271961284778265 0.06695744926865146 0.12638689894183308
266 0.32030322281089696 0.33193668665438214 0.127027924511885 0.17107738773194558
266 0.5569674257329963 0.31573850437275 0.1008921185055307 0.14866038273097573
85 0.18586003896352113 0.3468118718109522 0.13717053774240986 0.17112518515657005