273 0.5411285193221117 0.377718802011421 0.10450150544229561 0.13414702792830413
259 0.5506226035276807 0.6495938020114209 0.03747520734906136 0.06824871099041943
260 0.4820660656860654 0.7185241864530173 0.03583086179556503 0.06582307383528967
60 0.4828770867374576 0.7864110492978875 0.036612111795565026 0.06586401741285464
56 0.484605767044677 0.8582451057203226 0.03739336179556503 0.06590496099041943
47 0.48552591550073093 0.929256968565193 0.036693957349061355 0.06820776741285428
43 0.4870636228497923 0.9840692722462091 0.037011415879249124 0.031861455507581835
44 0.5613369365521231 0.9874119873637145 0.03458582032575279 0.025176025272570967
46 0.638735250254454 0.9911555633756108 0.03757441106992569 0.017688873248778235
54 0.5606077610542272 0.935531302011421 0.03739336179556503 0.06590496099041943
57 0.558043267044677 0.8620938020114209 0.03421379809323426 0.06417868668015991
61 0.5555879004397885 0.7917813020114209 0.03655754809323426 0.06430151741285464
59 0.6316444581516696 0.8706299983025193 0.03739336179556503 0.06590496099041943
55 0.6357168884588889 0.9425868854576491 0.03817461179556503 0.06594590456798421