275 0.5921875 0.56875 0.025 0.04296875
264 0.6375 0.56875 0.02265625 0.04140625
9 0.59296875 0.43515625 0.0234375 0.04453125
53 0.59375 0.3765625 0.025 0.04296875
72 0.63984375 0.3765625 0.02421875 0.04453125
85 0.5953125 0.3203125 0.025 0.04140625
99 0.64140625 0.31875 0.0234375 0.0453125
110 0.5953125 0.259375 0.02578125 0.04296875
111 0.6421875 0.25859375 0.025 0.0453125
113 0.59609375 0.20078125 0.0234375 0.04453125
266 0.64375 0.19921875 0.02578125 0.046875
266 0.6390625 0.43359375 0.025 0.04140625