85 0.5576761900955022 0.7250883599874093 0.024928078130301047 0.02073523985373029
72 0.5257267856489986 0.7279912175358911 0.024955359981466606 0.02151648985373029
53 0.4937228175001639 0.7293315750843732 0.025791173683797554 0.023092626623205346
35 0.46021091305366024 0.7322617061718055 0.02576389183263199 0.02231137662320535
9 0.4258904767559911 0.734424224028713 0.026572423683797374 0.023106263392680758
290 0.39154275860715654 0.7358054918856205 0.026572423683797464 0.02310626339268058
290 0.3564683541606528 0.7387628965120031 0.02498264183263199 0.022297739853730292
290 0.3213666678629837 0.7409390511383858 0.026545141832631992 0.02232501339268058
290 0.2862922634164799 0.7438964557647684 0.027353673683797375 0.023119900162155815
272 0.3353076606914075 0.893914046674159 0.02021329627913566 0.019872169236879244
272 0.17998026523057847 0.7887470799523418 0.02021329627913566 0.019872169236879244
272 0.059776892635240185 0.793972142451518 0.020213296279135706 0.019872169236879244
272 0.17144350189891655 0.36520048579654046 0.020213296279135706 0.019872169236879244