260 0.393320596806103 0.3504302328231758 0.07759871257731525 0.04659613057393237
259 0.5150042781696512 0.36129631302879117 0.06471607530441155 0.04103454542463858
272 0.3533030508792906 0.8214147221795141 0.04532834651623894 0.03191091770069789
272 0.3583570837600475 0.769125602501345 0.05652093803150802 0.03580074220632987
272 0.4677320837600475 0.7767738475576664 0.05483089227387339 0.03412898156266806
289 0.4666480737581079 0.8285548688449899 0.03483725666795969 0.03661484319506556
290 0.3636024352772563 0.7144927328231759 0.054767119395056164 0.033347731562668056
290 0.4768836852772562 0.7224141294886517 0.059709710910325245 0.03680051349365332
152 0.3669026495215614 0.664438102501345 0.0627071651526907 0.03545653478097677
9 0.37289742906833845 0.6295003737886684 0.059518392273873476 0.03445676349365332
35 0.37583098149393274 0.5935628737886685 0.059518392273873386 0.03445676349365332
53 0.3787007610407098 0.5584066237886685 0.059518392273873386 0.03445676349365332
72 0.3817618592239386 0.5209066237886685 0.059518392273873476 0.03445676349365332
85 0.3846954116495329 0.48496912378866847 0.06277093803150802 0.036237784780976764
99 0.3893190098327618 0.44757838443233017 0.06277093803150802 0.036237784780976764
110 0.39238010801599066 0.4100783844323302 0.06595971091032524 0.03723755606830022
111 0.48090137664274407 0.6731953794886516 0.06277093803150784 0.036237784780976764
113 0.4854612019471557 0.6365858901323134 0.06277093803150802 0.036237784780976764
10 0.4867047086151155 0.6021016294886516 0.06277093803150784 0.036237784780976764
11 0.49282703391952704 0.5656014007759751 0.06277093803150802 0.036237784780976764
260 0.49497933634512137 0.5296092704541442 0.06452475666795969 0.03869079542463858
20 0.5011654345283502 0.49232779174146774 0.06452475666795969 0.03869079542463858
22 0.50397144119631 0.45795279174146775 0.06452475666795969 0.03869079542463858
260 0.5070963122583562 0.4196715417414677 0.06452475666795969 0.03869079542463858