260 0.39143918694597285 0.3039991615218059 0.07784132747412027 0.04443043231923358
259 0.5131091353908339 0.30137688581864336 0.06493122436384251 0.03923359634967838
272 0.3486613243630571 0.7751565785180002 0.0454977191800463 0.030657092395345843
272 0.35402205909449214 0.7227809950199031 0.05670862125356475 0.034227761368706665
272 0.46339705909449214 0.7183243052862957 0.05500942021680544 0.03260159437251211
289 0.4620109248814367 0.7697594712939069 0.03503867280870363 0.03568017342198502
290 0.35958784538106614 0.6680616615218058 0.05494106969842587 0.03182034437251211
290 0.4728690953810661 0.6634458042977125 0.05990197177194432 0.035136345361095424
152 0.36318102855736234 0.6180934950199031 0.06289027073518519 0.03370117935348418
9 0.3693818018844456 0.5828099110275143 0.059696920216805435 0.032792595361095425
35 0.3725259257299085 0.5468724110275144 0.059696920216805525 0.032792595361095425
53 0.37560169905699176 0.5117161610275144 0.059696920216805435 0.032792595361095425
72 0.3788825239392139 0.47421616102751435 0.059696920216805435 0.032792595361095425
85 0.38202664778467676 0.43827866102751434 0.06295862125356474 0.03448242935348418
99 0.38686997266689893 0.40071499403132 0.06295862125356474 0.03448242935348418
110 0.3901507975491211 0.3632149940313199 0.06615197177194432 0.03539101334587284
111 0.4771751780389827 0.6142270542977124 0.06295862125356474 0.03448242935348418
113 0.48195015240282524 0.5774446373015181 0.06295862125356474 0.03448242935348418
10 0.4833950752115289 0.5431333042977124 0.06295862125356474 0.03448242935348418
11 0.4897325495753714 0.5062872203053237 0.06295862125356474 0.03448242935348418
260 0.49209542342083423 0.47038155380342095 0.06472617280870363 0.03688984634967838
20 0.4985012483030564 0.43275421981103224 0.06472617280870363 0.03688984634967838
22 0.50150867111176 0.39837921981103214 0.06472617280870363 0.036889846349678554
260 0.5048578465123619 0.36009796981103215 0.06472617280870363 0.03688984634967847