273 0.490625 0.28203125 0.20234375 0.14375
9 0.434375 0.46875 0.05703125 0.05859375
35 0.49609375 0.46953125 0.053125 0.06015625
53 0.55703125 0.46875 0.053125 0.05859375
72 0.43671875 0.53984375 0.05703125 0.0625
85 0.49765625 0.540625 0.053125 0.06015625
99 0.559375 0.53828125 0.05703125 0.06015625
110 0.4375 0.609375 0.05546875 0.06015625
111 0.49921875 0.609375 0.05546875 0.06015625
113 0.56015625 0.60703125 0.05546875 0.06015625
0 0.4375 0.68046875 0.05546875 0.06015625
8 0.50078125 0.67890625 0.05546875 0.0625
131 0.5609375 0.67890625 0.05703125 0.0625