273 0.490625 0.2419818821027559 0.20234375 0.1602671756136723
9 0.434375 0.43329227937759923 0.05703125 0.06324917015366047
35 0.49609375 0.4290354719510351 0.053125 0.06449280575957417
53 0.55703125 0.4232799374032882 0.053125 0.06293030575957417
72 0.43671875 0.5041947107411474 0.05703125 0.06715542015366047
85 0.49765625 0.5000016761934004 0.053125 0.06449280575957417
99 0.559375 0.49261986876683633 0.05703125 0.06481167015366048
110 0.4375 0.57366218786233 0.05546875 0.06468412439602603
111 0.49921875 0.568624130435766 0.05546875 0.06468412439602603
113 0.56015625 0.561306095888019 0.05546875 0.06468412439602603
0 0.4375 0.6447559378623301 0.05546875 0.06468412439602603
8 0.50078125 0.6380278346781314 0.05546875 0.06702787439602602
131 0.5609375 0.6331173230092018 0.05703125 0.06715542015366047