273 0.490625 0.27061182636930514 0.20234375 0.1484596030578821
9 0.434375 0.45863980965180523 0.05703125 0.05992116707809032
35 0.49609375 0.4579845398001732 0.053125 0.06139274810013902
53 0.55703125 0.4557849537441315 0.053125 0.05983024810013902
72 0.43671875 0.5296790082650343 0.05703125 0.06382741707809032
85 0.49765625 0.5290419222089927 0.053125 0.06139274810013902
99 0.559375 0.5252616523573607 0.05703125 0.06148366707809032
110 0.4375 0.5991920744694441 0.05546875 0.061447299486909836
111 0.49921875 0.597755554617812 0.05546875 0.061447299486909655
113 0.56015625 0.5939934685617704 0.05546875 0.061447299486909655
0 0.4375 0.6702858244694441 0.05546875 0.061447299486909836
8 0.50078125 0.6672504370266316 0.05546875 0.06379104948690965
131 0.5609375 0.66585028476618 0.05703125 0.06382741707809032