111 0.4804754312934694 0.2999049089789984 0.02971667490485963 0.04053646879233552
99 0.4786609219019292 0.34443615897899843 0.028058674410568328 0.038110831637205765
72 0.47769132950658355 0.38736396540143353 0.029748508402957084 0.04131771879233552
35 0.4774393201150433 0.43181332824630375 0.028839924410568152 0.038151775214770825
130 0.4764697277196975 0.47474113466873896 0.02809050790866543 0.03889208163720568
152 0.5462065661607106 0.44691934984302983 0.02887175790866543 0.03893302521477064
53 0.5487386585560563 0.4039096562654649 0.027995007414373774 0.03654833163720568
85 0.5497400844494994 0.3602005998430298 0.02812234140676253 0.039673331637205766
110 0.5507733438410395 0.3157102934205947 0.02815417490485981 0.040454581637205764
231 0.5525241862363852 0.2727415434205947 0.02965300790866543 0.03897396879233552
259 0.4995304733082543 0.10011294889309015 0.02805867441056815 0.038110831637205765
272 0.5433123068063515 0.09703885854945708 0.03046609140676253 0.0397961623699004
275 0.44344502760596677 0.6347269663059447 0.027245590912470873 0.03728863805964089
272 0.48582352859454997 0.6278285131174414 0.021426672433401885 0.028408283016686832
264 0.5703258625869387 0.6202816067404349 0.02880809091247105 0.03737052521477065
272 0.4405508378723594 0.7440200791508149 0.021426672433401885 0.02840828301668665
272 0.5040230888609425 0.73601614936806 0.021426672433401885 0.02840828301668665
272 0.5659328398495258 0.7280941067404347 0.021426672433401885 0.02840828301668665