275 0.58671875 0.86484375 0.03359375 0.0625
264 0.6359375 0.8609375 0.034375 0.06484375
152 0.584375 0.7171875 0.03515625 0.06640625
186 0.58359375 0.64296875 0.0359375 0.0625
194 0.58359375 0.56875 0.03515625 0.06484375
205 0.58359375 0.49609375 0.03515625 0.06484375
110 0.58203125 0.42265625 0.034375 0.06640625
111 0.58125 0.35 0.0359375 0.0640625
113 0.58125 0.27578125 0.034375 0.0625
10 0.58125 0.19921875 0.034375 0.06484375
11 0.58125 0.125 0.034375 0.06484375
16 0.634375 0.63984375 0.03515625 0.0640625
22 0.63359375 0.5671875 0.03515625 0.0640625
23 0.63359375 0.49609375 0.03515625 0.0625
24 0.63359375 0.4234375 0.03515625 0.0640625
25 0.63203125 0.3515625 0.03515625 0.0625
26 0.6328125 0.2765625 0.03515625 0.0640625
28 0.63125 0.2015625 0.034375 0.06484375
36 0.63125 0.1265625 0.03515625 0.06640625