275 0.58671875 0.8921706149682496 0.03359375 0.06406465405277614
264 0.6359375 0.890556765092084 0.034375 0.06644479135632864
152 0.584375 0.7444052030575907 0.03515625 0.06804367865988184
186 0.58359375 0.6701500657540377 0.0359375 0.06417381596343467
194 0.58359375 0.5959313157540377 0.03515625 0.06648117865988183
205 0.58359375 0.5232750657540377 0.03515625 0.06648117865988183
110 0.58203125 0.44976479114693185 0.034375 0.06800729135632899
111 0.58125 0.37707215384337894 0.0359375 0.06573631596343477
113 0.58125 0.30285340384337894 0.034375 0.06410104135632891
10 0.58125 0.22629090384337897 0.034375 0.0664447913563289
11 0.58125 0.15207215384337897 0.034375 0.06644479135632886
16 0.634375 0.6693902404849782 0.03515625 0.06569992865988183
22 0.63359375 0.5966976031814252 0.03515625 0.06569992865988183
23 0.63359375 0.5256038531814251 0.03515625 0.06413742865988184
24 0.63359375 0.45294760318142513 0.03515625 0.06569992865988183
25 0.63203125 0.3809998285743193 0.03515625 0.06413742865988184
26 0.6328125 0.3060362158778722 0.03515625 0.06569992865988183
28 0.63125 0.23096344127076635 0.034375 0.06644479135632882
36 0.63125 0.1559634412707664 0.03515625 0.06804367865988178