131 0.40562803878243797 0.36369225133738226 0.08274165818602892 0.13811164121759417
259 0.40633620420455613 0.6914019880958305 0.060259148575090474 0.09528500284999168
275 0.41967608717581434 0.7963244348775219 0.05775162426483096 0.09199611188449897
264 0.4884294092020817 0.7766185862345747 0.05429907564431193 0.08552759059717552
111 0.6177318911118587 0.2814267825120629 0.06815021370395283 0.1121829257464694
110 0.6260091378324983 0.40944252186840113 0.06399830223856355 0.10722227413731514
99 0.6322325616223594 0.5281925218684012 0.06206731004047974 0.10008176349365332
85 0.6395681060590069 0.6382395112247394 0.05951884215265544 0.0960116225281606
72 0.5458126255080264 0.30056990244233356 0.0652299315917773 0.11587065445914595
53 0.5530220171857119 0.4231715221205027 0.06399830223856355 0.10722227413731496
35 0.5647141909755731 0.5415391098676866 0.0629304471956095 0.10169889381548422
152 0.5711456546795259 0.6492969795458559 0.060300092152655436 0.09606625284999168
122 0.580661174805914 0.7560550779367015 0.055738744911617386 0.08329310124083733
121 0.6457539082975705 0.7413098809029085 0.05672471279944169 0.08725398156266806
120 0.7117097789443569 0.7280725535472848 0.05676565637700666 0.08803523156266806