131 0.39879717558271394 0.41081018373948386 0.08041916469812271 0.13678402702379291
259 0.39379473936986287 0.7365128686106214 0.05866072658635506 0.09431324400710608
275 0.4052902892771956 0.8423910543862702 0.056207849181693345 0.09106541327441171
264 0.47430318410505246 0.831191282789544 0.05286459437236992 0.0846516389641522
111 0.6120759363824873 0.35492311114738956 0.066264895460829 0.11108798620519007
110 0.6181126599736173 0.48312999830251935 0.062194954353836526 0.10619576831736559
99 0.6222595013507624 0.6018799983025194 0.060386917693347544 0.099082631162236
85 0.6276687423650877 0.7121181354576491 0.057906758437520446 0.09505355042954129
72 0.5399107597034648 0.3651778584338562 0.06327630471665628 0.11483046189493056
53 0.5449752603364371 0.48787505201142095 0.06219495435383635 0.10619576831736559
35 0.5545908517135821 0.6069116570543751 0.061222731395678485 0.1006860747398008
152 0.5591369971744111 0.71476510063194 0.05868800843752044 0.09509449400710608
122 0.5667808607840747 0.8220010685197645 0.05434524881887359 0.08238977611928178
121 0.6320511967189242 0.815284079035214 0.05526290807470069 0.08633696969684693
120 0.6981573463561045 0.8101705331282284 0.05529018992586625 0.08711821969684656