131 0.38515625 0.390625 0.07578125 0.1328125
259 0.36875 0.7171875 0.05546875 0.09140625
275 0.3765625 0.82265625 0.053125 0.08828125
264 0.44609375 0.8078125 0.05 0.08203125
111 0.60078125 0.3234375 0.0625 0.1078125
110 0.60234375 0.4515625 0.05859375 0.103125
99 0.60234375 0.5703125 0.05703125 0.09609375
85 0.60390625 0.68046875 0.0546875 0.0921875
72 0.528125 0.3375 0.059375 0.11171875
53 0.52890625 0.46015625 0.05859375 0.103125
35 0.534375 0.57890625 0.0578125 0.09765625
152 0.53515625 0.68671875 0.05546875 0.0921875
122 0.5390625 0.79375 0.0515625 0.0796875
121 0.6046875 0.78359375 0.05234375 0.08359375
120 0.67109375 0.775 0.05234375 0.084375