273 0.4508685150436948 0.13918659983454895 0.07853549162022269 0.23016083279171565
260 0.44687237067876273 0.43770592045139994 0.024574102665567032 0.039471603084255055
275 0.4280110589211379 0.5217945482924213 0.0236337282923877 0.03398921631478
264 0.4608235589211379 0.5223672926103785 0.025287156505633134 0.037141489853730295
28 0.426996476709542 0.5835269350618966 0.024505906505632957 0.03712785308425524
26 0.425010427884041 0.6249195482924214 0.025355352665567033 0.03948523985373029
25 0.42458687905854 0.6663394350618965 0.024505906505633133 0.03712785308425524
24 0.4233593481797275 0.7085269350618966 0.024505906505633133 0.03712785308425524
23 0.4228903352476038 0.7515093218313718 0.025355352665567033 0.03948523985373029
22 0.4216628043687914 0.7936968218313718 0.025309888558944317 0.03792273985373029
16 0.4204125414366676 0.8366655718313718 0.025309888558944317 0.03792273985373029
152 0.4199435285045439 0.879647958600847 0.025309888558944317 0.03792273985373029
36 0.4532932375966016 0.8348945661493289 0.025309888558944494 0.03792273985373029
37 0.4545662325820368 0.7911445661493289 0.025309888558944494 0.03792273985373029
38 0.4549897814075378 0.7497246793798537 0.025309888558944317 0.03792273985373029
39 0.4561945802330388 0.7083184293798537 0.025309888558944317 0.03792273985373029
41 0.4574221111118512 0.6661309293798536 0.025309888558944317 0.03792273985373029
42 0.4570189458307296 0.6262599058409034 0.026091138558944314 0.03793637662320535
43 0.45905045876285333 0.5833047926103785 0.025309888558944317 0.03792273985373029
309 0.4352897321863253 0.9432292175293007 0.02307979882550093 0.041788079545304765