273 0.4546875 0.13125 0.071875 0.22890625
260 0.459375 0.4296875 0.0234375 0.0390625
275 0.44296875 0.5140625 0.02265625 0.03359375
264 0.47578125 0.5140625 0.02421875 0.03671875
28 0.44375 0.57578125 0.0234375 0.03671875
26 0.44296875 0.6171875 0.02421875 0.0390625
25 0.44375 0.65859375 0.0234375 0.03671875
24 0.44375 0.70078125 0.0234375 0.03671875
23 0.44453125 0.74375 0.02421875 0.0390625
22 0.44453125 0.7859375 0.02421875 0.0375
16 0.44453125 0.82890625 0.02421875 0.0375
152 0.4453125 0.871875 0.02421875 0.0375
36 0.47734375 0.8265625 0.02421875 0.0375
37 0.47734375 0.7828125 0.02421875 0.0375
38 0.4765625 0.74140625 0.02421875 0.0375
39 0.4765625 0.7 0.02421875 0.0375
41 0.4765625 0.6578125 0.02421875 0.0375
42 0.475 0.61796875 0.025 0.0375
43 0.47578125 0.575 0.02421875 0.0375
309 0.4625 0.93515625 0.021875 0.04140625