343 0.51875 0.90390625 0.03828125 0.034375
36 0.5609375 0.3578125 0.0421875 0.02734375
36 0.51171875 0.35859375 0.0375 0.02578125
28 0.56015625 0.3796875 0.04296875 0.02421875
28 0.51328125 0.3796875 0.040625 0.02578125
26 0.51328125 0.4015625 0.04296875 0.02578125
26 0.559375 0.4015625 0.040625 0.02578125
25 0.51171875 0.421875 0.04140625 0.02578125
25 0.55859375 0.42265625 0.04140625 0.02578125
24 0.5109375 0.44375 0.04140625 0.02578125
24 0.5578125 0.44453125 0.04140625 0.02578125
23 0.51015625 0.4640625 0.0421875 0.02578125
23 0.55703125 0.465625 0.0421875 0.02578125
22 0.509375 0.48515625 0.0421875 0.02578125
22 0.55703125 0.4859375 0.0421875 0.02578125
20 0.50859375 0.50625 0.0421875 0.02578125
20 0.55546875 0.5078125 0.0421875 0.0265625
16 0.50703125 0.52734375 0.04140625 0.02578125
16 0.5546875 0.528125 0.04140625 0.02578125
11 0.50625 0.54765625 0.04140625 0.02578125
11 0.55390625 0.54921875 0.04140625 0.02578125
10 0.50546875 0.56875 0.04140625 0.02578125
10 0.55390625 0.57109375 0.04140625 0.02578125
113 0.50625 0.58984375 0.0421875 0.02734375
113 0.553125 0.59140625 0.0421875 0.02734375
111 0.503125 0.6109375 0.03984375 0.02578125
110 0.5015625 0.6328125 0.03984375 0.02578125
99 0.50234375 0.653125 0.040625 0.02734375
85 0.50078125 0.67421875 0.03984375 0.02734375
72 0.5 0.6953125 0.03828125 0.02734375
53 0.5 0.7171875 0.040625 0.02734375
35 0.4984375 0.73984375 0.0390625 0.02734375
9 0.5 0.7609375 0.04140625 0.0265625
152 0.49765625 0.7828125 0.04140625 0.0265625
111 0.5515625 0.61328125 0.0421875 0.02734375
110 0.5515625 0.63359375 0.04296875 0.02890625
99 0.55078125 0.65625 0.04140625 0.02890625
85 0.55078125 0.67734375 0.04140625 0.03046875
72 0.55 0.69921875 0.0421875 0.03046875
53 0.5484375 0.72109375 0.0421875 0.02890625
35 0.5484375 0.74375 0.04296875 0.03046875