258 0.4683876018076372 0.20772542472945163 0.029125210345699058 0.03470226400381797
290 0.5019813518076373 0.20811632340067873 0.025977478292387703 0.033884651336727065
340 0.5371376018076373 0.2085254034054512 0.029102478292387702 0.03392101400381797
272 0.57155806591426 0.21048789274345098 0.027630906505633136 0.03702783267027261
43 0.47209292649738577 0.33506917472945164 0.03071044239901042 0.03550169533736351
43 0.5048826944440744 0.334669732733906 0.025218960345699058 0.03465681066995439
42 0.5407209060434146 0.3585163127386785 0.029102478292387702 0.03392101400381797
42 0.5742919239901033 0.3581259614099056 0.025150764185764986 0.03231306066995439
41 0.4725619394295094 0.37802883406267895 0.029125210345699058 0.03470226400381797
41 0.5061784214828208 0.37920098273390596 0.02602294239901042 0.035447151336727066
39 0.541167186922227 0.40069472207190576 0.029147942399010418 0.035483514003817974
39 0.5755421869222269 0.40109471140990555 0.025196228292387702 0.0338755606699543
38 0.4737894703083219 0.42021633406267894 0.029125210345699058 0.03470226400381797
38 0.5074286844149445 0.42216973273390596 0.02443771034569906 0.034647720003181705
37 0.5416589319076621 0.4444356314051331 0.029147942399010418 0.035483514003817974
37 0.5760111998543508 0.44405437074313275 0.025241692399010418 0.035438060669954294
36 0.4750624652937569 0.46396633406267895 0.02914794239901024 0.035483514003817974
36 0.5078522332404456 0.4635668920671333 0.025954746239076343 0.03310340133672707
28 0.5428409986798517 0.48506063140513306 0.029102478292387702 0.03392101400381797
28 0.576457480733163 0.48623278007636006 0.0267587282923877 0.03389374200349984
26 0.475486014119258 0.5053634933959061 0.029079746239076342 0.033139764003817976
26 0.5083439782258806 0.5073078014003606 0.0244149782923877 0.0338664700031817
25 0.5433327436652868 0.5288015407383604 0.03068771034569906 0.034720445337363515
25 0.5776850116119755 0.5284202800763602 0.0236337282923877 0.03385737933640911
24 0.4774493308914477 0.545997584062679 0.029079746239076342 0.033139764003817976
24 0.5087675270513816 0.5487049607335879 0.02602294239901042 0.035447151336727066
23 0.5437108283841653 0.5686362000715877 0.0283212282923877 0.0339119233370452
23 0.5773500424907878 0.5705895987428147 0.024460442399010417 0.0354289700031817
22 0.47718255793019415 0.5905106527291335 0.025977478292387703 0.033884651336727065
22 0.5107081117702601 0.5885578014003606 0.02443771034569906 0.034647720003181705
20 0.5456968772096663 0.6100515407383604 0.027471782132453625 0.03155908267027243
20 0.5792678951563549 0.6096611894095874 0.0244149782923877 0.0338664700031817
53 0.5468562119285446 0.6498952907383603 0.026667800079142268 0.030768742003499838
53 0.5796914439818559 0.6510583487428147 0.023565532132453625 0.03151362933640911
129 0.4794784953146395 0.6694169027291335 0.027494514185764984 0.03234033267027261
310 0.5122909953146395 0.6697987107335879 0.024369514185764985 0.032303970003181706
228 0.548083742807357 0.6920827907383604 0.027494514185764984 0.032340332670272434
337 0.5793110107540457 0.6916651674092693 0.0244149782923877 0.0338664700031817
242 0.4815100082467632 0.7123947433959061 0.0275399782923877 0.03390283267027243
309 0.5126918120868291 0.7104146200668151 0.02680419239901042 0.03545624200349984
275 0.4618543892838602 0.8152561140594973 0.027380853919208192 0.02843408267027243
309 0.48761290723054884 0.814774856062997 0.0244149782923877 0.0338664700031817
316 0.5829026751772375 0.8151026674092693 0.03146896034569906 0.034729536004136106
309 0.6094651751772375 0.8154117500795417 0.02439224623907634 0.0330852200031817
272 0.5492861931239261 0.8139305187380422 0.029238870612255673 0.03860851400381797
266 0.5118674464891384 0.6284015514003605 0.02678146034569906 0.03467499200349984