258 0.4625 0.20234375 0.028125 0.034375
290 0.49609375 0.20234375 0.025 0.03359375
340 0.53125 0.20234375 0.028125 0.03359375
272 0.565625 0.20390625 0.0265625 0.03671875
43 0.4625 0.3296875 0.0296875 0.03515625
43 0.4953125 0.32890625 0.02421875 0.034375
42 0.53046875 0.35234375 0.028125 0.03359375
42 0.5640625 0.3515625 0.02421875 0.03203125
41 0.46171875 0.37265625 0.028125 0.034375
41 0.4953125 0.3734375 0.025 0.03515625
39 0.5296875 0.39453125 0.028125 0.03515625
39 0.5640625 0.39453125 0.02421875 0.03359375
38 0.46171875 0.41484375 0.028125 0.034375
38 0.4953125 0.41640625 0.0234375 0.034375
37 0.52890625 0.43828125 0.028125 0.03515625
37 0.56328125 0.4375 0.02421875 0.03515625
36 0.46171875 0.45859375 0.028125 0.03515625
36 0.49453125 0.4578125 0.025 0.0328125
28 0.52890625 0.47890625 0.028125 0.03359375
28 0.5625 0.4796875 0.02578125 0.03359375
26 0.4609375 0.5 0.028125 0.0328125
26 0.49375 0.5015625 0.0234375 0.03359375
25 0.528125 0.52265625 0.0296875 0.034375
25 0.5625 0.521875 0.02265625 0.03359375
24 0.46171875 0.540625 0.028125 0.0328125
24 0.49296875 0.54296875 0.025 0.03515625
23 0.52734375 0.5625 0.02734375 0.03359375
23 0.5609375 0.5640625 0.0234375 0.03515625
22 0.46015625 0.58515625 0.025 0.03359375
22 0.49375 0.5828125 0.0234375 0.034375
20 0.528125 0.60390625 0.0265625 0.03125
20 0.56171875 0.603125 0.0234375 0.03359375
53 0.528125 0.64375 0.02578125 0.03046875
53 0.5609375 0.64453125 0.02265625 0.03125
129 0.46015625 0.6640625 0.0265625 0.03203125
310 0.49296875 0.6640625 0.0234375 0.03203125
228 0.528125 0.6859375 0.0265625 0.03203125
337 0.559375 0.68515625 0.0234375 0.03359375
242 0.4609375 0.70703125 0.0265625 0.03359375
309 0.4921875 0.7046875 0.02578125 0.03515625
275 0.43828125 0.81015625 0.0265625 0.028125
309 0.4640625 0.809375 0.0234375 0.03359375
316 0.559375 0.80859375 0.03046875 0.034375
309 0.5859375 0.80859375 0.0234375 0.0328125
272 0.52578125 0.8078125 0.028125 0.03828125
266 0.49375 0.62265625 0.02578125 0.034375