259 0.37504326972023916 0.4575218309619199 0.049492359752906626 0.07884054802252863
264 0.38174447822839036 0.5357014612837508 0.04769306141258056 0.07560628737886681
275 0.38988978756637854 0.6124278522492433 0.04691181141258065 0.07555165705703608
36 0.43039362055007613 0.4598380838119116 0.04613056141258056 0.075497026735205
37 0.47486567096499466 0.46217076215627095 0.04607136182749905 0.07471577673520499
38 0.5186156709649946 0.4652300601787996 0.04613056141258056 0.075497026735205
39 0.5621880722097501 0.4659456082013282 0.046248960582743595 0.077059526735205
41 0.6067193222097501 0.46905953654568755 0.04607136182749905 0.07471577673520499
186 0.6504101226246686 0.4713375845682162 0.04613056141258056 0.075497026735205
231 0.694763773869424 0.4721077629125757 0.04595296265733602 0.073153276735205
28 0.6999024823775752 0.5501781325907448 0.04595296265733602 0.073153276735205
26 0.6554304319626567 0.5478454542463853 0.04607136182749905 0.07471577673520499
25 0.6125800811328197 0.5464032865456876 0.04595296265733602 0.073153276735205
24 0.5689484803029827 0.5449064885231591 0.04595296265733602 0.073153276735205
23 0.5251984803029828 0.5418471905006305 0.045171712657336015 0.07309864641337427
22 0.4815668794731458 0.5403503924781019 0.04595296265733602 0.073153276735205
20 0.43709482905822733 0.5380177141337426 0.046734212657336016 0.07320790705703609
120 0.444518087981297 0.6154707247774042 0.04607136182749905 0.07471577673520499
9 0.4880904892260524 0.6161862727999328 0.045834563487172984 0.071590776735205
111 0.5310000396409709 0.6184096905006304 0.04505331348717299 0.07153614641337427
113 0.5746908400558894 0.6206877385231591 0.04595296265733602 0.073153276735205
10 0.6183224408857264 0.6221845365456876 0.045171712657336015 0.07309864641337427
11 0.6604507413006449 0.6243533239245546 0.045834563487172984 0.071590776735205
16 0.7049227917155634 0.6266860022689139 0.04577536390209147 0.07080952673520499
131 0.8994386958601039 0.4452331785195864 0.09093542116548718 0.15400979282674854