258 0.31026481342810824 0.115625 0.05891191256778665 0.0546875
272 0.3986142411212054 0.10390625 0.06361304810640603 0.05703125
59 0.2728324702403583 0.23828125 0.054188051131468205 0.0484375
60 0.354895536497137 0.2328125 0.054188051131468205 0.0484375
61 0.4486773527539157 0.22734375 0.062014186670087665 0.05078125
57 0.4482910124930319 0.29375 0.06281816256778665 0.0546875
54 0.45104785295030736 0.35703125 0.06203691256778665 0.0546875
44 0.45068423858712264 0.41953125 0.061246572208706954 0.053125
41 0.4503297145830176 0.48046875 0.062014186670087665 0.05078125
37 0.45076553093799204 0.53984375 0.062014186670087665 0.05078125
26 0.45199168765204617 0.59765625 0.061246572208706954 0.053125
23 0.45166443472518003 0.65390625 0.06122384631100797 0.04921875
16 0.45292240769601283 0.70625 0.062014186670087665 0.05078125
113 0.452631516205465 0.75625 0.058080665592848746 0.04609375
99 0.4546843747149173 0.80625 0.058080665592848746 0.04609375
53 0.45518382358344917 0.8546875 0.058080665592848746 0.04609375
56 0.3568756721339522 0.2953125 0.0565636173882468 0.05390625
47 0.35886944330938697 0.35546875 0.05812157220870695 0.053125
43 0.3593098048439013 0.4140625 0.05889373184962743 0.0515625
39 0.36131721155795543 0.471875 0.05655452702916719 0.05234375
36 0.3625479134515494 0.52890625 0.055755096311007966 0.04921875
25 0.3645735008837628 0.58359375 0.05654543667008758 0.05078125
22 0.365822383495516 0.6375 0.05889827702916719 0.05234375
11 0.3678706968254284 0.68828125 0.05730396077238851 0.046875
111 0.37149514569396025 0.73671875 0.05574146077238851 0.046875
85 0.3727758445624921 0.78515625 0.05104032523376904 0.04453125
266 0.374860519328723 0.8296875 0.04947782523376905 0.04453125
260 0.37615939891541406 0.875 0.048682939695149675 0.0421875
275 0.3782531640407246 0.91796875 0.050272710772388506 0.046875
55 0.2740586269544124 0.29609375 0.054188051131468205 0.0484375
46 0.2768518288480064 0.353125 0.052607370413308985 0.0453125
42 0.27808253074160033 0.41015625 0.05105850595192836 0.04765625
38 0.2808802778147341 0.46640625 0.05263009631100797 0.04921875
28 0.2836962056060271 0.51953125 0.05339771077238851 0.046875
24 0.2873024737563997 0.57109375 0.05104032523376904 0.04453125
20 0.29012294672723254 0.6234375 0.050268165592848746 0.04609375
10 0.29297978113438383 0.66953125 0.052621005951928354 0.04765625
110 0.29504627518245546 0.7171875 0.05104032523376904 0.04453125
72 0.30180481441006696 0.7640625 0.05104032523376904 0.04453125
260 0.3031173295353774 0.80703125 0.05104032523376904 0.04453125