289 0.6017506489172787 0.5703125 0.03243206677218957 0.040625
85 0.6013307632613282 0.66328125 0.027653638558944493 0.0375
72 0.6032713479802065 0.703125 0.025196228292387702 0.03359375
53 0.6052801288590188 0.7453125 0.02600021034569906 0.034375
35 0.6073571058977654 0.78984375 0.025150764185764986 0.03203125
9 0.6086528329365117 0.834375 0.025150764185764986 0.03203125
152 0.6114655958686355 0.87734375 0.025150764185764986 0.03203125
99 0.636732368829889 0.8328125 0.025150764185764986 0.03203125
110 0.6354821058977653 0.78984375 0.025150764185764986 0.03203125
111 0.634254575018953 0.74765625 0.025150764185764986 0.03203125
113 0.6329588479802066 0.703125 0.02678146034569906 0.034375
10 0.6317767812080168 0.6625 0.028389424452321777 0.0359375
273 0.5945516335443795 0.08125 0.07582201708875883 0.1625
259 0.6274864348106559 0.56875 0.02071331677218957 0.040625