273 0.5135915145020595 0.3821217990402375 0.16770058825138712 0.1515193345145814
266 0.5505873140371974 0.8666970581395361 0.03398151609154336 0.041065090992986344
85 0.5224580521330279 0.49779686381506216 0.07380884059717552 0.05450582973421945
53 0.4897819459485121 0.5532563193983032 0.07146509059717551 0.05435563540974542
72 0.5662898156266812 0.5573814173311199 0.07124656930985207 0.051230635409745415
35 0.5693873184766728 0.6128001025562952 0.06957480866619044 0.04956800586009606
280 0.4936060684766728 0.6079438193983032 0.07113730866619043 0.04966813540974542
201 0.4982114410048336 0.6626813841731278 0.07035605866619044 0.04961807063492074
194 0.5723755606830027 0.6666562877814706 0.06795767834435953 0.048686626310446714
264 0.5752545422456709 0.7189499730066459 0.0685750373788668 0.04639294108527139
275 0.5026529225675016 0.7150751989479524 0.06952017834435935 0.048786755860096065
259 0.506985143486508 0.7659065137227771 0.06701253737886681 0.046292811535622036
288 0.5795867631646772 0.7697812877814705 0.06706716770069772 0.047074061535622214
263 0.5052748140371973 0.8637933011997058 0.058091005447881726 0.04105459901255095
326 0.5958451837153664 0.8688195650793664 0.05981739641337427 0.04349847856220031
290 0.4897944735168965 0.0640529194905882 0.08233153478097677 0.06516272748246606