273 0.4890625 0.35078125 0.1578125 0.14140625
266 0.4921875 0.83515625 0.03125 0.0390625
85 0.48984375 0.46640625 0.0703125 0.05
53 0.453125 0.52421875 0.06796875 0.05
72 0.5296875 0.5234375 0.06796875 0.046875
35 0.52890625 0.57890625 0.06640625 0.0453125
280 0.453125 0.57890625 0.06796875 0.0453125
201 0.45390625 0.63359375 0.0671875 0.0453125
194 0.528125 0.6328125 0.06484375 0.04453125
264 0.52734375 0.68515625 0.065625 0.0421875
275 0.4546875 0.6859375 0.06640625 0.04453125
259 0.45546875 0.73671875 0.0640625 0.0421875
288 0.528125 0.7359375 0.0640625 0.04296875
263 0.446875 0.83515625 0.05546875 0.0375
326 0.5375 0.834375 0.05703125 0.03984375
290 0.4875 0.0328125 0.078125 0.06015625