259 0.5783566012540442 0.35501232677953876 0.10339860975290663 0.07919148139567848
10 0.5032400473146408 0.4594667030030742 0.09775226099766207 0.07665675843752062
11 0.6642484022936627 0.4444443598118305 0.09216511182749905 0.07490328547936258
111 0.512285005822792 0.5374825755984124 0.09991841224241753 0.07439485399101678
113 0.6690911128764062 0.5186903916629959 0.09054341224241753 0.07406747177703163
99 0.5177905672353725 0.6101388255984125 0.0927687630722545 0.07258681733052796
260 0.670572025118824 0.5899205509188231 0.08718161390209148 0.07083334437236992
260 0.5238997798927088 0.680424043747247 0.09265036390209147 0.07102431733052797
85 0.6742782881910785 0.6595063646211539 0.08550071473192844 0.06921628067003915
260 0.5306126437948002 0.7483382300449162 0.09337241431700996 0.07027034918169335
53 0.6766705049975995 0.7220882101746502 0.0837606159766839 0.06681796696770821
260 0.5373847072819732 0.8170336663425853 0.0884481159766839 0.06698165807470105
9 0.6824245201444464 0.7876859283234848 0.08555991431700996 0.06999753067003915
260 0.5428310691094724 0.8889086663425854 0.08585591224241754 0.0739037806700388
264 0.6854087328017824 0.8580802738769812 0.08796286390209147 0.07086062622353566