259 0.5260189728589875 0.4062526021084908 0.10251253315799218 0.08146907885449046
10 0.4366980521317817 0.5029918232398829 0.09689358883351815 0.07880681043863902
11 0.5990175794296777 0.5030358678229192 0.0913247092838688 0.07692579202278757
111 0.43481657464931567 0.5812988337632266 0.09908714450904413 0.07659956833114698
113 0.5934801758213349 0.5772091151920833 0.08971214450904412 0.07605353676111584
99 0.4301605505906222 0.6539550837632266 0.09195576495939477 0.07462754465362345
260 0.5850180313122907 0.6480753520379038 0.08638688540974541 0.072746526237772
260 0.4264359708564028 0.7243130863940624 0.09185563540974542 0.07306504465362344
85 0.578999766352896 0.7175155967762319 0.08472425586009606 0.07109302097610026
260 0.4236428354466574 0.7923728416557344 0.09258682063492074 0.07232929728445932
53 0.5726508343669231 0.779879088883724 0.08301156153562203 0.06865826571442853
260 0.4207996352620872 0.8612138469174063 0.08769906153562221 0.06893128149944375
9 0.5692266432816517 0.8455495915145601 0.08477432063492074 0.07187427097610026
260 0.4161936759782184 0.9330888469174063 0.08502464450904412 0.07578052097610026
264 0.5623770635474322 0.9157255836220521 0.08716813540974541 0.07279202886860787