26 0.60859375 0.32734375 0.0484375 0.0484375
259 0.603125 0.6984375 0.04453125 0.040625
275 0.60234375 0.7328125 0.04375 0.0390625
264 0.64453125 0.7328125 0.040625 0.03671875
24 0.6078125 0.3671875 0.0484375 0.046875
22 0.60703125 0.40625 0.0484375 0.04453125
16 0.60546875 0.44375 0.04765625 0.04453125
10 0.6046875 0.48359375 0.04765625 0.04296875
111 0.6046875 0.52109375 0.04921875 0.04140625
99 0.603125 0.5578125 0.05 0.0453125
72 0.6015625 0.59296875 0.05 0.04296875
9 0.6015625 0.62890625 0.0515625 0.04140625
25 0.653125 0.365625 0.04765625 0.046875
23 0.65390625 0.4046875 0.046875 0.046875
20 0.65234375 0.44375 0.04609375 0.046875
11 0.6515625 0.4828125 0.04453125 0.0453125
113 0.65078125 0.51875 0.04296875 0.04296875
110 0.65078125 0.5546875 0.04296875 0.046875
85 0.64921875 0.59140625 0.04375 0.04453125
35 0.64921875 0.628125 0.0453125 0.04296875