26 0.5818729137755648 0.3202621205840493 0.05239141848667046 0.04900112133990877
259 0.5461120463373627 0.6914195052514582 0.04784743969849785 0.04114316800604527
275 0.5425247896694029 0.725803595918231 0.0469386439408634 0.03957157733927232
264 0.584712289669403 0.725312699912504 0.04362232530441155 0.037191464672181596
24 0.5778392469558842 0.360114961250822 0.05226387272903601 0.04743862133990877
22 0.5738693530150207 0.3991865519175947 0.052072554092584156 0.04509487133990877
16 0.569245754831792 0.4367047332511401 0.05129130409258416 0.045085780673136
10 0.5652120880121113 0.47655757391791287 0.051163758334949704 0.043523280673136
111 0.5621509898288825 0.5140575739179128 0.05259871257731526 0.04197896200668154
99 0.5575911645244709 0.5507945052514582 0.05369882697140156 0.04589430267345414
72 0.5531588849776938 0.5859689365850038 0.0535075083349497 0.04355055267345413
9 0.5502253325520995 0.6219064365850038 0.054942462577315256 0.042006234006999675
25 0.6232792927135187 0.3580252025780041 0.05148262272903601 0.047429530673136
23 0.6208718987726554 0.39707861191123134 0.05070137272903601 0.047420440006363404
20 0.616120754831792 0.43615929324477676 0.04992012272903601 0.04741134933959064
11 0.6121508608909286 0.47523088391154944 0.04823007697140156 0.04583066800604527
113 0.6084360584653343 0.5111774745783222 0.046476258334949706 0.04346873667249973
110 0.60550250603974 0.5471149745783223 0.04679512272903601 0.04737498667249973
85 0.6009426807353284 0.5838519059118676 0.04738505409258416 0.045040327339272504
35 0.5979453554309168 0.6205706559118677 0.048820008334949705 0.04349600867281787