262 0.265625 0.13984375 0.23984375 0.11328125
258 0.77109375 0.1390625 0.2390625 0.11171875
72 0.27421875 0.26484375 0.2328125 0.10546875
85 0.765625 0.26484375 0.228125 0.1078125
35 0.278125 0.3890625 0.225 0.103125
53 0.76171875 0.38828125 0.22265625 0.10546875
119 0.28359375 0.5046875 0.22578125 0.09921875
152 0.75625 0.5046875 0.215625 0.10078125
272 0.2859375 0.62109375 0.178125 0.0828125
272 0.29453125 0.728125 0.17421875 0.08046875
272 0.74765625 0.61953125 0.18125 0.0828125
272 0.74765625 0.7265625 0.178125 0.0796875
275 0.521875 0.82578125 0.2078125 0.08359375
72 0.08046875 0.26796875 0.1609375 0.09296875
85 0.56484375 0.26640625 0.184375 0.09453125
35 0.084375 0.390625 0.16875 0.090625
53 0.56796875 0.3859375 0.18671875 0.0890625
119 0.09140625 0.50625 0.18203125 0.084375
157 0.5671875 0.50546875 0.18046875 0.084375