262 0.2721383273359742 0.1444802516215578 0.24511990901517464 0.11746773822887721
258 0.7775706900324213 0.1525219914719928 0.24426588440806896 0.11589160145940203
72 0.28655404590444283 0.26963025608578467 0.23772478597964533 0.10953250730360065
85 0.7779602959044428 0.2782077840856666 0.23314644789030403 0.1117944366867496
35 0.29624587716935846 0.3939171899331605 0.22980312406898654 0.10705238960884893
53 0.7798032398658055 0.40157710023829074 0.2275685359796455 0.10935522930042349
119 0.3070999480951919 0.5096376473194868 0.23040243755122197 0.10315977637832426
152 0.7797561980951919 0.5178878928519646 0.2203189621583279 0.10454499837514693
272 0.3148654063245783 0.6260848076279123 0.1819820541766104 0.08592168344033872
272 0.3284442169113295 0.7332660620921391 0.17796664226595169 0.08350974959296291
272 0.7765113817174725 0.6325816383877376 0.18510705417661039 0.08597623051823948
272 0.7814964423042237 0.7396128883877376 0.18183650496239867 0.08279668344033872
275 0.5603363798554456 0.8348906120094135 0.21170594148016342 0.08722113068039547
72 0.09294959511865455 0.2693733372559425 0.16526758912279851 0.09577792451188501
85 0.5772518205115487 0.2762656343305479 0.1887778637299043 0.09774952759614006
35 0.10256865177646435 0.39209777110331834 0.17297092721213972 0.09357054220663671
53 0.5859440779551468 0.3958514314084486 0.19086690260503386 0.09232168790456559
119 0.1149852227022978 0.5078455020285949 0.18596107878371632 0.08755236728771454
157 0.5907300853987449 0.5153690446389734 0.18439857878371627 0.08752509374876424