262 0.26318401826394455 0.1568657734403846 0.24182108157389964 0.12865113587117077
258 0.7686664050334198 0.18847643275193998 0.24101255803494936 0.12703857109634614
72 0.2695958851479174 0.28241648596345587 0.23465346387914793 0.12038805289774893
85 0.7610021351479175 0.31390722932816734 0.23000687418757337 0.12243141424880086
35 0.27133388880136533 0.4068855598375792 0.22680005357072242 0.11754365514950216
53 0.7549412755708406 0.43709440545404404 0.22449721387914803 0.1197372108250283
119 0.27478439691904016 0.5228610132613518 0.2275131197233466 0.11368746992432684
152 0.7474406469190402 0.5531502020302714 0.2173841432622968 0.11459912785160639
272 0.2750962682672399 0.6394174575858258 0.17957049756436802 0.09422726866002265
272 0.28182178084914156 0.746999420108897 0.1756233372559425 0.09163319478589926
272 0.7368422918061903 0.6674432395072001 0.18269549756436804 0.09442752775932135
272 0.7349740543880918 0.7744744895072001 0.17951595048646726 0.09110226866002265
275 0.5074609346647453 0.8592245195828733 0.20927163433384308 0.09691098010335963
72 0.07853573792689465 0.27312542180694005 0.1570714758537893 0.10328209361388012
85 0.560193611608967 0.3026030821982296 0.18602504910649564 0.10634653685861988
35 0.08136127394598744 0.39603199568106334 0.16272254789197488 0.10143899136212671
53 0.5612321858792659 0.4223345912975282 0.18827334172016955 0.1010279811830939
119 0.08716081696587451 0.5121075786544853 0.17432163393174901 0.09604009253414603
157 0.558364510149565 0.5418157765227036 0.1819415211033185 0.09593996298449667