259 0.4853589042266516 0.1216180082896194 0.025509942165005663 0.04466306020665445
265 0.44846087908822396 0.17298506556940763 0.029666516039128864 0.048592036104353475
343 0.48346693476375 0.17553334864869902 0.027903756939830337 0.04545794574527386
289 0.45035284855112556 0.11906972521032799 0.028104016039128866 0.048582945745273866
113 0.4417021344868949 0.27845381556940757 0.02785369216500566 0.044676695745273956
111 0.43751647979881786 0.3315742703898678 0.028885266039128867 0.048587490924813716
110 0.43587483421003964 0.38158336074894744 0.02785369216500566 0.044676695745273776
99 0.4318393738464367 0.4323600655694076 0.027853692165005484 0.044676695745273776
85 0.4299974691583598 0.48549415592848727 0.027853692165005484 0.044676695745273776
72 0.4260120735695815 0.5354896107489473 0.02785369216500566 0.044676695745273776
53 0.42353911320597853 0.5862754059284873 0.02785369216500566 0.044676695745273776
35 0.4209159585179016 0.6394049511080271 0.027853692165005484 0.044676695745273956
9 0.41859319247877264 0.6878469962875668 0.02785369216500566 0.044676695745273776
10 0.4572539767164989 0.6333640293668582 0.02785369216500566 0.044676695745273776
11 0.45889562230527725 0.5833549390077787 0.02785369216500566 0.044676695745273776
16 0.46058733266888013 0.532564598648699 0.02785369216500566 0.044676695745273776
22 0.4645226634828338 0.4833503938282388 0.02785369216500566 0.044676695745273956
23 0.4669956238464367 0.43256459864869895 0.027853692165005484 0.044676695745273776
24 0.4701497046603903 0.383345848648699 0.028785136489479512 0.047024990924813714
25 0.47282292412329185 0.3294350534691592 0.02785369216500566 0.044676695745273866
26 0.47607713448689487 0.2786538034691592 0.02785369216500566 0.044676695745273866
275 0.41102411706348985 0.8425481318261863 0.02629119216500566 0.044667605386194256
264 0.44579963526208716 0.8364981197259379 0.02707244216500566 0.044672150565734016
259 0.768632479180509 0.14045995364210984 0.02697231261535631 0.043109650565734105
343 0.7655284631413801 0.1888974536421098 0.02349685919158375 0.037622719847574836
265 0.7959471483665554 0.18985596564416238 0.022815738741233105 0.03918067466803503
342 0.7610331253875963 0.28343779400118946 0.025940738741233104 0.039198855386194255
342 0.7907206253875961 0.2836105108237022 0.025940738741232927 0.039198855386194255
111 0.7870356184477659 0.32891846564416233 0.025940738741233104 0.039198855386194255
342 0.7581293684477659 0.32875029400118944 0.025940738741233104 0.039198855386194255
342 0.7534628524086369 0.3771787036421098 0.025940738741233104 0.039198855386194255
342 0.7839316024086369 0.37735596564416235 0.025940738741233104 0.039198855386194255
342 0.7809277159191573 0.42423096564416235 0.025940738741233104 0.039198855386194255
342 0.7519714011443327 0.4248440440011894 0.02740310919158375 0.03764544574527377
342 0.7481862646548529 0.4717144988216496 0.025940738741233104 0.039198855386194255
342 0.7779238294296776 0.47110596564416235 0.025940738741233104 0.039198855386194255
342 0.774919942940198 0.5179809656441623 0.025940738741233104 0.039198855386194255
342 0.745232442940198 0.5178082488216497 0.025940738741233104 0.039198855386194255
342 0.7421784916758938 0.5654644988216496 0.025940738741233104 0.039198855386194255
342 0.7720161860003676 0.5632934656441624 0.025940738741233104 0.039198855386194255
342 0.7690122995108881 0.6101684656441624 0.025940738741233104 0.039198855386194255
342 0.7392246699612388 0.6115582488216497 0.025940738741233104 0.039198855386194255
342 0.7661085425710578 0.6554809656441624 0.025940738741233104 0.039198855386194255
275 0.7573472069767421 0.7921997156441624 0.025940738741233104 0.039198855386194255
264 0.7281906331026189 0.7959377940011894 0.025940738741233104 0.039198855386194255
272 0.7369765453488349 0.8905554024124459 0.020852720542635695 0.032921584308955684