259 0.49296875 0.11875 0.02265625 0.04453125
265 0.459375 0.1703125 0.0265625 0.0484375
343 0.49453125 0.17265625 0.025 0.0453125
289 0.4578125 0.11640625 0.025 0.0484375
113 0.459375 0.27578125 0.025 0.04453125
111 0.45859375 0.32890625 0.02578125 0.0484375
110 0.46015625 0.37890625 0.025 0.04453125
99 0.459375 0.4296875 0.025 0.04453125
85 0.4609375 0.4828125 0.025 0.04453125
72 0.46015625 0.5328125 0.025 0.04453125
53 0.4609375 0.58359375 0.025 0.04453125
35 0.46171875 0.63671875 0.025 0.04453125
9 0.4625 0.68515625 0.025 0.04453125
10 0.49765625 0.63046875 0.025 0.04453125
11 0.49609375 0.58046875 0.025 0.04453125
16 0.49453125 0.5296875 0.025 0.04453125
22 0.4953125 0.48046875 0.025 0.04453125
23 0.49453125 0.4296875 0.025 0.04453125
24 0.49453125 0.38046875 0.02578125 0.046875
25 0.49375 0.3265625 0.025 0.04453125
26 0.49375 0.27578125 0.025 0.04453125
275 0.46484375 0.83984375 0.0234375 0.04453125
264 0.49921875 0.83359375 0.02421875 0.04453125
259 0.77734375 0.1359375 0.02421875 0.04296875
343 0.77734375 0.184375 0.02109375 0.0375
265 0.8078125 0.18515625 0.0203125 0.0390625
342 0.77890625 0.27890625 0.0234375 0.0390625
342 0.80859375 0.27890625 0.0234375 0.0390625
111 0.8078125 0.32421875 0.0234375 0.0390625
342 0.77890625 0.32421875 0.0234375 0.0390625
342 0.77734375 0.37265625 0.0234375 0.0390625
342 0.8078125 0.37265625 0.0234375 0.0390625
342 0.8078125 0.41953125 0.0234375 0.0390625
342 0.77890625 0.4203125 0.025 0.0375
342 0.778125 0.4671875 0.0234375 0.0390625
342 0.8078125 0.46640625 0.0234375 0.0390625
342 0.8078125 0.51328125 0.0234375 0.0390625
342 0.778125 0.51328125 0.0234375 0.0390625
342 0.778125 0.5609375 0.0234375 0.0390625
342 0.8078125 0.55859375 0.0234375 0.0390625
342 0.8078125 0.60546875 0.0234375 0.0390625
342 0.778125 0.60703125 0.0234375 0.0390625
342 0.8078125 0.65078125 0.0234375 0.0390625
275 0.8078125 0.7875 0.0234375 0.0390625
264 0.77890625 0.79140625 0.0234375 0.0390625
272 0.79375 0.8859375 0.01875 0.0328125