259 0.4867453262101389 0.08139506181356593 0.024990033921197963 0.046248037967363854
265 0.4504493000908571 0.13550314397207094 0.029101001809022264 0.05045028589277143
343 0.4854827193581624 0.1351829126434029 0.02737472749876275 0.0472068867226084
289 0.4517119069428334 0.08171529314223398 0.027538501809022266 0.050331886722608396
113 0.44492191711959883 0.24097189397207094 0.027333783921197962 0.046425636722608396
111 0.4413565038451872 0.29415609355715244 0.028319751809022263 0.05039108630768992
110 0.44029861488103517 0.34403769438698945 0.027333783921197962 0.046425636722608396
99 0.4368560323393183 0.39487814397207094 0.027333783921197962 0.046425636722608396
85 0.43563436906490666 0.447884744801908 0.027333783921197962 0.046425636722608486
72 0.4322327301007546 0.49794394438698947 0.027333783921197962 0.046425636722608486
53 0.4303526475590377 0.5486659948019079 0.027333783921197962 0.046425636722608486
35 0.42834973428462614 0.6017317952168264 0.027333783921197962 0.046425636722608486
9 0.4265924824756038 0.6501100956317449 0.027333783921197962 0.046425636722608486
10 0.4646147829051451 0.592758614303077 0.027333783921197962 0.046425636722608486
11 0.4656726718692972 0.5428770134732399 0.027333783921197962 0.046425636722608486
16 0.46677150441101406 0.492214162643403 0.027333783921197962 0.046425636722608486
22 0.4701321997976013 0.4429362130583215 0.027333783921197962 0.046425636722608486
23 0.4720122823393183 0.3922141626434029 0.027333783921197962 0.046425636722608396
24 0.4745917277259054 0.3429954126434029 0.028237864653892508 0.048828586307689825
25 0.47663558457788185 0.2891483622284844 0.027333783921197962 0.04642563672260831
26 0.4792969171195988 0.23836711222848442 0.027333783921197962 0.04642563672260831
275 0.4208294041177584 0.8046199968765004 0.025771283921197964 0.04630723755244546
264 0.4555319527382774 0.7957652151329138 0.02655253392119796 0.04636643713752679
259 0.7702195675037116 0.07703391284389557 0.026470646766068206 0.04480393713752688
343 0.7676810656946893 0.12547141284389557 0.023059041723114147 0.039098388797200824
265 0.7981088721171244 0.12394387902571662 0.022359678878243906 0.040601689212119305
342 0.7642893928093393 0.21988426367373254 0.025484678878243728 0.04083848755244537
342 0.7939768928093394 0.2176346794406351 0.025484678878243728 0.04083848755244537
111 0.7908209153105765 0.2630063790257166 0.025484678878243728 0.04083848755244537
342 0.7619146653105765 0.26519676367373257 0.025484678878243728 0.04083848755244537
342 0.7578136635015541 0.3137526628438956 0.025484678878243728 0.04083848755244537
342 0.7882824135015543 0.31144387902571663 0.025484678878243905 0.04083848755244537
342 0.7858257988476616 0.35831887902571663 0.025484678878243728 0.04083848755244537
342 0.7568786052700969 0.36129051367373255 0.026965291723114147 0.0393943867226084
342 0.7536407406162041 0.40822471325881404 0.025484678878243728 0.04083848755244546
342 0.7833691841937691 0.40519387902571663 0.025484678878243728 0.04083848755244528
342 0.7809125695398765 0.45206887902571663 0.025484678878243728 0.04083848755244546
342 0.7512250695398766 0.45431846325881403 0.025484678878243728 0.04083848755244546
342 0.7487275113084191 0.501974713258814 0.025484678878243728 0.04083848755244546
342 0.7785378420411136 0.4973813790257166 0.025484678878243728 0.04083848755244546
342 0.7760812273872212 0.5442563790257167 0.025484678878243728 0.04083848755244546
342 0.7463118402320914 0.548068463258814 0.025484678878243728 0.04083848755244546
342 0.7737064998884584 0.5895688790257166 0.025484678878243728 0.04083848755244546
275 0.766541373814605 0.7262876290257166 0.025484678878243728 0.04083848755244546
264 0.7374304059267807 0.7323842636737325 0.025484678878243728 0.04083848755244546
272 0.7473199830414308 0.8257907215571837 0.020469630257724702 0.03423329004195637