11 0.6627261719844098 0.1690506969946775 0.10482495468649908 0.15451177000387933
10 0.6554574699634108 0.3232917868429567 0.09381472935231727 0.14736894970043757
113 0.6451637652769117 0.4686840351759667 0.09205223468331739 0.1300539039428031
111 0.635051873925867 0.5984512835089768 0.09359655334977202 0.12861894970043758
110 0.6327706639083679 0.7272937606301595 0.08885450934913557 0.12354881242753386
99 0.6235672918921413 0.8461872818419869 0.08878178401495376 0.11729881242753386
85 0.525253443984728 0.15548292032283842 0.09852041068586281 0.1493140869733412
72 0.520355763964047 0.30757157880756936 0.09842950401813547 0.1415015869733412
53 0.5147768312778662 0.45100271441348305 0.09686700401813546 0.14137404121570665
35 0.5093251679265034 0.5834963500193966 0.09828405334977201 0.12900158697334127
9 0.5054360045751405 0.7161175313829449 0.0935692813494537 0.12627519970043757
152 0.5033093358927776 0.8316787585041275 0.09505905601527206 0.12015274545807202