275 0.38515625 0.40234375 0.0875 0.0515625
264 0.52734375 0.40078125 0.0875 0.0515625
85 0.3875 0.47890625 0.0875 0.0515625
72 0.38984375 0.53671875 0.0875 0.0515625
53 0.39140625 0.59453125 0.0875 0.0515625
35 0.39375 0.65234375 0.0875 0.0515625
260 0.39609375 0.7078125 0.0875 0.053125
260 0.396875 0.7640625 0.08125 0.05
99 0.53515625 0.7578125 0.07890625 0.05
110 0.53515625 0.703125 0.07890625 0.05
111 0.53359375 0.646875 0.07890625 0.05
113 0.53359375 0.590625 0.07890625 0.05
10 0.52890625 0.5328125 0.07890625 0.05
11 0.52890625 0.4765625 0.07890625 0.05
260 0.38359375 0.321875 0.1 0.065625