110 0.25546875 0.12734375 0.2515625 0.15859375
111 0.51875 0.15546875 0.259375 0.16875
113 0.78046875 0.18828125 0.2671875 0.16484375
72 0.26171875 0.27578125 0.2421875 0.14375
85 0.5078125 0.30703125 0.240625 0.14765625
99 0.75546875 0.33515625 0.2546875 0.14140625
277 0.2671875 0.41015625 0.225 0.13359375
35 0.49921875 0.44296875 0.2296875 0.14765625
53 0.7296875 0.46796875 0.234375 0.13515625
275 0.275 0.63046875 0.20625 0.10234375
264 0.690625 0.68671875 0.20625 0.11015625
259 0.28203125 0.72578125 0.1921875 0.10625
288 0.6734375 0.778125 0.1875 0.10234375