110 0.428125 0.1484375 0.09296875 0.1265625
85 0.4359375 0.33125 0.09140625 0.11484375
99 0.6109375 0.32265625 0.09140625 0.11484375
53 0.44375 0.49765625 0.08203125 0.10625
72 0.609375 0.4890625 0.08203125 0.10625
9 0.45 0.6453125 0.078125 0.10234375
35 0.60859375 0.6359375 0.078125 0.10234375
275 0.459375 0.8234375 0.07109375 0.08828125
264 0.60625 0.81328125 0.07109375 0.08828125
270 0.46171875 0.94453125 0.059375 0.07265625
270 0.603125 0.9390625 0.059375 0.07265625
266 0.61328125 0.1359375 0.09296875 0.1265625