39 0.5112998981923628 0.21739236929210745 0.06650920157021041 0.1127787963182186
38 0.6153616093959916 0.34943564264907245 0.06843541442319179 0.12532426042484132
37 0.5082394311827463 0.3494463513454188 0.06653193362352176 0.11356004631821862
36 0.6107613744396864 0.48066291059576116 0.0671313271970309 0.10733277837152996
28 0.5059374821198184 0.48230431545204144 0.06735864773014448 0.11514527837152996
26 0.608300301003579 0.6189896247023838 0.06970239773014449 0.11521347453146387
25 0.5026951586837111 0.6206082975053528 0.0649012374635877 0.11117083221159589
24 0.6066886737274059 0.7549953208623178 0.06561429130365362 0.10884981426490725
23 0.5004614057807173 0.7511225116119755 0.06731318362352176 0.11358277837152997
22 0.6019520464512326 0.8909100888090065 0.0681853618367672 0.11673051042484132
20 0.49659695671778936 0.8839350116119755 0.0680717015702104 0.11282426042484132