22 0.5898502821038198 0.33255134124284236 0.06998649810013902 0.05352497579950324
99 0.4520970153863198 0.3896103832009284 0.06998649810013902 0.05352497579950324
16 0.5923778296908685 0.44114509124284246 0.06604388050895835 0.051939749901804076
11 0.5936506953821878 0.49583259124284246 0.06604388050895835 0.051939749901804076
10 0.5948508258911464 0.5473950912428425 0.06604388050895835 0.051939749901804076
113 0.5960873239912853 0.6005200912428424 0.06604388050895835 0.051939749901804076
111 0.597251086909063 0.6505200912428425 0.06604388050895835 0.051939749901804076
9 0.462349410047327 0.6622439073032294 0.06597114532659738 0.04881474990180408
35 0.46034984574277826 0.6099047024827692 0.06757001291777787 0.050386340260883775
53 0.45673323005145877 0.5552308380213885 0.06757001291777787 0.0503863402608836
72 0.45624161436013927 0.5005387928418488 0.06998649810013902 0.05352497579950324
85 0.4533698810776393 0.4442978832009284 0.06998649810013902 0.05352497579950324
20 0.5911231477951392 0.38723884124284236 0.06998649810013902 0.05352497579950324
252 0.46353135676069507 0.7130251573032294 0.061247277735416716 0.04722497882456515
152 0.46707523726965344 0.7645740217646099 0.061247277735416716 0.04722497882456515
110 0.5984330336224312 0.7013013412428425 0.057268292553055565 0.04407725292686635
260 0.45475838164632015 0.8396558349963265 0.054924542553055566 0.04406361738824671
142 0.615295838143334 0.8215320280111259 0.054924542553055566 0.04406361738824671
266 0.6051466673624308 0.25120134729296656 0.06998649810013902 0.05352497579950324
258 0.42769381458888917 0.2475456030485032 0.06998649810013902 0.05352497579950315