275 0.41953125 0.146875 0.04453125 0.0796875
264 0.4828125 0.14375 0.04140625 0.0765625
20 0.4203125 0.3109375 0.03984375 0.071875
11 0.42109375 0.3890625 0.03984375 0.071875
16 0.48125 0.3921875 0.03984375 0.071875
113 0.4203125 0.46953125 0.03984375 0.071875
10 0.48203125 0.4734375 0.03984375 0.071875
85 0.42109375 0.62578125 0.03984375 0.071875
111 0.48125 0.55390625 0.03984375 0.071875
110 0.41953125 0.5453125 0.03984375 0.071875
99 0.48125 0.6296875 0.03984375 0.071875
53 0.421875 0.7 0.03984375 0.071875
72 0.48125 0.709375 0.0390625 0.06875
9 0.42109375 0.778125 0.0390625 0.071875
35 0.48046875 0.784375 0.03828125 0.06875
333 0.45 0.8546875 0.03828125 0.06875