275 0.4246602380191005 0.1273350179920773 0.04731399881887377 0.08176157630251693
264 0.4878323606144388 0.12126264640429008 0.04407987141421188 0.0784910270883052
20 0.43117067676384035 0.2913611306885244 0.04235368030721922 0.07373075248119942
11 0.4346801118803831 0.3694497433849714 0.0423536803072194 0.07373075248119934
16 0.4949454892850448 0.3697729210113959 0.0423536803072194 0.07373075248119942
113 0.43670889255042217 0.4499548806885244 0.0423536803072194 0.07373075248119924
10 0.49856405180624935 0.45098653370784303 0.0423536803072194 0.07373075248119924
85 0.44294651278350783 0.6061684933849714 0.04235368030721922 0.07373075248119924
111 0.5005928324762884 0.5314916710113959 0.0423536803072194 0.07373075248119924
110 0.43857398211346865 0.5257725179920772 0.04235368030721922 0.07373075248119924
99 0.5032391720393349 0.6072729210113958 0.0423536803072194 0.07373075248119924
53 0.44631953864422336 0.6803508560814185 0.04235368030721922 0.07373075248119924
72 0.5060219208582085 0.6869604210113959 0.04146330290255769 0.0705693651776464
9 0.44826647376076617 0.7585122433849715 0.041572430307219396 0.07369436517764641
35 0.5078597285700897 0.7619968083149489 0.040682052902557685 0.07053297787409356
333 0.47984634517497815 0.833728413153513 0.040682052902557685 0.07053297787409356