275 0.5080115615356221 0.04850005780810209 0.08079702189922511 0.09700011561620418
316 0.6154235433370249 0.040761430772952 0.0780026889258032 0.081522861545904
72 0.5266158713732013 0.31573794889309015 0.0780026889258032 0.11153836555840364
113 0.634328241823552 0.30852523518913727 0.0780026889258032 0.11153836555840373
53 0.5344562546234786 0.4258532553155253 0.0780026889258032 0.11153836555840364
111 0.6398749398486538 0.41954462234426704 0.0780026889258032 0.11153836555840364
35 0.5412149992248076 0.5313220053155252 0.0780026889258032 0.11153836555840364
110 0.6490274992248077 0.5256717916115724 0.0780026889258032 0.11153836555840364
9 0.5498866972499095 0.6421776181603954 0.0780026889258032 0.11153836555840364
99 0.6574989381506108 0.6334024044564426 0.0780026889258032 0.11153836555840364
120 0.5570459600498359 0.7538963681603955 0.0780026889258032 0.11153836555840382
85 0.6653893861757126 0.7442989608788778 0.0780026889258032 0.11153836555840364