275 0.50390625 0.0640625 0.0734375 0.11484375
316 0.61171875 0.0578125 0.07109375 0.1078125
72 0.5046875 0.3421875 0.07109375 0.1078125
113 0.6125 0.340625 0.07109375 0.1078125
53 0.50546875 0.45234375 0.07109375 0.1078125
111 0.6109375 0.4515625 0.07109375 0.1078125
35 0.50546875 0.5578125 0.07109375 0.1078125
110 0.61328125 0.5578125 0.07109375 0.1078125
9 0.50703125 0.66875 0.07109375 0.1078125
99 0.61484375 0.665625 0.07109375 0.1078125
120 0.50703125 0.78046875 0.07109375 0.1078125
85 0.615625 0.7765625 0.07109375 0.1078125