72 0.21573006001026274 0.16736708850348858 0.14745678298109555 0.1102705005042031
20 0.5493010841125636 0.18678798592526896 0.14042553298109545 0.10977882760772531
53 0.23124195140261464 0.2832488146182751 0.13727780708339649 0.10565405632040185
35 0.2474578247427898 0.38590392105489235 0.13019656010845856 0.09656863342392397
9 0.25658790592848724 0.47869235459503195 0.12546360831306053 0.08842835149293879
16 0.5460357044276767 0.29667108431611466 0.12239769564707803 0.09836608020561535
11 0.5450458970496926 0.39499932367245294 0.11690621974937905 0.09407741795279927
10 0.5424572282353901 0.48696830238512945 0.11374031313352084 0.08682764666547574
113 0.5405952672666098 0.5696169114196369 0.10511474687674216 0.08075796312533612
111 0.5394691045024315 0.644507650775975 0.09882384026088378 0.07328967055068922
110 0.5390969206610142 0.7147655204541443 0.09725224990180407 0.07161790990702759
99 0.5363673512809777 0.7825157491668208 0.09330509328594587 0.06431350829787341
85 0.5382843752850828 0.8435625098104825 0.09330509328594587 0.06431350829787305
144 0.26803446603694586 0.5669571791006641 0.11374031313352066 0.08682764666547574
249 0.27942648399092673 0.6458470036062962 0.10898463544042354 0.07478111473449048
272 0.30090254995311777 0.8472673919738988 0.0988011143631847 0.06938342055068922
275 0.31218093841860345 0.9066259664795309 0.060433505951928354 0.051862784780976764
259 0.7463150439029935 0.8955941754174933 0.06043350595192827 0.051862784780976764
37 0.8373828670936593 0.3068919443590282 0.12239769564707785 0.09836608020561535
36 0.8238839693565956 0.4027835985660726 0.11690621974937905 0.09407741795279918
28 0.807991324644594 0.48991761180762444 0.11216872277444097 0.08515588602181409
26 0.7990935684962739 0.571293297945654 0.10511474687674198 0.08075796312533612
25 0.7870389960911751 0.6469817127963602 0.1003863402608836 0.07339893119435104
24 0.7772872670702181 0.7158027686125588 0.09722952400410492 0.06771165990702759
23 0.7659412217924825 0.7790458137850959 0.09017100292686635 0.06253248701054978
22 0.7576974506170477 0.8386011302449562 0.09017100292686617 0.06253248701054978