72 0.21484375 0.15234375 0.146875 0.1
20 0.5484375 0.1484375 0.13984375 0.1
53 0.2296875 0.2671875 0.13671875 0.09609375
35 0.2453125 0.36875 0.1296875 0.0875
9 0.25390625 0.4609375 0.125 0.0796875
16 0.54453125 0.25859375 0.121875 0.08984375
11 0.54296875 0.35703125 0.11640625 0.0859375
10 0.53984375 0.44921875 0.11328125 0.07890625
113 0.5375 0.53203125 0.1046875 0.0734375
111 0.5359375 0.60703125 0.0984375 0.06640625
110 0.53515625 0.67734375 0.096875 0.06484375
99 0.53203125 0.7453125 0.09296875 0.0578125
85 0.53359375 0.80625 0.09296875 0.0578125
144 0.26484375 0.5484375 0.11328125 0.07890625
249 0.27578125 0.6265625 0.10859375 0.0671875
272 0.29609375 0.8265625 0.0984375 0.0625
275 0.30703125 0.88515625 0.06015625 0.04765625
259 0.74140625 0.84375 0.06015625 0.04765625
37 0.8359375 0.2484375 0.121875 0.08984375
36 0.821875 0.3453125 0.11640625 0.0859375
28 0.80546875 0.43359375 0.11171875 0.07734375
26 0.79609375 0.515625 0.1046875 0.0734375
25 0.78359375 0.5921875 0.1 0.06640625
24 0.7734375 0.66171875 0.096875 0.0609375
23 0.76171875 0.72578125 0.08984375 0.05625
22 0.753125 0.7859375 0.08984375 0.05625