72 0.20151539891597253 0.14734320621267344 0.15562386635259245 0.10341855357097236
20 0.5354509015078707 0.13567247549562453 0.14859261635259244 0.10325489941065982
53 0.20631162271416717 0.26184146409645814 0.14512586376069425 0.09927591422829876
35 0.2130510553248155 0.36304028818465256 0.1373427580585183 0.09051851006798621
9 0.2135794441560194 0.45502776643315956 0.1319717528747221 0.08259690729444458
16 0.5219072284163431 0.24591964447357592 0.12973530961365717 0.09268042211208342
11 0.51173256310051 0.34439351206475644 0.12392480702175916 0.08864688554295146
10 0.5005422019317137 0.4366537472471176 0.12018465235634253 0.08154290036059031
113 0.49095329698347323 0.5195207986338884 0.11111244872768503 0.07587412860909737
111 0.482829147219029 0.594557166225069 0.10424729406226838 0.06869740824437506
110 0.47589635056486246 0.6648878500206592 0.10254809302550924 0.0670985406531944
99 0.4668248554658348 0.7329293352030204 0.09802668836009261 0.0599763716752431
85 0.4630560150322237 0.79383046761184 0.09802668836009261 0.0599763716752431
144 0.21686168609750106 0.5422731932948957 0.12018465235634243 0.08154290036059031
249 0.22096413425953823 0.6201436201566317 0.11447189458064803 0.06971504758704868
272 0.22377890155435343 0.8196708414712844 0.10390554147037027 0.06479115824437506
275 0.2295901126758813 0.8780100183330205 0.06432563162115734 0.049056402260451645
259 0.6675876901500016 0.8264935779848258 0.06432563162115734 0.049056402260451645
37 0.8142020351552782 0.22898083871840208 0.12973530961365717 0.09268042211208342
36 0.7916640708762044 0.32618314703902707 0.12392480702175916 0.08864688554295146
28 0.7675342122993064 0.41484625674642295 0.11848545131958321 0.07994403276940983
26 0.7509824078694454 0.49709571229350635 0.11111244872768503 0.07587412860909737
25 0.7317840570682419 0.5739491530229508 0.10580979406226838 0.06873377583555573
24 0.715544610932455 0.6437167923656244 0.10220634043361106 0.06319229065319458
23 0.6982211184253254 0.7080520492994785 0.09476498732333312 0.05834113649288195
22 0.6843643785100941 0.7684083210509716 0.09476498732333312 0.058341136492882126