113 0.494866033580446 0.31654118790274044 0.02903522477225664 0.0503495612640803
111 0.4934920173383771 0.37831456822457127 0.028199411069925694 0.04873243094224957
110 0.4905282192451429 0.44075993790274043 0.025773815516429367 0.04622478997675685
99 0.48842751670540496 0.5009161879027404 0.027418161069925694 0.04867780062041867
85 0.4864632234214941 0.5571661879027404 0.02747272477225664 0.05024030062041866
53 0.48447164828641787 0.6141974379027404 0.025773815516429367 0.04622478997675685
35 0.4839880094490108 0.6729004485464022 0.029680065516429367 0.04649794158591121
156 0.4821601254209272 0.7252441985464022 0.02591022477225664 0.05013103997675685
259 0.4479463273276929 0.7855043553513366 0.025047129218760133 0.047732659654926124
275 0.47984116807186583 0.7916504485464021 0.0249380018140986 0.04460765965492612
264 0.511763290667204 0.7970152917414677 0.026445938111767653 0.04315442029858776
266 0.4293302473832933 0.8476383685928883 0.024992565516429366 0.04617015965492612
266 0.46192449257396984 0.8561828421097848 0.027527288474587408 0.051802800620418664
266 0.494682428871639 0.8600398156266813 0.027336315516429364 0.04633405062041831
266 0.5258233014669773 0.8653500284999159 0.02830853847458741 0.05185743094224939