113 0.5046875 0.28125 0.02734375 0.0484375
111 0.50546875 0.34296875 0.0265625 0.046875
110 0.5046875 0.40546875 0.02421875 0.04453125
99 0.5046875 0.465625 0.02578125 0.046875
85 0.5046875 0.521875 0.02578125 0.0484375
53 0.5046875 0.57890625 0.02421875 0.04453125
35 0.50625 0.6375 0.028125 0.04453125
156 0.50625 0.68984375 0.02421875 0.0484375
259 0.47421875 0.75234375 0.0234375 0.04609375
275 0.50625 0.75625 0.0234375 0.04296875
264 0.53828125 0.759375 0.025 0.04140625
266 0.4578125 0.815625 0.0234375 0.04453125
266 0.490625 0.821875 0.02578125 0.05
266 0.5234375 0.8234375 0.02578125 0.04453125
266 0.5546875 0.8265625 0.0265625 0.05