43 0.2887843258882322 0.1888027011786803 0.1568429671207266 0.18392367116215294
41 0.2952120700972639 0.41076862015663174 0.15855101633493823 0.18708503875333343
42 0.6476392491714306 0.28681544177628415 0.15996796712072658 0.18399640634451409
39 0.6594265814698035 0.5063103241851037 0.15996796712072658 0.18399640634451409
38 0.3079989762169545 0.6349328187698609 0.16051377667402048 0.19571515634451409
36 0.31829658312243325 0.8560265687698608 0.16051377667402048 0.19571515634451409
37 0.6710148606250232 0.7383233903895133 0.15996796712072658 0.18399640634451409
28 0.6827272642635144 0.9226256552071522 0.15422308126491552 0.1276736711621531
43 0.4589876639775733 0.1824948837399996 0.14917601633493832 0.1868668332062501
41 0.46995735897239344 0.4012266999444093 0.14917601633493832 0.18686683320625014
38 0.4834163531814252 0.6230289647620483 0.14917601633493832 0.18686683320625014
36 0.4940414458188803 0.8511539647620483 0.14917601633493832 0.18686683320625014
42 0.8239470380465599 0.27723715397288123 0.14917601633493832 0.18686683320625014
39 0.8406401941662505 0.5013104336081591 0.1527376639775735 0.1963145683886113
37 0.8493753010717293 0.7224405511993396 0.14470684015625573 0.1914452304327085
28 0.8622692150493027 0.9153183822213882 0.1412329296933393 0.1336145466371182