43 0.289923394391219 0.17738931061277152 0.1578954664174864 0.18998105721668548
41 0.29764512041964375 0.39951463448689484 0.15962174072774582 0.19320618676633483
42 0.649397970940042 0.2609599676172003 0.1610204664174862 0.19018131631598417
39 0.6624656162357722 0.48039108806755093 0.1610204664174862 0.19018131631598417
38 0.3117396771807631 0.6235831901624208 0.16163462008095947 0.20190006631598417
36 0.323326709631623 0.8446769401624209 0.16163462008095947 0.20190006631598437
37 0.6754071087725404 0.7123722732927263 0.1610204664174862 0.19018131631598417
28 0.688194793077851 0.8965470141934275 0.15494752883281535 0.13373105721668566
43 0.46011306365852433 0.1641314397009955 0.1502467407277459 0.1926054094684389
41 0.4723585153766896 0.3828313749261708 0.1502467407277459 0.1926054094684389
38 0.48711149140511445 0.6045061158268722 0.15024674072774574 0.1926054094684389
36 0.4990670160540581 0.8326311158268723 0.15024674072774574 0.1926054094684389
42 0.825673865897088 0.244176578506827 0.15024674072774574 0.1926054094684389
39 0.8436746726582074 0.4679948103082297 0.15386306365852426 0.2021806685677376
37 0.8536992051090673 0.689188689857879 0.1458049021931352 0.19699252081949084
28 0.8677185187675915 0.8819071159837557 0.1419938274533344 0.13912995604466616