342 0.5631980604738767 0.49561864669458533 0.07032218262956 0.0505812630722545
275 0.5386053892084025 0.6048393587272214 0.02575002232113448 0.044863136722608485
264 0.5831230024389272 0.6089949850768676 0.025750022321134304 0.044863136722608485
39 0.5382178311734531 0.7166765078973845 0.025750022321134304 0.044863136722608485
38 0.5372087102322906 0.7744890078973844 0.025750022321134304 0.044863136722608485
47 0.5817263234628154 0.7786446342470306 0.025750022321134304 0.044863136722608485
54 0.5804326047124034 0.7183107854917861 0.02575002232113448 0.044863136722608485
259 0.5862185491097909 0.4316512350768676 0.025722748782184012 0.04330063672260849
46 0.5807308392911279 0.8356758842470307 0.02575002232113448 0.044863136722608485
44 0.580475694811015 0.8951100838321121 0.025750022321134304 0.044863136722608485
43 0.5794393003309022 0.9544850838321122 0.02575002232113448 0.044863136722608485
36 0.535163194811015 0.8916765078973844 0.025750022321134304 0.044863136722608485
37 0.5361723157521776 0.8338640078973845 0.02575002232113448 0.044863136722608485
28 0.5349080503309022 0.951110707482466 0.02575002232113448 0.044863136722608485
26 0.533076769081314 0.9943880947680401 0.02575002232113448 0.011223810463919648
42 0.5783892690813139 0.996104882735404 0.02575002232113448 0.007790234529192119
273 0.5697692090111792 0.2536087454498298 0.07201709618439622 0.10298421265733601
273 0.5629974630716643 0.5519278462796668 0.07272047970746058 0.05388386182749905