39 0.3576514182323248 0.21859516546031457 0.08071864995764777 0.04908151308359247
41 0.5099496656014889 0.22668692847331987 0.07676689732681172 0.048072749929412774
42 0.6615121656014888 0.23551443885548923 0.07676689732681172 0.048072749929412774
38 0.6652888839608707 0.30035818885548926 0.0767668973268119 0.048072749929412774
37 0.5161156365917066 0.2924484363658276 0.07828389469597585 0.04738250519108469
36 0.36220938659170654 0.2834844180911505 0.07828389469597585 0.04738250519108469
25 0.3681933470585805 0.3461209259836583 0.07828389469597585 0.04738250519108469
26 0.5220995970585804 0.35508494425833537 0.07828389469597585 0.04738250519108469
28 0.6720995970585805 0.3638214493788329 0.07828389469597585 0.04738250519108469
22 0.3734415601562904 0.4094931812453301 0.07828389469597585 0.04738250519108469
23 0.5257853101562905 0.41836619425833543 0.07437764469597567 0.047154992036904986
24 0.6757853101562905 0.4271026993788329 0.07437764469597567 0.047154992036904986
11 0.3794710232540003 0.4729109391378379 0.07828389469597585 0.04738250519108469
16 0.5318602758848362 0.4825652021508432 0.08067314732681172 0.048300263083592296
20 0.6818147732540003 0.4905204572713407 0.0806731473268119 0.048300263083592476
111 0.3863727416133821 0.5379366996611816 0.07828389469597585 0.04738250519108469
113 0.5363272389825461 0.5458919547816791 0.07828389469597585 0.04738250519108469
10 0.6846737337208743 0.5529749546405047 0.07828389469597585 0.04738250519108469
85 0.39005845471109196 0.6012179496611816 0.07828389469597585 0.04738250519108469
99 0.542356702080256 0.6093097126741869 0.07828389469597585 0.04738250519108469
110 0.6921746915569124 0.6149212177946843 0.07828389469597585 0.04738250519108469
72 0.6958604046546222 0.6782024677946843 0.07828389469597585 0.04738250519108469
53 0.54599691254713 0.6718097126741869 0.07828389469597585 0.04738250519108469
35 0.3960424151779659 0.6638544575536893 0.07828389469597585 0.04738250519108469
9 0.3998646361681836 0.7294794575536894 0.07828389469597585 0.04738250519108469
275 0.4034593440042216 0.7911982075536894 0.07828389469597585 0.04738250519108469
264 0.708700580850042 0.8050834862105358 0.07828389469597585 0.04738250519108469
259 0.5623407913169159 0.8588469810900383 0.07828389469597585 0.04738250519108469
266 0.43499516823232476 0.2230999259130711 0.07837489995764776 0.04894500519108469
266 0.5865576682323248 0.23192743629524046 0.07837489995764776 0.04894500519108469
266 0.7349951682323248 0.24057293615406614 0.07837489995764776 0.04894500519108469
266 0.7402433813300346 0.30394519141573795 0.07837489995764776 0.04894500519108469
266 0.5903343865917066 0.29677118629524046 0.07837489995764776 0.04894500519108469
266 0.44037988922254245 0.28881593117474297 0.07837489995764776 0.04894500519108469
266 0.44558259968941644 0.3514069364364148 0.07837489995764776 0.04894500519108469
266 0.5955825996894164 0.36014344155691236 0.07837489995764776 0.04894500519108469
266 0.7455370970585806 0.3680986966774098 0.07837489995764776 0.04894500519108469
266 0.45161206278712634 0.41482469432892255 0.07837489995764776 0.04894500519108469
266 0.6015665601562905 0.42277994944942004 0.07837489995764776 0.04894500519108469
266 0.7492228101562904 0.4313799466774098 0.07837489995764776 0.04894500519108469
266 0.7552067706231643 0.4940164545699176 0.07837489995764776 0.04894500519108469
266 0.6068147732540004 0.48615220471109194 0.07837489995764776 0.04894500519108469
266 0.4569057785156721 0.4789781995905944 0.07837489995764776 0.04894500519108469
266 0.460591491613382 0.5422594495905944 0.07837489995764776 0.04894500519108469
266 0.6121084889825461 0.5503057099727637 0.07837489995764776 0.04894500519108469
266 0.7604094810900384 0.5566074598315894 0.07837489995764776 0.04894500519108469
266 0.7656121915569123 0.6191984650932613 0.07837489995764776 0.04894500519108469
266 0.6180924494494201 0.6129422178652716 0.07837489995764776 0.04894500519108469
266 0.46427720471109185 0.6055406995905944 0.07837489995764776 0.04894500519108469
266 0.4695709204396378 0.6696942048522663 0.07837489995764776 0.04894500519108469
266 0.61943441254713 0.6760869599727638 0.07837489995764776 0.04894500519108469
266 0.7717326599162939 0.684178722985769 0.07837489995764776 0.04894500519108469
266 0.4771628835373477 0.7332029680064458 0.07837489995764776 0.04894500519108469
266 0.47924059400422153 0.7956119627447741 0.07837489995764776 0.04894500519108469
266 0.6381675439477519 0.864041986281123 0.07837489995764776 0.04894500519108469
266 0.784481830850042 0.8094972414016205 0.07837489995764776 0.04894500519108469