39 0.34609375 0.1984375 0.078125 0.04453125
41 0.4984375 0.19765625 0.07421875 0.04375
42 0.65 0.19765625 0.07421875 0.04375
38 0.65 0.2625 0.07421875 0.04375
37 0.50078125 0.26328125 0.07578125 0.04296875
36 0.346875 0.26328125 0.07578125 0.04296875
25 0.34921875 0.32578125 0.07578125 0.04296875
26 0.503125 0.32578125 0.07578125 0.04296875
28 0.653125 0.32578125 0.07578125 0.04296875
22 0.35078125 0.3890625 0.07578125 0.04296875
23 0.503125 0.3890625 0.071875 0.04296875
24 0.653125 0.3890625 0.071875 0.04296875
11 0.353125 0.45234375 0.07578125 0.04296875
16 0.50546875 0.453125 0.078125 0.04375
20 0.65546875 0.45234375 0.078125 0.04375
111 0.35625 0.5171875 0.07578125 0.04296875
113 0.50625 0.51640625 0.07578125 0.04296875
10 0.6546875 0.51484375 0.07578125 0.04296875
85 0.35625 0.58046875 0.07578125 0.04296875
99 0.50859375 0.5796875 0.07578125 0.04296875
110 0.65859375 0.5765625 0.07578125 0.04296875
72 0.65859375 0.63984375 0.07578125 0.04296875
53 0.50859375 0.6421875 0.07578125 0.04296875
35 0.35859375 0.64296875 0.07578125 0.04296875
9 0.35859375 0.70859375 0.07578125 0.04296875
275 0.35859375 0.7703125 0.07578125 0.04296875
264 0.6640625 0.76640625 0.07578125 0.04296875
259 0.5140625 0.82890625 0.07578125 0.04296875
266 0.4234375 0.1984375 0.07578125 0.04453125
266 0.575 0.1984375 0.07578125 0.04453125
266 0.7234375 0.1984375 0.07578125 0.04453125
266 0.725 0.26171875 0.07578125 0.04453125
266 0.575 0.26328125 0.07578125 0.04453125
266 0.425 0.2640625 0.07578125 0.04453125
266 0.4265625 0.3265625 0.07578125 0.04453125
266 0.5765625 0.3265625 0.07578125 0.04453125
266 0.7265625 0.32578125 0.07578125 0.04453125
266 0.42890625 0.38984375 0.07578125 0.04453125
266 0.57890625 0.3890625 0.07578125 0.04453125
266 0.7265625 0.3890625 0.07578125 0.04453125
266 0.72890625 0.4515625 0.07578125 0.04453125
266 0.58046875 0.45234375 0.07578125 0.04453125
266 0.43046875 0.45390625 0.07578125 0.04453125
266 0.43046875 0.5171875 0.07578125 0.04453125
266 0.58203125 0.51640625 0.07578125 0.04453125
266 0.73046875 0.5140625 0.07578125 0.04453125
266 0.73203125 0.5765625 0.07578125 0.04453125
266 0.584375 0.57890625 0.07578125 0.04453125
266 0.43046875 0.58046875 0.07578125 0.04453125
266 0.43203125 0.64453125 0.07578125 0.04453125
266 0.58203125 0.6421875 0.07578125 0.04453125
266 0.734375 0.64140625 0.07578125 0.04453125
266 0.4359375 0.7078125 0.07578125 0.04453125
266 0.434375 0.7703125 0.07578125 0.04453125
266 0.58984375 0.8296875 0.07578125 0.04453125
266 0.73984375 0.76640625 0.07578125 0.04453125