266 0.4328125 0.1703125 0.05625 0.07421875
287 0.48828125 0.175 0.05625 0.07421875
266 0.6203125 0.19375 0.05625 0.07421875
72 0.4640625 0.2796875 0.05625 0.07421875
53 0.465625 0.3953125 0.05625 0.07421875
35 0.46875 0.5125 0.05625 0.07421875
9 0.4703125 0.628125 0.05625 0.07421875
275 0.44609375 0.7234375 0.05625 0.07421875
264 0.50078125 0.7171875 0.05078125 0.07265625
259 0.4453125 0.8265625 0.05078125 0.07265625
272 0.49921875 0.8140625 0.05078125 0.07265625
275 0.6171875 0.69375 0.053125 0.071875
259 0.61875 0.78203125 0.04609375 0.06875
342 0.5953125 0.61015625 0.053125 0.071875
342 0.59453125 0.50625 0.053125 0.071875
342 0.5953125 0.3921875 0.053125 0.071875
342 0.5953125 0.2921875 0.053125 0.071875