266 0.44472191015912904 0.2005776982943006 0.06143988057393237 0.07815213317182242
287 0.5005184420901143 0.2091439511442922 0.06143988057393237 0.07815213317182242
266 0.6338608198140552 0.2371264755337088 0.06143988057393237 0.07815213317182242
72 0.4836201552154506 0.31213791116753525 0.06143988057393237 0.07815213317182242
53 0.49326794284641895 0.4278721718111971 0.06143988057393237 0.07815213317182242
35 0.5045874911210492 0.5452781930985205 0.06143988057393237 0.07815213317182242
9 0.5142352787520175 0.6610124537421822 0.06143988057393237 0.07815213317182242
275 0.4966814280153834 0.7546314137654253 0.06143988057393237 0.07815213317182242
264 0.5509318854407363 0.7522055362935861 0.05586186993027074 0.07620722091900642
259 0.5031113804970578 0.8577017834435946 0.055861869930270557 0.0762072209190066
272 0.5561435453477639 0.8489712756499245 0.055861869930270557 0.0762072209190066
275 0.6656992257858103 0.7369079542463853 0.058150989608439826 0.07558986188449897
259 0.6734349521526983 0.8252984648900471 0.0509012183211162 0.07197318898802116
342 0.6379787813499076 0.651784555235121 0.058150989608439826 0.07558986188449897
342 0.6299316985464022 0.5478236749132902 0.058150989608439826 0.07558986188449915
342 0.6227369215590955 0.43381580523512103 0.058150989608439826 0.07558986188449897
342 0.6157442403647444 0.33381580523512105 0.058150989608439826 0.07558986188449897