266 0.4467149875821644 0.1904710661683225 0.0623084234876405 0.07683863585581086
287 0.5025663748550679 0.19774206472058042 0.0623084234876405 0.07683863585581086
266 0.6361281739466824 0.2226415190210254 0.0623084234876405 0.0768386358558109
72 0.48689319061658176 0.3013015583104396 0.0623084234876405 0.0768386358558109
53 0.49789407668153746 0.4169993329175455 0.0623084234876405 0.0768386358558109
35 0.5105850085041276 0.5343323821317572 0.0623084234876405 0.0768386358558109
9 0.5215858945690831 0.6500301567388631 0.0623084234876405 0.0768386358558109
275 0.5051474357847898 0.7442146503287222 0.0623084234876405 0.0768386358558109
264 0.5593247527542518 0.7405117615774273 0.05671212773000587 0.07502142473094046
259 0.5127842057886692 0.8473032630251695 0.05671212773000587 0.07502142473094012
272 0.5656700897275929 0.8373139869703214 0.05671212773000587 0.07502142473094046
275 0.6738178163897337 0.7224959698068136 0.058992104851188644 0.07434933664159918
259 0.682586651696085 0.8108499944139196 0.051705763335919565 0.0708968509096227
342 0.6451191183562861 0.6378833753073316 0.058992104851188644 0.07434933664159918
342 0.6358560754735894 0.5339407380037787 0.058992104851188644 0.07434933664159918
342 0.6273264851662683 0.4199146253073317 0.058992104851188644 0.07434933664159918
342 0.6191635566776581 0.31991462530733167 0.058992104851188644 0.07434933664159918