273 0.4555796185055305 0.15380959092057753 0.18554380803494935 0.11706078252816506
259 0.4275536245913153 0.42707359468150125 0.07732615909060954 0.04597774122451135
266 0.5127098745913152 0.42955138849243735 0.07732615909060954 0.04597774122451135
275 0.4348906120094135 0.5342639690546805 0.07257047524323354 0.0419350989046432
264 0.5176485649315129 0.5335485667056827 0.06941820170428344 0.040281670691397944
99 0.4370355389569305 0.6124117011079919 0.07100797524323355 0.04188963479802066
16 0.5197253080316541 0.607790048758994 0.06547104139585791 0.03782426042484133
72 0.43804465989809316 0.670224201107992 0.07100797524323355 0.04188963479802066
10 0.521474768664391 0.6632815308123055 0.06389490462638267 0.03699754631821861
35 0.44058900730030537 0.7265196652146146 0.07100797524323373 0.04188963479802066
111 0.5216617292971282 0.718727548758994 0.07100797524323355 0.04188963479802066
152 0.44235210470251757 0.782792397267926 0.07100797524323355 0.04188963479802048