273 0.453125 0.140625 0.18359375 0.11171875
259 0.4203125 0.41484375 0.0765625 0.04375
266 0.50546875 0.41484375 0.0765625 0.04375
275 0.42578125 0.521875 0.071875 0.03984375
264 0.50859375 0.51875 0.06875 0.03828125
99 0.4265625 0.6 0.0703125 0.03984375
16 0.509375 0.59296875 0.06484375 0.0359375
72 0.4265625 0.6578125 0.0703125 0.03984375
10 0.51015625 0.6484375 0.06328125 0.03515625
35 0.428125 0.7140625 0.0703125 0.03984375
111 0.509375 0.70390625 0.0703125 0.03984375
152 0.42890625 0.7703125 0.0703125 0.03984375