275 0.5459106551703774 0.3282418352030204 0.047795512851581276 0.06199216014423614
264 0.6028145711779885 0.32378941812493006 0.04932617935348418 0.061247277735416716
259 0.5596734303420673 0.05187870374413147 0.03526367935348418 0.0609199694147917
11 0.5528702623944708 0.44146853381624956 0.047795512851581276 0.06199216014423605
28 0.6089292614058875 0.4354718005337495 0.04620117935348418 0.061174542553055565
26 0.6142016932308296 0.5072922491469787 0.04620117935348418 0.061174542553055565
25 0.6178797915576745 0.5783678153513885 0.04620117935348418 0.061174542553055745
24 0.6223709733826164 0.6502064477602079 0.046201179353484 0.061174542553055565
23 0.6268621552075584 0.7220450801690272 0.046201179353484 0.061174542553055565
22 0.6321664205305976 0.7946467787822564 0.046201179353484 0.06117454255305539
20 0.6351269358536368 0.8673030287822563 0.046201179353484 0.061174542553055745
16 0.6396181176785788 0.939141661191076 0.046201179353484 0.061174542553055745
152 0.5783185203403172 0.8740991958603466 0.04620117935348418 0.061174542553055745
119 0.5828415356633563 0.9467190782691663 0.04620117935348418 0.061174542553055745
266 0.5572977772232184 0.5117446662250689 0.047795512851581276 0.06199216014423605
266 0.5609758755500631 0.5828202324294788 0.047795512851581276 0.06199216014423605
266 0.5654670573750051 0.654658864838298 0.047795512851581276 0.06199216014423605
266 0.5708349896942387 0.7288230634515273 0.047795512851581276 0.06199216014423605
266 0.5737636715191808 0.8006980634515273 0.047795512851581276 0.061992160144236405