275 0.5221200747562555 0.34991164001259073 0.04708560015828454 0.06172843262955983
264 0.5792422529695009 0.3477821241842782 0.04862536810497318 0.0609744561685102
259 0.5551444895751587 0.0745667666357962 0.03456286810497318 0.060728994317957155
11 0.5211676770261111 0.46323380032101624 0.04708560015828454 0.06172843262955983
28 0.5775540693459792 0.4595281477232286 0.045500368104973175 0.060919909090609535
26 0.5778064704413358 0.531444058031654 0.045500368104973175 0.060919909090609535
25 0.5765191035900038 0.6025514448011291 0.045500368104973175 0.060919909090609535
24 0.5759902546853606 0.6744537183400795 0.045500368104973175 0.060919909090609535
23 0.5754614057807173 0.7463559918790299 0.045500368104973175 0.060919909090609535
22 0.5756910748227625 0.8190531521874554 0.045500368104973175 0.060919909090609535
20 0.5735769938648078 0.8917094021874554 0.045500368104973175 0.060919909090609535
16 0.5730481449601645 0.9636116757264057 0.045500368104973175 0.060919909090609535
152 0.5163866194916285 0.896182668015768 0.045500368104973175 0.060919909090609535
119 0.5158350385336739 0.9688661915547183 0.045500368104973175 0.060919909090609535
266 0.5206842922280905 0.5335735738599666 0.04708560015828454 0.06172843262956
266 0.5193969253767585 0.6046809606294418 0.04708560015828454 0.06172843262955983
266 0.5188680764721152 0.6765832341683922 0.04708560015828454 0.06172843262956
266 0.5190522814075378 0.7508428944768177 0.04708560015828454 0.06172843262956
266 0.5169609325028944 0.8227178944768176 0.04708560015828454 0.06172843262955965