289 0.3886353715585494 0.20568161011443437 0.07966227817462049 0.13834990360834273
36 0.507017957033813 0.22339764111295812 0.07341227817462048 0.1379493854097454
37 0.612486707033813 0.2301563857142873 0.07341227817462048 0.1379493854097454
25 0.39545966901054175 0.43053141578996035 0.07341227817462048 0.1379493854097454
26 0.5099532505314726 0.42929718768918546 0.07341227817462048 0.1379493854097454
28 0.6118831650562091 0.425699423191216 0.06509044220506546 0.12494873766149883
22 0.4014244620139099 0.6342874714654864 0.07228085969555131 0.12930557063492074
23 0.5123155410633828 0.6211342342654129 0.07228085969555131 0.12930557063492074
24 0.6100527041052445 0.61025489589332 0.06708402372599628 0.11650518198597286
10 0.40681625205152844 0.8239810271410125 0.07228085969555131 0.12930557063492074
11 0.5111708296181267 0.8033960217423417 0.07228085969555131 0.12930557063492074
16 0.6060867401885304 0.7806477390457748 0.06333694121648215 0.12016110811184948
113 0.608642690302261 0.9389911651716515 0.06223735623551026 0.11229854333702498
111 0.5133593652071209 0.9578481807124405 0.06223735623551026 0.08430363857511906
110 0.4132784521652592 0.9705845629614253 0.06415268330781672 0.05883087407714953
342 0.8427790434976596 0.2597191795127375 0.05614652372599629 0.11580427513842757
342 0.9177790434976597 0.2645253978959049 0.05614652372599629 0.11580427513842757
342 0.8349068295809456 0.42986169879106895 0.056146523725995934 0.11580427513842757
342 0.8247717787060932 0.582716588519751 0.056146523725995934 0.11580427513842757
342 0.8165175628122127 0.7434841077980825 0.05058227323170463 0.11311007171465501
342 0.8083760934582911 0.8878954418512386 0.05241668726214961 0.10076026603912887
111 0.8002518701500367 0.9894884347983582 0.04723709733826169 0.021023130403283474
342 0.8683015331918984 0.9809490973906433 0.04758726581733086 0.03810180521871338
342 0.9749887009787411 0.4357483582595078 0.05002259804251778 0.10066013648947969
266 0.9097794955885569 0.4315429171742363 0.050854187262149256 0.10066013648947969
266 0.8979864442194128 0.5819539273532691 0.050854187262149256 0.10066013648947969
266 0.88762855885788 0.7293400670819513 0.05085418726214961 0.10066013648947969
266 0.8767295040286948 0.8634449568106334 0.05085418726214961 0.10066013648947987
342 0.9642016932308296 0.5815219332133653 0.042978020265955055 0.0985969887412331
342 0.9534618058921304 0.7195330729420475 0.042978020265955055 0.0985969887412331
266 0.9424990840667509 0.8520754626707294 0.04497160178688588 0.09015343306570714
266 0.9283476952451771 0.9663000611088052 0.04851043726214925 0.06739987778238969