290 0.44182131734177155 0.7799881327900691 0.041443270801562446 0.03610180737069442
9 0.4405666354460422 0.726081882790069 0.041443270801562446 0.03610180737069442
35 0.44089263734590334 0.6729205151988886 0.041443270801562446 0.03610180737069442
53 0.4396743230413547 0.6205767651988886 0.041443270801562446 0.03610180737069442
72 0.4392008911456255 0.5666523314032983 0.041443270801562446 0.03610180737069442
85 0.4388001944322573 0.5158528976077079 0.041443270801562446 0.03610180737069442
99 0.43525631392329894 0.4643449489944788 0.041443270801562446 0.03610180737069442
110 0.4348374334143406 0.4127642651988886 0.041443270801562446 0.03610180737069442
111 0.4344003691097919 0.36040233140329825 0.041443270801562446 0.0361018073706945
113 0.43160137100965307 0.3073136989944788 0.041443270801562446 0.03610180737069442
309 0.4327268067051044 0.254915397607708 0.041443270801562446 0.03610180737069442