290 0.35896311951574245 0.7651813240869288 0.04349477954677709 0.03752238680346807
9 0.3633634481541338 0.7112750740869289 0.04349477954677709 0.03752238680346807
35 0.3692625039137081 0.658059068825257 0.04349477954677709 0.03752238680346807
53 0.373535286794465 0.6057153188252571 0.04349477954677709 0.03752238680346807
72 0.37871686543285643 0.5517635661944211 0.04349477954677701 0.03752238680346807
85 0.38364335255597887 0.5009368135635852 0.04349477954677701 0.03752238680346807
99 0.3855086125579185 0.449510821456093 0.04349477954677709 0.03752238680346807
110 0.39049887255985816 0.397902818825257 0.04349477954677709 0.03752238680346807
111 0.3955529054406151 0.34551356619442114 0.04349477954677709 0.03752238680346807
113 0.3983269612001893 0.292479571456093 0.04349477954677701 0.03752238680346807
309 0.4049434940809462 0.23999931356358523 0.04349477954677709 0.03752238680346807