24 0.47788191942262814 0.22264124275053745 0.04564237141421188 0.07981847717948316
25 0.5755381694226281 0.23004119088572642 0.04564237141421188 0.07981847717948316
26 0.674030233124959 0.23593783860599693 0.04564237141421188 0.07981847717948316
20 0.4747990702409348 0.31092249275053746 0.04564237141421188 0.07981847717948316
10 0.47157981180341435 0.4031099927505374 0.04564237141421188 0.07981847717948316
275 0.46086547877897177 0.7547908919207005 0.04558780771188111 0.07825597717948315
110 0.46704359002638274 0.4881478435803744 0.04564237141421188 0.07981847717948316
72 0.4647419908446893 0.5764882931654559 0.04564237141421188 0.07981847717948316
277 0.46165914166299593 0.6647695431654559 0.04564237141421188 0.07981847717948316
259 0.4578917570019401 0.8399471419207003 0.04558780771188111 0.07825597717948299
22 0.5732092883897695 0.3191628904708079 0.04558780771188111 0.07825597717948315
11 0.5700991573569106 0.40822539047080797 0.04558780771188111 0.07825597717948315
111 0.5669617444728864 0.49806914047080797 0.04558780771188111 0.07825597717948315
85 0.5630157997376968 0.5886349408857264 0.04558780771188111 0.07825597717948315
35 0.5599329505560033 0.6769161908857264 0.04558780771188111 0.07825597717948315
23 0.6708655383897695 0.32656283860599694 0.04558780771188111 0.07825597717948315
16 0.6677554073569106 0.41562533860599693 0.04558780771188111 0.07825597717948315
113 0.6637821807705555 0.5069723890209155 0.04558780771188111 0.07825597717948315
99 0.6606720497376968 0.5960348890209154 0.04558780771188111 0.07825597717948315
53 0.6568625142583342 0.6826944394358339 0.04558780771188111 0.07825597717948315
264 0.65294385137431 0.7724789898507524 0.04558780771188111 0.07825597717948334
288 0.6484076295972784 0.8575168406805893 0.04558780771188111 0.07825597717948299
272 0.6982712203414513 0.865211864125806 0.04558780771188111 0.07825597717948299
266 0.5278819194226282 0.2264300161957542 0.04564237141421188 0.07981847717948316
266 0.5254439109851077 0.31867671578083573 0.04564237141421188 0.07981847717948316
266 0.5223610618034144 0.4069579657808357 0.04564237141421188 0.07981847717948316
266 0.5192236489193901 0.4968017157808357 0.04564237141421188 0.07981847717948316
266 0.5153322678865313 0.5858050161957542 0.04564237141421188 0.07981847717948316
266 0.513030668704838 0.6741454657808357 0.04564237141421188 0.07981847717948316
266 0.5100023832254754 0.7608642157808357 0.04564237141421188 0.07981847717948316
266 0.506974097746113 0.8475829657808358 0.04564237141421188 0.07981847717948298
266 0.6271006694226282 0.23394836350110623 0.04564237141421188 0.07981847717948316
266 0.623182006538604 0.3237329139160247 0.04564237141421188 0.07981847717948316
266 0.6200173118034144 0.41435791391602467 0.04564237141421188 0.07981847717948316
266 0.6168798989193901 0.5042016639160247 0.04564237141421188 0.07981847717948316
266 0.6129885178865313 0.5932049643309432 0.04564237141421188 0.07981847717948316
266 0.609905668704838 0.6814862143309431 0.04564237141421188 0.07981847717948316
266 0.7263194194226281 0.24146671080645823 0.04564237141421188 0.07981847717948316
266 0.721619506538604 0.3311920616362952 0.04564237141421188 0.07981847717948316
266 0.7184548118034144 0.42181706163629523 0.04564237141421188 0.07981847717948316
266 0.7153173989193901 0.5116608116362953 0.04564237141421188 0.07981847717948316
266 0.7113714541842004 0.6022266120512137 0.04564237141421188 0.07981847717948316
266 0.7058630094490108 0.6926740132959692 0.04564237141421188 0.07981847717948316
266 0.7027801602673175 0.7809552632959692 0.04564237141421188 0.07981847717948298