313 0.39921875 0.31328125 0.11484375 0.0515625
261 0.51484375 0.3109375 0.11640625 0.053125
261 0.71796875 0.41796875 0.10625 0.0453125
130 0.428125 0.5234375 0.09765625 0.04375
115 0.571875 0.6 0.08515625 0.040625
119 0.69609375 0.5953125 0.09140625 0.040625
275 0.44765625 0.67734375 0.08359375 0.0359375
264 0.68828125 0.66640625 0.08125 0.0390625
259 0.60859375 0.66875 0.08359375 0.0375
261 0.52890625 0.67421875 0.07890625 0.0359375
266 0.57265625 0.51875 0.09140625 0.04375
280 0.43984375 0.6046875 0.09140625 0.040625