265 0.2551770547918337 0.43942231058738807 0.041497753246410876 0.05307837842423861
152 0.3175270503276068 0.452752027393909 0.03989434293798535 0.050616229254075586
9 0.36584181940233035 0.4634536516689627 0.03833184293798535 0.05049783008391273
35 0.4102503384770538 0.4738592780186089 0.03833184293798535 0.05049783008391273
53 0.45235601786020274 0.4817435556130105 0.03833184293798553 0.05049783008391273
72 0.4936668104738766 0.4903498836223307 0.03833184293798553 0.05049783008391273
85 0.5326338530875503 0.49877861287640635 0.03589263555165907 0.04485148132866801
99 0.5716281692401746 0.5056448421304819 0.03589263555165907 0.04485148132866801
110 0.6090599853927987 0.5123926722143944 0.03589263555165907 0.04485148132866801
111 0.6464645280064725 0.520703002298307 0.03589263555165907 0.04485148132866801
113 0.6815389573896214 0.5280544836269752 0.035892635551659245 0.04485148132866819
10 0.7165997500032952 0.5361872149556431 0.035892635551659245 0.04485148132866801
11 0.7516878161559195 0.5427574462843111 0.03589263555165907 0.04485148132866819
16 0.7859946323085436 0.5492684780278977 0.03663297524323354 0.04256693091374952
343 0.8257565616916924 0.5569751568670548 0.03663297524323354 0.04256693091374952