265 0.2625 0.41953125 0.040625 0.05
152 0.325 0.428125 0.0390625 0.04765625
9 0.3734375 0.43515625 0.0375 0.04765625
35 0.41796875 0.4421875 0.0375 0.04765625
53 0.46015625 0.446875 0.0375 0.04765625
72 0.5015625 0.45234375 0.0375 0.04765625
85 0.540625 0.4578125 0.03515625 0.0421875
99 0.5796875 0.46171875 0.03515625 0.0421875
110 0.6171875 0.465625 0.03515625 0.0421875
111 0.6546875 0.47109375 0.03515625 0.0421875
113 0.68984375 0.47578125 0.03515625 0.0421875
10 0.725 0.48125 0.03515625 0.0421875
11 0.76015625 0.48515625 0.03515625 0.0421875
16 0.79453125 0.4890625 0.0359375 0.03984375
343 0.834375 0.49375 0.0359375 0.03984375