275 0.415625 0.78984375 0.08515625 0.1
264 0.58671875 0.75234375 0.08046875 0.07890625
288 0.59140625 0.825 0.084375 0.0875
36 0.396875 0.2125 0.0921875 0.0875
25 0.39765625 0.290625 0.08984375 0.08515625
22 0.4 0.36328125 0.0875 0.08125
10 0.4015625 0.43671875 0.08671875 0.08125
266 0.4921875 0.20703125 0.0890625 0.08984375
26 0.4921875 0.28125 0.08515625 0.07890625
23 0.49296875 0.353125 0.084375 0.08125
11 0.4921875 0.42265625 0.0828125 0.08359375
266 0.584375 0.2 0.084375 0.09140625
28 0.58203125 0.27421875 0.0828125 0.08515625
24 0.58046875 0.34609375 0.08203125 0.08359375
16 0.58046875 0.41328125 0.0796875 0.08125
110 0.40703125 0.55703125 0.08515625 0.08515625
72 0.41015625 0.62734375 0.084375 0.0875
277 0.41171875 0.69921875 0.08515625 0.08515625
111 0.496875 0.54453125 0.08203125 0.08125
85 0.4984375 0.61484375 0.08046875 0.08359375
35 0.50078125 0.684375 0.08203125 0.08125
113 0.58203125 0.53359375 0.07734375 0.07890625
99 0.5828125 0.59765625 0.07734375 0.08359375
53 0.58515625 0.66953125 0.0796875 0.08125
266 0.50234375 0.76875 0.084375 0.09140625
266 0.50546875 0.8375 0.084375 0.09140625
266 0.41796875 0.85859375 0.084375 0.09140625