111 0.465625 0.50859375 0.05625 0.04375
99 0.4671875 0.5515625 0.05625 0.04375
72 0.46796875 0.59453125 0.05625 0.04375
35 0.4703125 0.634375 0.05625 0.040625
119 0.4703125 0.67578125 0.05625 0.040625
113 0.57109375 0.50546875 0.05859375 0.04375
110 0.571875 0.55 0.06015625 0.04296875
85 0.571875 0.59296875 0.05859375 0.04296875
53 0.57265625 0.634375 0.05703125 0.03984375
9 0.57265625 0.67421875 0.05703125 0.03984375
275 0.475 0.73515625 0.05625 0.03984375
316 0.5734375 0.73359375 0.05625 0.03984375