111 0.5011893395118948 0.5329961222286661 0.05930929802252862 0.04669793758467122
99 0.5057565072125925 0.5760467593837959 0.05930929802252862 0.04669793758467122
72 0.5095424249132903 0.6190564529613607 0.05930929802252862 0.04669793758467122
35 0.5146723213266645 0.6590230336940552 0.059090776735205 0.04357293758467105
119 0.5175677283837004 0.7004292836940553 0.05909077673520517 0.04357293758467105
113 0.6064395682245712 0.5353985051999244 0.06165304802252862 0.04682076831736559
110 0.6103347465689307 0.5799706987774892 0.06316091770069772 0.046121405472495526
85 0.6133394142696285 0.6229394487774892 0.06159841770069772 0.046039518317365594
53 0.6170160713266644 0.6643866423550542 0.05981739641337427 0.04283263116223601
9 0.6198022177400386 0.7042303923550541 0.05981739641337427 0.04283263116223601
275 0.5264071328428463 0.7600499451594446 0.05903614641337427 0.04279168758467104
316 0.6247353721991846 0.7636463359326189 0.05903614641337427 0.04279168758467104