259 0.4080321132218813 0.31948315657214 0.03516160383872737 0.03454849623907634
85 0.4346003310387946 0.39667614238637505 0.029365071907741937 0.02970187186589701
16 0.37035216074020677 0.4234947066512823 0.032763223516896464 0.03369905007914227
10 0.36825442917753864 0.4757929925446597 0.03114609319506556 0.032872335972519554
111 0.3647034582585323 0.5265742425446597 0.03114609319506556 0.032872335972519554
99 0.3627149873395259 0.5773100284380369 0.03114609319506556 0.032872335972519554
72 0.36067188609868867 0.6288270643314142 0.03114609319506556 0.032872335972519554
113 0.4293340408099361 0.4942869282797524 0.03114609319506556 0.032872335972519554
110 0.4282360805345915 0.5434374821198183 0.03114609319506556 0.032872335972519554
85 0.42495826122473945 0.5903124821198183 0.03114609319506556 0.032872335972519554
53 0.42240706159305647 0.6379460000665069 0.03114609319506556 0.032872335972519554
9 0.4207463726050353 0.6839942859598842 0.03114609319506556 0.032872335972519554
260 0.35784753485785137 0.6803668322781029 0.03114609319506556 0.032872335972519554
260 0.4319398707634499 0.44587216033306376 0.03114609319506556 0.032872335972519554
264 0.4140268430198386 0.7800880359598843 0.03114609319506556 0.032872335972519554
152 0.35435119426067585 0.7303668322781028 0.03114609319506556 0.032872335972519554
266 0.34977867272125085 0.8069066002247915 0.03114609319506556 0.032872335972519554
272 0.3492434411585827 0.859159422011546 0.05444148156266806 0.053821333465236876
272 0.4137647630663248 0.8284346077466388 0.044574808666190256 0.046517298825501284