259 0.44284478674530686 0.34960334094965206 0.03398561960011346 0.034930756920082205
85 0.4776042218618496 0.4290335143716371 0.028353178493120978 0.030020422433401882
16 0.4159772410991433 0.45148683452386146 0.031614587748947896 0.03405400642579064
10 0.41936762512722703 0.5038942515200558 0.030024805897782513 0.03320908942959626
111 0.42114094545297986 0.5546755015200558 0.030024805897782513 0.03320908942959626
99 0.4244767657787326 0.6055204185162502 0.030024805897782513 0.03320908942959626
72 0.4278398679556509 0.6571465855124445 0.030024805897782513 0.03320908942959626
113 0.4825769532575281 0.5267534313678315 0.030024805897782513 0.03320908942959626
110 0.48663945988095014 0.5760676818621231 0.030024805897782513 0.03320908942959626
85 0.48827637095087584 0.6229426818621231 0.030024805897782513 0.03320908942959626
53 0.4907218138719669 0.6706307653602203 0.030024805897782513 0.03320908942959626
9 0.4938939430907271 0.7167881823564146 0.030024805897782513 0.03320908942959626
260 0.4304217201325692 0.7087409190105418 0.030024805897782513 0.03320908942959626
260 0.4801042284852716 0.4782840978697343 0.030024805897782513 0.03320908942959626
264 0.49724961078407476 0.8128819323564146 0.030024805897782513 0.03320908942959626
152 0.43216775860715656 0.7587409190105417 0.030024805897782513 0.03320908942959626
266 0.4356226300213685 0.8353352525086389 0.030024805897782513 0.03320908942959626
272 0.44057551404945217 0.8878063365010277 0.05260913402808356 0.05441292737631755
272 0.5020660855563313 0.8614467663488036 0.04298859736759475 0.04699967539915164