263 0.4322318474022122 0.04267849512006337 0.14805744480442443 0.08535699024012675
53 0.2980552650142384 0.26920640559443304 0.14178017126547413 0.12153422572959069
99 0.5613910620921392 0.25238114542196344 0.1354210771096728 0.11481062904893857
35 0.3008274833576132 0.3832097060093515 0.13536653003177213 0.11168562904893857
85 0.5594757804355138 0.366739643347371 0.1353665300317722 0.11168562904893857
9 0.30276390462308733 0.4941472060093515 0.13536653003177213 0.11168562904893857
72 0.5566428810841371 0.4733448408578601 0.13536653003177204 0.11168562904893857
327 0.4363048818949159 0.6154516757156575 0.13536653003177204 0.11168562904893857
275 0.3134867650109431 0.7499236093286994 0.13536653003177204 0.11168562904893839
264 0.553235057624617 0.7262805867086752 0.12658186525911966 0.10009693361304191
272 0.43815730275335296 0.9008447240559836 0.09109833279171564 0.0786829522843739