275 0.374962849315428 0.06496079262380189 0.05249760030401118 0.08190086935861444
264 0.4321214333078167 0.06642635273207403 0.04943626730020547 0.0833724411453691
42 0.38448904102620174 0.18357440030393385 0.04999468281352515 0.07792642319868044
41 0.3892348908359213 0.26165393619731114 0.04999468281352524 0.07792642319868044
39 0.3963244906456409 0.33966527593075446 0.04833668231923358 0.07553720909205772
38 0.40097483996106886 0.41540106182413183 0.04833668231923358 0.07553720909205772
36 0.4063746057783996 0.49033286566419776 0.04833668231923358 0.07553720909205772
37 0.460616436805039 0.47780412193240396 0.04583376482874755 0.07156276293212364
26 0.4133368715957305 0.565219205397641 0.04833668231923358 0.07553720909205772
28 0.46517128562617527 0.5511961578257812 0.044797846843970035 0.06529003087881229
24 0.41857746992257533 0.636244759237707 0.0458974318249421 0.07312526293212365
25 0.469598800454923 0.6214631937191586 0.04349001482874755 0.07149456677218975
22 0.42231923524561454 0.7088782771843957 0.04342634783255335 0.06993206677218974
23 0.47399448178557335 0.6909489796125359 0.04342634783255317 0.06993206677218958
266 0.427496166576265 0.7783413310244617 0.04342634783255335 0.06993206677218958
243 0.4319236814050125 0.848608366917839 0.04608843281352524 0.07781276293212365
152 0.4381046972223433 0.9235174387045937 0.04527534931542796 0.07700878087881265