275 0.371875 0.07578125 0.04921875 0.08046875
264 0.42890625 0.07890625 0.04609375 0.08203125
42 0.3765625 0.19453125 0.046875 0.0765625
41 0.378125 0.27265625 0.046875 0.0765625
39 0.38203125 0.35078125 0.0453125 0.07421875
38 0.38359375 0.4265625 0.0453125 0.07421875
36 0.3859375 0.5015625 0.0453125 0.07421875
37 0.440625 0.490625 0.04296875 0.0703125
26 0.38984375 0.5765625 0.0453125 0.07421875
28 0.4421875 0.5640625 0.0421875 0.0640625
24 0.3921875 0.64765625 0.04296875 0.071875
25 0.44375 0.634375 0.040625 0.0703125
22 0.39296875 0.7203125 0.040625 0.06875
23 0.4453125 0.70390625 0.040625 0.06875
266 0.3953125 0.78984375 0.040625 0.06875
243 0.396875 0.86015625 0.04296875 0.0765625
152 0.4 0.93515625 0.0421875 0.07578125