275 0.3776173597529067 0.04760224750120029 0.05531630726339572 0.08419832386013526
264 0.4348854080932327 0.04640567779024992 0.05230970643355874 0.0855240255198092
42 0.3913031966852965 0.16599704999071122 0.052676559337988135 0.08011447510489074
41 0.39878565519344766 0.24400365082054823 0.052676559337988135 0.08011447510489074
39 0.4086118637015989 0.3218326528951406 0.05093646058274359 0.0776523259347277
38 0.41591672345450553 0.3974955037249776 0.05093646058274359 0.0776523259347277
36 0.4239436336223307 0.4723179049697331 0.05093646058274359 0.0776523259347277
37 0.47780233943118955 0.45723643401402725 0.04829671265733602 0.07356847717948316
26 0.43353304379015584 0.5470219070443255 0.05093646058274359 0.0776523259347277
28 0.4849296004288517 0.5305555348438642 0.047041865976683896 0.06725927759440165
24 0.44126395603257346 0.617938058289081 0.048415111827499045 0.07513097717948317
25 0.4918200630861877 0.6007496356737012 0.04595296265733602 0.07339087842423861
22 0.44755076744515404 0.6905351087039995 0.045834563487172984 0.07182837842423861
23 0.4986513261584423 0.6701624865035382 0.045834563487172984 0.07182837842423861
266 0.4551632805174086 0.7598887599487549 0.045834563487172984 0.07182837842423861
243 0.46205374317474474 0.8300828607785921 0.048770309337988135 0.07981847717948298
152 0.47086190334256983 0.9048460624382659 0.047929859752906624 0.07897802759440183