263 0.7712664668225127 0.06560176860674063 0.11284088846548564 0.06383352171162174
75 0.5154982558537325 0.13647923304138002 0.11678804508134384 0.07104670822938637
76 0.7609062046240684 0.16431109635699964 0.10894372882456534 0.06521408519385705
64 0.509689138269094 0.21196938461295659 0.11285906918364504 0.06695852171162171
73 0.6394084545258727 0.22347842700274273 0.11049713846548563 0.06372435980096292
74 0.7566232256031113 0.23362402253568204 0.09798350292686635 0.0607984129441161
61 0.5077635447867564 0.2837352227022978 0.11283179810640612 0.06227102171162171
62 0.6359067255049156 0.29282774048497806 0.10266191256778665 0.0594542367654336
63 0.7507686562230749 0.3013016741072586 0.09405907220870695 0.05749147642635144
57 0.5058288609453392 0.35393856079163905 0.10891191256778647 0.05974533519385705
59 0.630052156124879 0.3605053920565547 0.10265282220870695 0.05789173676543369
60 0.7449004513044187 0.3666355756788352 0.09404998184962743 0.05592897642635144
54 0.5023225867448423 0.42250662427387436 0.10421532220870695 0.05796451137253946
55 0.6273134963857627 0.426766092842343 0.10030907220870695 0.05778257485477489
56 0.7390231560266831 0.43040697725041177 0.09795623184962743 0.056110912944116006
44 0.49958847218526586 0.48954857505966265 0.10265282220870695 0.0578917367654336
46 0.6222219962875668 0.49135513171747247 0.10265282220870695 0.0578917367654336
47 0.733913475210328 0.49187101612554135 0.09169714149054772 0.05425731451569256
41 0.4960640172666098 0.554991638541898 0.10265282220870695 0.05789173676543378
42 0.6179026558302914 0.554418057896155 0.09638009631100797 0.053694388337010325
43 0.7288037943939729 0.5533350550006707 0.09402725595192826 0.05202272642635144
37 0.49408842680933435 0.6181637266312393 0.10265282220870695 0.05789173676543378
38 0.6135696798343965 0.6151372340748373 0.09638464149054773 0.05447563833701032
39 0.7244571828594586 0.6117104811793531 0.09638464149054773 0.05447563833701032
36 0.718552616504484 0.6707943827509297 0.08778634631100797 0.05329412799792799
26 0.48820658635205894 0.6811538782028158 0.0979425963110078 0.05376716294411601
28 0.6092367038385016 0.6758564102535198 0.09794259631100796 0.05376716294411601
23 0.48855656517662416 0.7413101282028158 0.09794259631100796 0.05376716294411601
24 0.6041133874835269 0.7349766991286492 0.09637100595192827 0.052131888337010324
25 0.71107191461089 0.7274617597154005 0.08544259631100797 0.05318496608726928
16 0.48577699882164965 0.8005395789886041 0.09638464149054773 0.05447563833701032
20 0.602101435589933 0.7918987872179905 0.09638464149054773 0.05447563833701032
22 0.7082696223582164 0.7827849605011888 0.0877908914905479 0.054075377997927984
113 0.48376504692805566 0.8574616670779452 0.09638464149054773 0.05447563833700997
10 0.5977411885167994 0.8479304633966729 0.08542441559284875 0.050059966087269106
11 0.7038911945669235 0.8356916366798712 0.08154089149054773 0.05378427956950453
99 0.4809672998549219 0.9135661178637335 0.09011191559284874 0.050278289908586515
110 0.5957156010845859 0.9025088014860142 0.08540623487468935 0.04693496608726946
111 0.6995264023142499 0.8909420628585536 0.08540623487468953 0.04693496608726946
35 0.4805133027817881 0.9697797305601806 0.08384373487468935 0.04686219148016342
53 0.592899673293293 0.9554882522718025 0.08384373487468952 0.04686219148016306
72 0.6951434293434172 0.943067489037236 0.07915168969514959 0.04586261765884565
275 0.6908695406815397 0.9976997248226891 0.07519544272021186 0.004600550354621901