72 0.22608226273734872 0.1618995154198981 0.15951638367602552 0.20397040339440445
35 0.2423582007169637 0.40936032269968636 0.13474597661898963 0.1624368883672897
152 0.25470039154657026 0.6013978317748727 0.1173892318147697 0.12641302995603354
275 0.2671189920311029 0.7700069312091385 0.10235981151618194 0.10133576190385671
259 0.27440197828534807 0.9003802324388026 0.09183757475773362 0.08487496974937905
264 0.5071430584909633 0.7772007659108774 0.09109452958519668 0.09658462939029935
277 0.529771447362769 0.6099496333973201 0.10739687278026225 0.12869769262201594
53 0.5540387458895006 0.4192610008837628 0.12186356436617345 0.15689541549465283
85 0.5845285472662238 0.17308998283158603 0.14169509914715023 0.21714256908544902
266 0.3936850259789004 0.1773240066392994 0.12293974530842303 0.18345337031511302
266 0.3866873549240081 0.4225774193052819 0.1070362398605413 0.1458761022629364
266 0.38122468671910725 0.6123757175098838 0.09362394988378445 0.12158917456983911
266 0.6536077851099529 0.6146956998504904 0.09362394988378445 0.12158917456983911
266 0.694461650096545 0.4325008233870574 0.10703623986054148 0.14587610226293624
266 0.7458266801859449 0.1893320854873058 0.12293974530842303 0.18345337031511305
275 0.37874490688180906 0.781852425355406 0.08617208280350538 0.10436531313352067
258 0.3742545128142233 0.9130751542781672 0.07993850829787323 0.09339599687674216
264 0.6173157339853311 0.7874928504162246 0.08086722376899794 0.10667724687674199
272 0.5908246537797159 0.90947238954564 0.08555472376899793 0.10670451795398109