72 0.2375 0.16328125 0.1453125 0.203125
35 0.27109375 0.4109375 0.1234375 0.16171875
152 0.296875 0.603125 0.10859375 0.12578125
275 0.32109375 0.771875 0.0953125 0.10078125
259 0.3375 0.90234375 0.0859375 0.084375
264 0.56171875 0.78046875 0.084375 0.09609375
277 0.57265625 0.61328125 0.0984375 0.128125
53 0.58359375 0.42265625 0.1109375 0.15625
85 0.596875 0.1765625 0.1265625 0.21640625
266 0.40625 0.1796875 0.11015625 0.1828125
266 0.41640625 0.425 0.096875 0.1453125
266 0.42421875 0.61484375 0.08515625 0.12109375
266 0.696875 0.61875 0.08515625 0.12109375
266 0.725 0.43671875 0.096875 0.1453125
266 0.759375 0.19375 0.11015625 0.1828125
275 0.43359375 0.784375 0.07890625 0.10390625
258 0.43828125 0.915625 0.0734375 0.09296875
264 0.67265625 0.79140625 0.0734375 0.10625
272 0.6546875 0.91328125 0.078125 0.10625