72 0.24891773726265135 0.1757280975797223 0.15951638367602552 0.21074050542706693
35 0.2998292992830363 0.425144921415012 0.13474597661898963 0.16818783525525038
152 0.33904960845342974 0.6186835594746529 0.1173892318147697 0.1314724072815178
275 0.37506850796889707 0.7887028103791639 0.10235981151618194 0.10577636646291495
259 0.40059802171465203 0.9200313755080265 0.09183757475773362 0.08887879353213642
264 0.6162944415090367 0.8099071822691458 0.09109452958519668 0.10051565637700648
277 0.615541052637231 0.6432928923550542 0.10739687278026225 0.13328389077317446
53 0.6131487541104994 0.45324110244096233 0.12186356436617345 0.16206398801421235
85 0.6092214527337761 0.20784339325956522 0.14169509914715023 0.2230391095655099
266 0.41881497402109946 0.20097816033373544 0.12293974530842303 0.18858554443664755
266 0.4461251450759919 0.44682292684207886 0.10703623986054148 0.15038950361804454
266 0.4672128132808927 0.6370761126177277 0.09362394988378445 0.12555659995457144
266 0.7401422148900471 0.6552716711878693 0.09362394988378445 0.12555659995457144
266 0.7555383499034549 0.47471438998020493 0.10703623986054148 0.15038950361804454
266 0.7729233198140552 0.23354715739305937 0.12293974530842285 0.18858554443664755
275 0.48844259311819094 0.8070986855485061 0.08617208280350538 0.1080415513340526
258 0.5023079871857767 0.9385943470138954 0.07993850829787323 0.09681744629109837
264 0.7279967660146689 0.8266586702833582 0.08086722376899794 0.11009869629109836
272 0.7185503462202841 0.946209894560561 0.08555472376899793 0.10758021087887784