263 0.2875 0.1984375 0.11640625 0.08203125
272 0.496875 0.20390625 0.12265625 0.08046875
342 0.290625 0.35703125 0.10234375 0.0625
272 0.70078125 0.35859375 0.09375 0.0640625
272 0.496875 0.50546875 0.11484375 0.07734375
110 0.703125 0.50546875 0.11875 0.08046875
99 0.28515625 0.50625 0.12109375 0.0765625
85 0.70078125 0.596875 0.11484375 0.07734375
72 0.28359375 0.59609375 0.11640625 0.0765625
53 0.70078125 0.6875 0.11484375 0.0765625
35 0.2875 0.6875 0.12109375 0.0765625
168 0.70234375 0.78046875 0.11640625 0.0765625
119 0.28203125 0.778125 0.11875 0.07734375
275 0.49375 0.77578125 0.1125 0.07734375
340 0.703125 0.203125 0.12265625 0.0875