263 0.2724633053892959 0.19676487392935033 0.12262220643355874 0.0827084817514315
272 0.4814239082937254 0.20101551581268157 0.12875380726339572 0.08118234318774994
342 0.26357078961774905 0.3553404432111911 0.10707971680652104 0.06309541851971492
272 0.673608640447586 0.35451672395279143 0.0986043659766839 0.06460792154477701
272 0.45857286845226175 0.5025780158126816 0.12070450892306965 0.07801189139235198
110 0.6648228684522618 0.5013780884141721 0.12484755726339572 0.08115961729005097
99 0.24679491886718025 0.5045910094679698 0.12689530933798815 0.07726700282867043
85 0.6555527669977248 0.5927979739527915 0.12070450892306965 0.07801189139235198
72 0.23842446658280636 0.5944438498270495 0.12220780933798814 0.0772397317514315
53 0.6486856151282694 0.6834229739527915 0.12064530933798814 0.07723064139235199
35 0.23540436512826943 0.6858273739293503 0.12689530933798815 0.07726700282867043
168 0.6432033645035695 0.7763826335937118 0.12220780933798814 0.0772397317514315
119 0.22306846325881408 0.776484190186129 0.12461075892306965 0.07803461729005079
275 0.43496481201405857 0.7729086965308408 0.11836075892306966 0.07799825585373235
340 0.6877331078788069 0.199034338414172 0.12928660352912935 0.08821359318774999