263 0.28288131592006927 0.20345583116686256 0.11831554853697926 0.08406312865180032
272 0.49212902935093733 0.2125792353862081 0.12452918094579868 0.08260972280760166
342 0.28231500541524274 0.36210412824476323 0.10379845364722229 0.06428641680124728
272 0.6924348878240622 0.37082593221922744 0.09524107123840295 0.06569891233702041
272 0.4851100842530899 0.5141417353862081 0.11664394576343753 0.07934835511284995
110 0.6913600842530898 0.517741842527653 0.12062293094579868 0.08254153896022594
99 0.27337315045749955 0.5112274208584371 0.12287576196784729 0.07867619926865128
85 0.6868888301690272 0.6091071822192274 0.11664394576343753 0.07934835511284995
72 0.2697195139646176 0.6010438973194867 0.11818826196784729 0.07859437865180041
53 0.684779509880555 0.6997321822192275 0.1166257619678472 0.07856710511284995
35 0.271498259880555 0.6925183311668626 0.12287576196784729 0.07867619926865128
168 0.6841781382053119 0.7927282057581777 0.1181882619678472 0.07859437865180041
119 0.26392018959208274 0.7830478737805363 0.12055019576343753 0.07941653896022594
275 0.47569349097885355 0.7843996883083074 0.11430019576343753 0.07930744480442442
340 0.6983972131465276 0.215398092527653 0.12469283510611114 0.08964097280760167