272 0.3437884255595099 0.2362970083657759 0.07451200248119934 0.0428042653230392
272 0.4031270382559569 0.23465891251038906 0.06442852708830529 0.04395292984777566
46 0.370346617453958 0.30227483543808253 0.13065284057054063 0.04275252718603735
259 0.6039039801504051 0.29353786950702093 0.12294950248119925 0.04477794220506528
42 0.3657639712590649 0.3671822524342769 0.12681936517764641 0.04415585969555132
43 0.48291508395551197 0.36318847771969753 0.1204602032669877 0.0415574417107738
44 0.600102583955512 0.3584134530051181 0.12056936517764641 0.0439011917107738
38 0.36036368776061894 0.43290275292856845 0.12681936517764641 0.04415585969555132
39 0.479858550457066 0.4288134777196976 0.11659034057054055 0.04217952422028777
41 0.594702300457066 0.4241339534994098 0.11666311517764641 0.043742024220287765
28 0.35812479156572585 0.49771466943047127 0.12447561517764641 0.044060359201259655
36 0.4761299288692788 0.49212656121779474 0.11424659057054072 0.04208402372599629
37 0.5909372915657258 0.488228286997507 0.11811645326698753 0.04146194121648215
24 0.3535421453708328 0.5626220864266657 0.12049659057054063 0.0423386917107738
25 0.47232853267438574 0.5570021447158919 0.11655395326698752 0.041398274220287766
26 0.5856097826743858 0.5523862874917985 0.1229131151776464 0.04399669220506528
20 0.3505583864794926 0.6266845864266657 0.1204602032669877 0.0415574417107738
22 0.4646936610865985 0.620474395704475 0.1165539532669877 0.041398274220287766
23 0.5826260237830455 0.6164487874917985 0.11804367865988183 0.039899441216482145
10 0.34523087758815246 0.6908425869209573 0.12447561517764641 0.044060359201259655
11 0.46405365219525835 0.6844413952101835 0.11659034057054055 0.04217952422028777
16 0.5772985148917054 0.6806067879860901 0.1182256151776464 0.043805691216482145
110 0.34302836869681236 0.75487325342286 0.12674659057054055 0.042593359695551315
111 0.46412211869681225 0.7499390612177947 0.11826200248119925 0.04458694121648214
113 0.5774397560003652 0.7445419539937014 0.11666311517764641 0.043742024220287765
72 0.3423519725019192 0.8196215029285685 0.12681936517764641 0.04415585969555132
85 0.4611019725019192 0.8147828112177947 0.1143193651776464 0.04364652372599629
99 0.5743832225019192 0.8101669539937013 0.11666311517764641 0.04374202422028759
277 0.33936821361057906 0.8836840029285685 0.1354495024811994 0.045287278174620485
35 0.457373350914132 0.8780958947158919 0.12056936517764641 0.043901191710773446
53 0.5745972382176849 0.8725396200013126 0.11034034057054054 0.04192485623551008
275 0.33563959202279187 0.9469970864266657 0.12440284057054055 0.04249785920125966
264 0.5623112539334507 0.9354216219784789 0.12440284057054071 0.04249785920125966
272 0.4593770382559569 0.23236690064739096 0.06442852708830529 0.04395292984777566
272 0.5194969009524041 0.23069697129390693 0.06442852708830529 0.04395292984777566
272 0.5819969009524041 0.22815029144613122 0.06442852708830529 0.04395292984777566
272 0.6342678763452982 0.22757994707361912 0.06442852708830529 0.04395292984777566
266 0.48838814206106385 0.2959054772254059 0.12060575248119924 0.044682441710773804