272 0.35546875 0.25078125 0.07265625 0.03984375
272 0.41484375 0.2515625 0.0625 0.04140625
46 0.38515625 0.31796875 0.12890625 0.0375
259 0.61875 0.31875 0.12109375 0.03984375
42 0.38359375 0.3828125 0.125 0.0390625
43 0.50078125 0.38359375 0.11875 0.03671875
44 0.61796875 0.38359375 0.11875 0.0390625
38 0.38125 0.4484375 0.125 0.0390625
39 0.50078125 0.44921875 0.11484375 0.0375
41 0.615625 0.44921875 0.11484375 0.0390625
28 0.38203125 0.51328125 0.12265625 0.0390625
36 0.5 0.5125 0.1125 0.0375
37 0.61484375 0.51328125 0.11640625 0.03671875
24 0.38046875 0.578125 0.11875 0.0375
25 0.49921875 0.57734375 0.11484375 0.03671875
26 0.6125 0.57734375 0.12109375 0.0390625
20 0.38046875 0.6421875 0.11875 0.03671875
22 0.49453125 0.640625 0.11484375 0.03671875
23 0.6125 0.64140625 0.11640625 0.03515625
10 0.378125 0.70625 0.12265625 0.0390625
11 0.496875 0.7046875 0.11484375 0.0375
16 0.61015625 0.70546875 0.11640625 0.0390625
110 0.37890625 0.7703125 0.125 0.0375
111 0.5 0.7703125 0.11640625 0.03984375
113 0.61328125 0.76953125 0.11484375 0.0390625
72 0.38125 0.83515625 0.125 0.0390625
85 0.5 0.83515625 0.1125 0.0390625
99 0.61328125 0.83515625 0.11484375 0.0390625
277 0.38125 0.89921875 0.13359375 0.03984375
35 0.49921875 0.8984375 0.11875 0.0390625
53 0.61640625 0.89765625 0.10859375 0.0375
275 0.38046875 0.9625 0.12265625 0.0375
264 0.60703125 0.96015625 0.12265625 0.0375
272 0.47109375 0.2515625 0.0625 0.04140625
272 0.53125 0.25234375 0.0625 0.04140625
272 0.59375 0.25234375 0.0625 0.04140625
272 0.64609375 0.25390625 0.0625 0.04140625
266 0.503125 0.31640625 0.11875 0.03984375