272 0.3481717608870597 0.2735607225452205 0.07381558471887839 0.04449977405869347
272 0.4075240288337483 0.27814689543189475 0.06370479882550092 0.04541143198597286
46 0.3759043043022844 0.34265068398855764 0.12999738855894433 0.045760687846069015
259 0.609475322248973 0.3584013016611312 0.12225308471887839 0.04760379009782234
42 0.3724550438774431 0.40739430443890834 0.12613660266556703 0.047072863971945725
43 0.4896198118241317 0.4156852706626074 0.11981840650563313 0.044328595773348314
44 0.6068073118241318 0.4231949868863065 0.11988660266556703 0.04667234577334831
38 0.3682018013992905 0.4728691101144344 0.12613660266556703 0.047072863971945725
39 0.4877103193459792 0.4813102706626074 0.11593488855894449 0.04485952189922511
41 0.6025540693459792 0.4886697925618325 0.11598035266556703 0.046422021899225105
28 0.36709629097444924 0.537762924889259 0.12379285266556703 0.046922669647471694
36 0.4850877730277606 0.5445414558877827 0.11359113855894432 0.044709327574751254
37 0.5999087909744493 0.5526822277870078 0.11747465650563296 0.044178401448874284
24 0.363647030549608 0.6025065453396097 0.11984113855894432 0.04510984577334831
25 0.4824197626029193 0.6093351411129582 0.11591215650563313 0.044078271899225106
26 0.5957010126029194 0.6165945334625339 0.12223035266556703 0.04682254009782234
20 0.361783002178078 0.6665690453396097 0.11981840650563295 0.044328595773348314
22 0.47589096628470073 0.6723160024640101 0.11591215650563295 0.044078271899225106
23 0.5938369842313894 0.6806570334625339 0.11742919239901024 0.04261590144887446
10 0.35757522380654816 0.7304813510151357 0.12379285266556703 0.046922669647471694
11 0.4763706879131708 0.7365286967884841 0.11593488855894432 0.04485952189922511
16 0.5896292058598596 0.7445693391380599 0.11754285266556685 0.04652215144887428
110 0.3564924454350182 0.7945939157899604 0.12609113855894433 0.04551036397194572
111 0.4775861954350182 0.8023539558877829 0.11756558471887839 0.04730340144887464
113 0.5908901774883295 0.8088320982373585 0.11598035266556703 0.046422021899225285
72 0.35694943501017695 0.8595878601144344 0.12613660266556703 0.047072863971945725
85 0.475699435010177 0.8671977058877829 0.11363660266556704 0.046271827574751255
99 0.588980685010177 0.8744570982373585 0.11598035266556703 0.046422021899225285
277 0.35508540663864696 0.9236503601144342 0.1347530847188784 0.0484048264950168
35 0.47307688869195835 0.9304288911129582 0.11988660266556703 0.04667234577334867
53 0.5902871207452697 0.9371573573366572 0.10968488855894432 0.04445900370062787
275 0.35246286032042845 0.982100730257937 0.12374738855894432 0.035798539484126125
264 0.5790935564803624 0.9881882476075127 0.12374738855894432 0.023623504784974613
272 0.4637740288337483 0.2817515592192703 0.06370479882550092 0.04541143198597286
272 0.523907546780437 0.2863877968807692 0.0637047988255011 0.04541143198597286
272 0.586407546780437 0.290392978866742 0.0637047988255011 0.04541143198597286
272 0.6387058326738144 0.2953098187799943 0.06370479882550092 0.04541143198597286
266 0.4939185184089071 0.3486479649870814 0.11990933471887821 0.0474535957733484