263 0.5418453073006431 0.14253479581579956 0.04145001235728962 0.05995784255827141
275 0.5104321867306769 0.3182515584296713 0.06703760277546919 0.09439732994439964
316 0.5706521037268713 0.3187897609694092 0.0655387697716634 0.09590526624206888
231 0.5711866615218059 0.44007448392756726 0.06443918479069169 0.08806548439090331
85 0.5098406432330173 0.5247743769413256 0.0663200197716634 0.09593254809323426
111 0.570124227225406 0.5237500794810634 0.06450285178688589 0.08962798439090332
72 0.5094639584423255 0.6108210043459873 0.0662563527754692 0.09437004809323427
110 0.5690299594309088 0.6082069250345598 0.06528410178688589 0.08965526624206888
53 0.5082423566554397 0.6984028498994835 0.06544326927737174 0.09356151624206888
99 0.5703431086326061 0.6911831161415524 0.0652204347906915 0.08809276624206888
35 0.5071480888609425 0.7828596954529798 0.06756418479069151 0.08817461179556503
9 0.5066440700778623 0.8720313228576415 0.06882293726214961 0.09992064364673041