263 0.5483113253500902 0.09477699570458684 0.03974430000795408 0.060640928878243815
275 0.5261470660407254 0.272608746609098 0.06435394867918127 0.09550392978275495
316 0.58628513470718 0.26789359113660255 0.06280963001272681 0.0969845426276252
231 0.5931629380569519 0.3887007360936484 0.06193747334499946 0.08913109905006031
85 0.5363595020687241 0.47844931083344927 0.06359088001272681 0.09702548620519025
111 0.5964793894016331 0.47217165536095373 0.061955654678545004 0.09069359905006032
72 0.5404844754137236 0.5642230365231897 0.06357269867918128 0.09546298620519007
110 0.5998049314130872 0.5564238246282592 0.06273690467854483 0.0907345426276251
53 0.5438463800922685 0.651600205790495 0.0627823580124085 0.0946407926276251
99 0.6054560420909958 0.6389906631628699 0.06271872334499946 0.0891720426276251
35 0.5471719221037226 0.7358523750578005 0.06506247334499946 0.08929487336031983
9 0.5513332581158129 0.824751100747541 0.0659800833465903 0.10105456693788462