263 0.546875 0.1234375 0.0390625 0.05859375
275 0.52265625 0.3 0.06328125 0.0921875
316 0.5828125 0.2984375 0.06171875 0.09375
231 0.58828125 0.41953125 0.0609375 0.0859375
85 0.53046875 0.50625 0.0625 0.09375
111 0.590625 0.503125 0.0609375 0.0875
72 0.53359375 0.5921875 0.0625 0.0921875
110 0.59296875 0.5875 0.06171875 0.0875
53 0.5359375 0.6796875 0.06171875 0.09140625
99 0.59765625 0.6703125 0.06171875 0.0859375
35 0.53828125 0.7640625 0.0640625 0.0859375
9 0.54140625 0.853125 0.06484375 0.09765625