273 0.5476518260976292 0.36218949756107277 0.10011347001621065 0.07122220941492108
263 0.31001693135047814 0.47845187702694725 0.057382314515692645 0.09233355032431163
275 0.5171937305646899 0.4789406209378673 0.03959334698068133 0.062359678165332964
264 0.5672301178682428 0.4790321241842782 0.040410984284234175 0.0631545649348082
85 0.36131825806727985 0.5856837244291595 0.0404473715877872 0.06393581493480802
99 0.41139103267438565 0.5849939776755704 0.04119223428423435 0.06316820170428343
110 0.4614638072814915 0.5843042309219812 0.03959334698068133 0.062359678165332964
111 0.5106097826743857 0.586725847398917 0.03962973428423418 0.06314092816533297
113 0.5591200572814916 0.5860088271063775 0.040301822373575644 0.06081081493480802
121 0.3088224966947403 0.6887581314911742 0.039484185070022625 0.060015928165332966
120 0.3580776339982933 0.6888359979681098 0.03870293507002263 0.06000229139585791
9 0.4073327713018462 0.6889138644450454 0.03873932237357547 0.06078354139585791
35 0.455879433212505 0.6874155941525061 0.039520572373575646 0.06079717816533296
53 0.504316933212505 0.6882610738599666 0.03717682237357565 0.060756267856907444
72 0.5527908205160579 0.6883253035674272 0.039520572373575646 0.06079717816533296
131 0.4444540514905233 0.3619519439903503 0.04226458271265763 0.06943183847375849