273 0.5640625 0.35234375 0.096875 0.06953125
263 0.33203125 0.47265625 0.053125 0.09140625
275 0.5390625 0.46953125 0.03671875 0.06171875
264 0.5890625 0.46875 0.0375 0.0625
85 0.38828125 0.57890625 0.0375 0.06328125
99 0.43828125 0.57734375 0.03828125 0.0625
110 0.48828125 0.57578125 0.03671875 0.06171875
111 0.5375 0.57734375 0.03671875 0.0625
113 0.5859375 0.57578125 0.0375 0.06015625
121 0.340625 0.6828125 0.03671875 0.059375
120 0.38984375 0.68203125 0.0359375 0.059375
9 0.4390625 0.68125 0.0359375 0.06015625
35 0.4875 0.67890625 0.03671875 0.06015625
53 0.5359375 0.67890625 0.034375 0.06015625
72 0.584375 0.678125 0.03671875 0.06015625
131 0.4609375 0.35390625 0.0390625 0.06875