72 0.45859375 0.134375 0.07734375 0.10546875
53 0.46171875 0.23828125 0.07421875 0.09609375
35 0.46484375 0.3296875 0.0703125 0.0921875
9 0.46875 0.4140625 0.06640625 0.08046875
120 0.47109375 0.490625 0.06328125 0.078125
121 0.4734375 0.56015625 0.06171875 0.07265625
122 0.47734375 0.62421875 0.06171875 0.06875
123 0.4796875 0.68125 0.05625 0.06640625
124 0.4828125 0.7359375 0.0546875 0.06484375
125 0.48515625 0.78515625 0.0515625 0.05703125
275 0.40859375 0.8546875 0.05 0.05078125
264 0.46171875 0.84453125 0.05 0.05078125
259 0.56171875 0.82421875 0.046875 0.05234375
272 0.4625 0.884375 0.0453125 0.0484375