272 0.4625 0.2640625 0.0609375 0.03671875
272 0.665625 0.26484375 0.0640625 0.0375
340 0.56796875 0.321875 0.075 0.04140625
16 0.46484375 0.3859375 0.0734375 0.0421875
22 0.5640625 0.3859375 0.078125 0.04140625
23 0.66015625 0.3859375 0.0765625 0.040625
113 0.4640625 0.4484375 0.06953125 0.0390625
10 0.559375 0.4484375 0.06640625 0.03828125
11 0.6546875 0.4484375 0.065625 0.040625
99 0.465625 0.509375 0.06640625 0.03828125
53 0.465625 0.56640625 0.0625 0.0359375
152 0.46484375 0.62265625 0.07109375 0.034375
110 0.559375 0.5078125 0.06640625 0.040625
72 0.55859375 0.565625 0.0640625 0.03515625
9 0.55546875 0.621875 0.0640625 0.03671875
111 0.65234375 0.5078125 0.06796875 0.03515625
85 0.646875 0.5640625 0.0609375 0.03359375
35 0.6453125 0.6203125 0.06796875 0.03515625
275 0.46640625 0.72421875 0.06640625 0.0375
259 0.553125 0.7234375 0.059375 0.0359375
264 0.6359375 0.721875 0.0640625 0.03515625