259 0.4791784226607275 0.0386949048259026 0.091643154678545 0.0773898096518052
23 0.4369716466422739 0.16946820687826353 0.08467553934595387 0.09491441612815979
24 0.5182398279758192 0.16601459213687456 0.08467553934595387 0.09491441612815979
20 0.4358716759627745 0.2639994568782635 0.08308576734563573 0.09253429853697917
22 0.5163586072963199 0.2605640259324648 0.08230451734563574 0.09251611474138902
11 0.43483533995068413 0.3530619568782635 0.08145054201145392 0.08624793094579868
16 0.5145228399506842 0.35120720972805514 0.08223179201145392 0.08626611474138901
113 0.4353796852721391 0.4405255892870829 0.07910679201145392 0.08619337955902787
10 0.5119603666056847 0.4371810773192357 0.07829827001113579 0.08383144576343753
110 0.4344069839274579 0.524119339287083 0.07517327001113579 0.08375871058107656
111 0.5094615279280943 0.5176861949104162 0.08138690734404505 0.08077918094579868
85 0.4327075765834129 0.6030437730826732 0.07751702001113578 0.08381326196784719
99 0.5100876892505039 0.5981185773192357 0.07510963534372675 0.07828996058107655
53 0.4333701005729134 0.6803511554914927 0.07587270401018138 0.07674564437666671
72 0.5076161225732315 0.6762799449104162 0.07354713534372692 0.0782535929898959
9 0.43245194322886843 0.7592574054914927 0.07597270134468133 0.08533939437666689
35 0.5066797838956412 0.7567486949104163 0.07520054201145392 0.08610246058107655
275 0.43431334054746007 0.8677784203091315 0.07281133867759042 0.08214165919430556
264 0.5046258405474601 0.8661418787060065 0.07281133867759042 0.08214165919430556