273 0.50078125 0.28359375 0.1453125 0.19609375
9 0.4546875 0.478125 0.03984375 0.08984375
35 0.4984375 0.478125 0.04375 0.08515625
53 0.5421875 0.47890625 0.04140625 0.0875
72 0.4546875 0.578125 0.03984375 0.08984375
85 0.4984375 0.57578125 0.04140625 0.08515625
99 0.540625 0.57578125 0.0421875 0.08125
110 0.45625 0.67421875 0.04140625 0.08515625
111 0.4984375 0.67265625 0.03984375 0.08359375
113 0.53984375 0.67265625 0.04140625 0.08359375
276 0.45625 0.76640625 0.04140625 0.08359375
8 0.49765625 0.76640625 0.04140625 0.08359375
0 0.53828125 0.76484375 0.03984375 0.08359375
131 0.49765625 0.87578125 0.12578125 0.08984375