270 0.4758855976190497 0.80625 0.05219235811184948 0.05859375
270 0.6409691795127375 0.834375 0.053854987661498835 0.06015625
270 0.6452444717700281 0.91328125 0.052042163787375625 0.05625
270 0.4851289921280938 0.87734375 0.0487669694629016 0.05390625
259 0.4659412962624604 0.72421875 0.06614423658176456 0.08125
264 0.5520988417589535 0.73984375 0.06498225478036197 0.0875
275 0.6396686929309727 0.753125 0.06639456045588794 0.08515625
111 0.4582990630767817 0.21484375 0.08609579117755643 0.1
99 0.4701155474990781 0.33828125 0.07843348550203047 0.10234375
110 0.5771165191214479 0.35 0.08140829117755644 0.1
53 0.4819623102990045 0.45 0.07148257865448535 0.09140625
85 0.5817818375969004 0.459375 0.07319527297895938 0.09375
9 0.49164579580103496 0.55234375 0.07410693090623859 0.08359375
35 0.5852153230989309 0.56171875 0.066694949104836 0.08984375
177 0.49901580968069564 0.64296875 0.06458173658176473 0.08125
252 0.5904418460778902 0.65546875 0.068257449104836 0.08984375