260 0.3762083128535642 0.29590015102884965 0.07996028763096845 0.11771634890464337
266 0.43636456285356423 0.2976505191338229 0.08034269988378444 0.12318509890464338
266 0.4937782251063803 0.2938412090255508 0.07147579827463009 0.11902879631821861
266 0.546613648002858 0.28833300659741057 0.07069454827463009 0.11900606426490726
266 0.4846931661880884 0.4125684769722394 0.07260125569998319 0.11282426042484132
266 0.5395991874754118 0.41103472070403324 0.06756954827463027 0.11891513605166182
266 0.47789722694796577 0.5321451910788622 0.07042139666547591 0.11509981426490726
266 0.5312953785571201 0.5297847207040333 0.06662440730913755 0.11654865399835046
9 0.371155190073302 0.42413881129540637 0.07756190730913755 0.1168669027447093
35 0.42935010232611803 0.42035223324044557 0.07160148441265975 0.10967652837152997
259 0.366031011476841 0.5421984895086517 0.07589014666547574 0.11525893863808676
264 0.4228273146951496 0.5360226973470683 0.07103875569998319 0.1127787963182186