10 0.13203125 0.13984375 0.22578125 0.14296875
11 0.8546875 0.14375 0.2109375 0.13515625
111 0.15625 0.290625 0.203125 0.11875
113 0.8125 0.29375 0.18984375 0.125
99 0.18984375 0.4140625 0.18046875 0.10234375
110 0.78359375 0.41953125 0.16953125 0.10546875
72 0.21015625 0.51640625 0.1640625 0.09140625
35 0.23359375 0.60390625 0.146875 0.08125
260 0.25546875 0.67421875 0.1296875 0.07109375
248 0.29375 0.78125 0.128125 0.06796875
275 0.4890625 0.73125 0.12265625 0.07734375
85 0.75234375 0.51796875 0.15234375 0.0953125
53 0.72578125 0.6015625 0.1296875 0.0765625
260 0.71171875 0.67421875 0.14296875 0.07109375
134 0.675 0.77890625 0.11484375 0.06640625