10 0.12877635058934017 0.1490762743894166 0.22910888459302092 0.15875691300912073
11 0.8513416816113887 0.20351557208296905 0.21408329663711817 0.14990643689433422
111 0.1494856280404164 0.3015510643661735 0.20588893692972232 0.1329538836760255
113 0.8056628928580553 0.3505655347041022 0.1927531572944446 0.13827516820490082
99 0.18020633833715244 0.4273376682049008 0.18285082722232646 0.1149633543429303
110 0.7738290517680204 0.4743254627963601 0.17198606240468753 0.11732352983729832
72 0.19813676111482595 0.5311018065725033 0.16619000408406256 0.10287861758448216
35 0.21953767600871474 0.6202407162274294 0.148766114741389 0.0915205005042031
260 0.2397761344055897 0.6920828652386937 0.13134222539871532 0.08016238342392405
248 0.27556620440972157 0.8017910010084062 0.12970699021635426 0.07692812278026225
275 0.47204246732749944 0.7654485814661232 0.12445644576343753 0.08592071052744625
85 0.7402878935236454 0.5705777499231255 0.15456217306201392 0.1059654127570191
53 0.7117797273954857 0.652314068980876 0.1314695119678472 0.08563113342392406
260 0.6960261344055898 0.7239869731879203 0.14462347539871523 0.08109109889504876
134 0.6568707557964923 0.8261068480618696 0.1163893726251736 0.07443690730913773