10 0.12143452427040935 0.15062136652011823 0.23661477406991666 0.1613991119781904
11 0.8437947763450019 0.21351752942609084 0.2211790282191018 0.1523749272806622
111 0.13422775434967754 0.30337957576345354 0.21212333693238983 0.1353309484924896
113 0.7902409560093515 0.36007379396995837 0.19931568361304172 0.14049680955259608
99 0.15846796990679865 0.4295593095525961 0.18822389564567804 0.11707528500678883
110 0.7518035728112281 0.48349544745371953 0.1775231939860042 0.11930746470334697
72 0.17102532426112058 0.533561154401845 0.17098885145453688 0.1047985545516262
35 0.18783247073199125 0.622974340766363 0.15303175684847722 0.09323930121764619
260 0.20437950807465516 0.6950724813732465 0.13507466224241763 0.08168004788366652
248 0.234550414918488 0.8052286024352927 0.13327536390209155 0.07842750212603207
275 0.43365168836370477 0.7711718221396096 0.12851700892306966 0.08735609197431096
85 0.7130944250909576 0.5793820323010287 0.1595660993799445 0.1077482113693673
53 0.6801975694872358 0.6608075044212416 0.13548905933798813 0.08714879788366652
260 0.6606295080746551 0.7323158426025309 0.14835591224241754 0.08276418682355988
134 0.6159780136737325 0.8340060172981193 0.11987571473192844 0.07578086318613834