290 0.41956483497600683 0.3622116681968065 0.030958905767811018 0.034390846516238936
266 0.4652277883997794 0.371379245168208 0.03345285009228505 0.036925915152690704
113 0.4239099784053167 0.45427162243917196 0.027002590992986342 0.03329073212215263
110 0.42664375462347853 0.4848041453179892 0.026802331893687636 0.030165732122152632
85 0.4278150308416402 0.5152091224391719 0.02753351711886296 0.02944825500096986
53 0.43049874228497736 0.5449603953179892 0.026752267118863138 0.02938448212215263
9 0.43313238895348977 0.5739304181968066 0.027483452344038463 0.02866700500096986
10 0.46854135795496604 0.45946917653175623 0.027483452344038463 0.02866700500096986
111 0.4703436898486538 0.48759417653175624 0.02753351711886296 0.02944825500096986
99 0.47214602174234155 0.5157191765317563 0.02513970234403846 0.028475686364518006
72 0.47399841841085405 0.5446254265317563 0.02513970234403846 0.028475686364518006
35 0.47565055598006784 0.5704066765317563 0.022645758019564432 0.02594061772806615
252 0.4775029526485802 0.5993129265317563 0.022695822794389107 0.026721867728066152
260 0.439440550581397 0.6723679181968065 0.030708581893687813 0.030484596516238936
260 0.4824896437338517 0.6650016994105735 0.026752267118863138 0.02938448212215263
260 0.4668436597729807 0.7119086503189591 0.023176684145441228 0.022098140606883553