290 0.3984375 0.3296875 0.02890625 0.03203125
266 0.44375 0.33515625 0.03125 0.034375
113 0.396875 0.421875 0.025 0.03125
110 0.39765625 0.45234375 0.025 0.028125
85 0.396875 0.4828125 0.02578125 0.02734375
53 0.39765625 0.5125 0.025 0.02734375
9 0.3984375 0.54140625 0.02578125 0.0265625
10 0.44140625 0.4234375 0.02578125 0.0265625
111 0.44140625 0.4515625 0.02578125 0.02734375
99 0.44140625 0.4796875 0.0234375 0.0265625
72 0.44140625 0.50859375 0.0234375 0.0265625
35 0.44140625 0.534375 0.02109375 0.02421875
252 0.44140625 0.56328125 0.02109375 0.025
260 0.3984375 0.63984375 0.02890625 0.028125
260 0.4421875 0.62890625 0.025 0.02734375
260 0.4234375 0.67734375 0.021875 0.0203125