259 0.48828125 0.11875 0.2171875 0.0890625
275 0.48359375 0.28671875 0.20234375 0.07578125
264 0.48125 0.3640625 0.196875 0.06953125
46 0.5328125 0.4359375 0.08359375 0.06484375
43 0.53046875 0.50546875 0.08125 0.06015625
38 0.52734375 0.56953125 0.08046875 0.05625
36 0.5234375 0.63125 0.075 0.05546875
26 0.521875 0.690625 0.0765625 0.05390625
24 0.51875 0.74921875 0.071875 0.05234375
16 0.5171875 0.80234375 0.07109375 0.05078125
10 0.4296875 0.4359375 0.08515625 0.06484375
111 0.428125 0.50625 0.08515625 0.0609375
99 0.4265625 0.57265625 0.0828125 0.05859375
72 0.4265625 0.63515625 0.07734375 0.05625
53 0.4265625 0.69453125 0.0765625 0.05546875
35 0.42578125 0.7515625 0.07265625 0.05
9 0.425 0.80703125 0.07578125 0.05
319 0.4703125 0.85859375 0.07421875 0.04765625
272 0.46640625 0.9640625 0.0453125 0.03671875