259 0.48966303134945377 0.14149206472058046 0.21822383601209036 0.09917817038771419
275 0.4869300247055891 0.3092424908992629 0.20322554467695397 0.0852055616202085
264 0.48548625071608864 0.3864770789886041 0.19768406934277233 0.07870085049533806
46 0.5378850920591791 0.4607536410230974 0.08434827534213589 0.06873719148016341
43 0.5363504114019514 0.5301757291124385 0.08194998134149963 0.06394052956950454
38 0.5339708460773146 0.5940926798982269 0.08112327800763594 0.05999789226595169
36 0.5307827587523597 0.6556294933804623 0.07564543734086335 0.05896193114108108
26 0.5299111494270866 0.7149317187733564 0.07718975600731781 0.05747220574818694
24 0.5274679494350407 0.7733799195591446 0.07248407467377245 0.05569138192686936
16 0.5265236147755858 0.8264321449520388 0.07168464334022691 0.054092494623316514
10 0.4347600920591791 0.4559505169541108 0.0859107753421359 0.06880996608726928
111 0.43401575206872406 0.526190242347005 0.08586532200827221 0.06490371608726928
99 0.4332259587444055 0.5925237177398991 0.08349430000795408 0.0624508041766104
72 0.43395321208622334 0.6550237177398991 0.07799827800763595 0.05985234305173996
53 0.43464410276095017 0.714398717739899 0.07720793734086336 0.05903470574818694
35 0.434526471435359 0.7713935804363461 0.07323805267345414 0.05338401923042237
9 0.43439065877622224 0.8268259431327932 0.07636305267345414 0.053529568444633926
319 0.48030314278322184 0.8804989067388631 0.074773280673136 0.05111304383752824
272 0.4776241327975394 0.9831855567090318 0.04573976133831792 0.03362888658193626