259 0.4965850589182919 0.08175025932405501 0.22341535668871887 0.10551998465266033
275 0.5036430781119284 0.2500742068345441 0.2076428912175942 0.09111394253611156
264 0.5067077299731843 0.3275955555897886 0.20173709864294728 0.08444954544054104
46 0.563296219581624 0.39556338297440885 0.08812806671196202 0.07117810560372177
43 0.5658145682245712 0.4652722317296534 0.08545653478097677 0.06631300684847723
38 0.5671692546147025 0.5295715300699795 0.08440213317182241 0.06234755726339571
36 0.5675788000393409 0.5915862779953869 0.07887875284999168 0.061151910167825105
26 0.5701682044984869 0.6510796771655499 0.08033199220632987 0.05970780933798814
24 0.571140478635802 0.709910225505876 0.07553523156266806 0.05779011182749905
16 0.5732928405203009 0.7631536246760391 0.07464472091900642 0.05616841224241753
10 0.46017121958162405 0.4033777282051684 0.08969056671196203 0.0712965047738848
111 0.46352544854640215 0.4738086273753314 0.08941741510280768 0.0673902547738848
99 0.4666065259020259 0.5403332765454945 0.08690977413731496 0.06486890601864026
72 0.47097695164849523 0.6028332765454945 0.08127713317182242 0.06211075892306965
53 0.4751288561076413 0.6622082765454944 0.08044125284999168 0.06127030933798814
35 0.47833561960129456 0.719298726130576 0.07615259059717552 0.05550556141258056
9 0.48143312245128617 0.7748266757156574 0.07927759059717551 0.055742359752906624
319 0.5303512236921234 0.8229555997809298 0.07755119963168297 0.05328021058274359
272 0.5338200671392904 0.9287203477063372 0.047880125126050645 0.04015232593472788