275 0.5356540473026833 0.26972076350509744 0.041515885343726924 0.07987868969849794
264 0.6004887066359105 0.2757951624469307 0.04078008867759042 0.08372116681968063
110 0.5350615119350939 0.5222558321415492 0.04464088534372692 0.0801337812137671
85 0.534106991923958 0.6042870821415492 0.044595432009863246 0.0762275312137671
99 0.5966342639242763 0.6070451624469306 0.04307838534372692 0.08000623545613231
53 0.5339519032463677 0.6848196050203665 0.04225168200986325 0.07603621257731526
72 0.5972695159134586 0.6868602082045652 0.04305111334340861 0.0776624854561323
9 0.5329792019016864 0.7684133550203665 0.04306929467695397 0.0792249854561323
35 0.5962877239020046 0.7712352082045651 0.04148861334340861 0.07753493969849785
121 0.5328150225573232 0.8497271278991837 0.04148861334340861 0.07753493969849785
120 0.5969138852244141 0.8518315039621998 0.041470432009863244 0.07597243969849785