53 0.3801073891239072 0.253311060791924 0.2827575056999832 0.12054071161023057
277 0.38828015806544214 0.3478968744942548 0.27082023441265973 0.11700648384274918
119 0.3942184376506389 0.44396334264308945 0.2700389844126597 0.11697920199158389
275 0.40077407627034295 0.5377133426430893 0.2720003221598436 0.11159229754508004
275 0.4079470739245544 0.6291468744942549 0.2702193008725201 0.10841273384274927
35 0.678178538387273 0.3587996912766286 0.2763436147344905 0.11797870680090713
129 0.6840621876506388 0.45408490942546315 0.2741091253781523 0.119459361247411
264 0.6898365762703429 0.5478076275742978 0.2763436147344905 0.11797870680090713
264 0.6916500845682163 0.6406126864673052 0.2718910615161819 0.11002979754508005
267 0.41619625252101544 0.7471156244942548 0.2644063434471672 0.11444447903342585
259 0.4225333698533961 0.8377406244942549 0.26246143119435106 0.10892116533109472
274 0.7015163934865081 0.7594172501696359 0.2769609737689979 0.1156622386520727
288 0.7016035108188887 0.8498239953603125 0.26803944183801265 0.11067463828925313