275 0.41051629968343084 0.13874675399151376 0.09677336309040836 0.10772626977166348
264 0.5504737099499876 0.1405387001509118 0.08739836309040819 0.10734426779449713
85 0.4125859503830761 0.3633156724705829 0.0966369707705402 0.10303876977166349
10 0.5483105017158596 0.34929161764139777 0.0887790066639175 0.1011579347906915
72 0.4162301244396864 0.4800084239534577 0.09353470282385157 0.10369268577927464
113 0.5451052821989606 0.4594478676413978 0.08234715023742681 0.09465326680591399
53 0.4177351369760987 0.5895744249420408 0.08953752461060631 0.10040851828878879
111 0.5420819191085524 0.5633541176413978 0.08071645407749273 0.09224584980971962
35 0.41944473799231313 0.6921091759306239 0.08538122202418137 0.09165560079830275
110 0.5399989303913234 0.6618234511394949 0.07759145407749272 0.09211851581733085
9 0.42292142748832956 0.7876763439154015 0.08218802586424748 0.089184516805914
99 0.5389472442605193 0.7517308681356893 0.07819084765100222 0.08590034931542796
119 0.4250402054641481 0.8761485949039848 0.08042093738444542 0.08208959980971961