275 0.4140625 0.121875 0.09375 0.10390625
264 0.55390625 0.11796875 0.084375 0.10390625
85 0.42265625 0.34609375 0.09375 0.09921875
10 0.5578125 0.3265625 0.0859375 0.09765625
72 0.4296875 0.4625 0.090625 0.1
113 0.5578125 0.43671875 0.0796875 0.09140625
53 0.434375 0.571875 0.08671875 0.096875
111 0.5578125 0.540625 0.078125 0.0890625
35 0.4390625 0.67421875 0.0828125 0.08828125
110 0.55859375 0.6390625 0.075 0.0890625
9 0.4453125 0.76953125 0.0796875 0.0859375
99 0.56015625 0.72890625 0.07578125 0.0828125
119 0.45 0.8578125 0.078125 0.07890625