273 0.3749615814201731 0.22740216943047126 0.24560933135366608 0.2347410504177419
131 0.2301635584589195 0.18882378357464688 0.06800350541027633 0.11123593034206727
275 0.7954535893377319 0.12365249794847158 0.07812866316955044 0.1373991823192336
264 0.7788247158224824 0.2928800004199295 0.07229620031656907 0.12467634783255317
263 0.6314268785963215 0.31683344806220226 0.08701792986259811 0.14790560079830276
9 0.348297163698276 0.634257005894318 0.06942961309040827 0.10661209733826169
35 0.42249318164496463 0.6320140735750843 0.06878475541027633 0.1112677638401646
53 0.49615800217807815 0.621209224753948 0.06708586309040818 0.10651659684397004
72 0.5681466624446347 0.6143742929290059 0.06701766693047428 0.10417284684397003
85 0.6425700009244368 0.6043188606097724 0.06623641693047429 0.10414101334587293
99 0.7162348214575502 0.593514011788636 0.06462845282385174 0.10251484634967838