260 0.296875 0.3132663060494383 0.04921875 0.07276769136548786
316 0.3484375 0.30749479604749863 0.04921875 0.07198644136548786
25 0.3234375 0.4009417781696512 0.09921875 0.07294290560979295
11 0.29921875 0.4654187374129865 0.04921875 0.06886144136548786
24 0.35 0.459711000289864 0.046875 0.066326372729036
10 0.29921875 0.5286999874129865 0.04921875 0.06886144136548786
23 0.35 0.5229922502898641 0.046875 0.070232622729036
113 0.3 0.5919174645341692 0.04921875 0.06808019136548786
22 0.35 0.587054750289864 0.04765625 0.06873389560785341
111 0.3015625 0.6566336687765346 0.0484375 0.06879766848667064
20 0.35078125 0.6494909774110468 0.04765625 0.06873389560785341
110 0.3015625 0.7191336687765346 0.04765625 0.07029639560785342
16 0.35078125 0.7143347274110468 0.0484375 0.07270391848667064
99 0.30078125 0.784822441655352 0.0484375 0.07036016848667064
85 0.32734375 0.845935413775565 0.09765625 0.07281535985215867
72 0.32734375 0.9099979137755648 0.09609375 0.07190656409452387