334 0.36748988342154754 0.2187478414752868 0.11786793231923358 0.08023745590203682
259 0.6442433844101307 0.20894131501732077 0.13303001730020547 0.08882788387576941
43 0.38332442494204083 0.4152134056996381 0.1138980153230392 0.07847023801421252
39 0.3890743592384408 0.49868432496694337 0.11308493182494192 0.07764804443664737
42 0.6470924476794538 0.5094326379480993 0.13062260030401127 0.08714255314307487
37 0.39394754304054913 0.5798524378118136 0.11289393083635879 0.07296054443664737
28 0.40185022634836587 0.6585130263464244 0.11220818133065044 0.07526335085908258
152 0.4041886591618911 0.7351164699239894 0.11298943133065045 0.07530429443664736
264 0.41097451144306857 0.8247964456137298 0.10905134783255335 0.07431832654882306
38 0.6512480484777565 0.5922041943705343 0.12646168231923358 0.08068783525525056
36 0.6523104827741565 0.675920775103229 0.12411793231923358 0.08056500452255584
26 0.654871750074362 0.7579929686807938 0.12255543231923358 0.0804831173674259
275 0.6570974363479284 0.8510436058359236 0.11868101581733086 0.0810596494796016