259 0.41831808951900856 0.04131321960403801 0.12117632096198286 0.08262643920807602
263 0.6600505632106494 0.04474698249198683 0.10489887357870131 0.08949396498397366
99 0.2885256317535577 0.1731448010036411 0.11963620776545092 0.1398388047166562
85 0.2777183924180758 0.3185391465571374 0.11610168408792756 0.1326984273119945
72 0.268003216222656 0.4451834921106337 0.10806937620953719 0.11526539065150558
53 0.2602600637047595 0.5647420239617992 0.09906610253201391 0.107934040288686
35 0.25554320064940195 0.6724999602594682 0.09001732622365459 0.09982143992586608
9 0.24746611916407546 0.7710193058129645 0.09420429728445949 0.09139138103285874
275 0.32844383240295966 0.8531745521847676 0.07876901308359248 0.08071677586071573
264 0.49641258240295966 0.8473089541842004 0.07876901308359248 0.08071677586071573
11 0.5146786080760345 0.172264314165667 0.12289771565795853 0.1422916821213179
10 0.4953686240022243 0.316396260081983 0.11017790777956833 0.12469495435383653
113 0.472880432021789 0.4481646152541261 0.10260062620953718 0.11507441769334754
111 0.4584700505505799 0.5617186837657804 0.09401458148532633 0.10152034918169335
110 0.4398271953877301 0.6676239433844272 0.0937870683311468 0.09761409918169335
24 0.7413853212443314 0.17526279547652748 0.11012469987294296 0.13716767250267106
23 0.7050243450630291 0.3176511921184829 0.10443614199455276 0.11981648139567849
22 0.6775224293909531 0.441798020248784 0.10012036831702957 0.11264882213985139
20 0.6503390321347284 0.5604760983790852 0.10223660516284987 0.10882441769334754
16 0.6240201848643864 0.6643104265093862 0.0817953025461314 0.09251737141421187