259 0.42109375 0.04765625 0.115625 0.0953125
263 0.66328125 0.05546875 0.0984375 0.1109375
99 0.29921875 0.18359375 0.11171875 0.1359375
85 0.296875 0.32890625 0.10859375 0.12890625
72 0.29453125 0.45546875 0.1015625 0.11171875
53 0.29375 0.575 0.09296875 0.1046875
35 0.2953125 0.6828125 0.084375 0.096875
9 0.29296875 0.78125 0.0890625 0.08828125
275 0.37890625 0.86640625 0.07421875 0.078125
264 0.546875 0.86640625 0.07421875 0.078125
11 0.52578125 0.190625 0.11484375 0.13828125
10 0.51484375 0.334375 0.103125 0.12109375
113 0.5 0.465625 0.09609375 0.11171875
111 0.4921875 0.57890625 0.08828125 0.0984375
110 0.4796875 0.684375 0.08828125 0.09453125
24 0.753125 0.2015625 0.10234375 0.13359375
23 0.725 0.34296875 0.09765625 0.11640625
22 0.7046875 0.46640625 0.09375 0.109375
20 0.684375 0.584375 0.09609375 0.10546875
16 0.6640625 0.6875 0.0765625 0.08984375