272 0.3397841417851354 0.15642613710812658 0.07219770774732641 0.0579786803072194
272 0.5101511839396131 0.15299858066218985 0.07218407220870696 0.05563493030721935
263 0.5744449672152963 0.24979422430892034 0.10750394867214012 0.08498761360966363
35 0.3752251754536019 0.511641915964067 0.09727497579950314 0.0721329495445131
51 0.5807666483262389 0.5063170428205745 0.09570338544042371 0.07051588584218216
277 0.3841592930382404 0.5877505481780523 0.09726134026088377 0.0697891995445131
33 0.5826695159108775 0.5821801383740709 0.09254656918364486 0.06493800843752044
275 0.3930661395456402 0.6685466803920374 0.09176531918364486 0.06491072658635506
275 0.3989207089256768 0.7367336852013608 0.08940338846548572 0.06170388103285873
259 0.40864516686939495 0.8113070992665113 0.08781816256778666 0.05774306733052796
264 0.5829735220591974 0.6642386702252364 0.0917698643631848 0.06569197658635506
264 0.5872701366187739 0.7315898613322289 0.09095679810640611 0.0601959447351895
266 0.6838745093697739 0.24423868347208028 0.0965391775949012 0.07991816769334763
266 0.47448483206946024 0.5080754610620766 0.08709145472226432 0.06709078547936258
266 0.48106156411547935 0.5864459977225653 0.08709145472226432 0.06709078547936258
266 0.4860530702637994 0.6686682206807234 0.08709145472226432 0.06709078547936258
266 0.48643888964383597 0.7366642525318887 0.08709145472226432 0.06709078547936258
266 0.4977167572284745 0.8128547302993703 0.08709145472226432 0.06709078547936258
266 0.6792359645830175 0.5042858060674187 0.08709145472226432 0.06709078547936258
266 0.6795717869881163 0.5808755879185841 0.08709145472226432 0.06709078547936258
266 0.6767462479568965 0.6636062423650877 0.08709145472226432 0.06709078547936258
266 0.6748064980550924 0.728395428662757 0.08709145472226432 0.06709078547936258