272 0.340625 0.14453125 0.071875 0.05546875
272 0.5109375 0.13515625 0.071875 0.053125
263 0.57578125 0.2296875 0.10703125 0.08125
35 0.378125 0.4984375 0.096875 0.06875
51 0.58359375 0.4859375 0.0953125 0.0671875
277 0.3875 0.57421875 0.096875 0.06640625
33 0.5859375 0.56171875 0.0921875 0.06171875
275 0.396875 0.6546875 0.09140625 0.06171875
275 0.403125 0.72265625 0.0890625 0.05859375
259 0.41328125 0.796875 0.0875 0.0546875
264 0.58671875 0.64375 0.09140625 0.0625
264 0.59140625 0.7109375 0.090625 0.05703125
266 0.68515625 0.2203125 0.09609375 0.0765625
266 0.47734375 0.49140625 0.08671875 0.0640625
266 0.484375 0.56953125 0.08671875 0.0640625
266 0.48984375 0.6515625 0.08671875 0.0640625
266 0.490625 0.71953125 0.08671875 0.0640625
266 0.50234375 0.7953125 0.08671875 0.0640625
266 0.68203125 0.48046875 0.08671875 0.0640625
266 0.6828125 0.55703125 0.08671875 0.0640625
266 0.68046875 0.63984375 0.08671875 0.0640625
266 0.67890625 0.7046875 0.08671875 0.0640625