72 0.55625 0.325 0.0890625 0.1375
85 0.6328125 0.31875 0.0921875 0.1375
35 0.553125 0.44296875 0.0875 0.12265625
53 0.63203125 0.43828125 0.08515625 0.11875
119 0.55390625 0.55390625 0.084375 0.10859375
277 0.62734375 0.546875 0.08203125 0.11015625
259 0.55390625 0.67890625 0.075 0.10859375
263 0.625 0.675 0.0796875 0.1125
275 0.553125 0.77421875 0.08046875 0.11015625
264 0.62109375 0.76875 0.0734375 0.10859375
272 0.521875 0.95859375 0.06328125 0.07109375
272 0.58359375 0.959375 0.03828125 0.06875
272 0.64609375 0.95390625 0.0375 0.07109375