72 0.5600317173774525 0.33147255474217835 0.09066245735199914 0.13853633601209037
85 0.6365214920432708 0.3261134400859051 0.09378745735199914 0.13857269867918126
35 0.5582794080601337 0.44940494207508747 0.08892723468331738 0.12367440467854482
53 0.6371311140594973 0.44563559941913244 0.0865380313494537 0.11974088267822669
119 0.5603515327418602 0.5603515327418602 0.08563860268140858 0.10957554201145392
277 0.6337072167409057 0.5541748054184961 0.08331303401495375 0.11111077001113578
259 0.5618060394254958 0.6853515327418602 0.07626360268140839 0.10946645401018137
263 0.6328543360916321 0.682272533418178 0.08099655601527207 0.11342724801081765
275 0.5621338507717679 0.7806549420750875 0.08175053401495376 0.11109258867759024
264 0.6300389661043588 0.7759770800843142 0.07470110268140857 0.10944827267663584
272 0.5330292481301304 0.9643756341999417 0.06410850067631771 0.0712487316001166
272 0.594757088796903 0.965784003371646 0.03908122867599957 0.06843199325670782
272 0.657193454129494 0.9614242314210415 0.0383272506763177 0.07153010200509087