273 0.5361296160718729 0.30567338364862684 0.2816648992633658 0.10972463930283638
9 0.44991932844090454 0.4172040258921392 0.07453546027534479 0.05294461555840364
35 0.5226848390845662 0.41944927860567266 0.07844171027534479 0.05314933344622812
53 0.5969035890845662 0.4233389184743358 0.07693384059717552 0.05384869629109836
72 0.4454232165564055 0.4702880823145743 0.07822318898802116 0.05002433344622812
85 0.5173528468782365 0.4732736414505429 0.07280906930985206 0.050518978403273886
99 0.5907357165564056 0.47790358774164127 0.07520744963168298 0.051423059135968605
110 0.44332548499373736 0.522713719469704 0.07280906930985206 0.050518978403273886
111 0.5129113653155682 0.5255764478729781 0.07119193898802116 0.04965584124814413
113 0.58098937595923 0.5275760391211223 0.07666068898802117 0.04994244629109836
276 0.43921178536205446 0.5703290258921392 0.07660605866619026 0.049161196291098365
8 0.5088522960057162 0.5724105042954132 0.06957480866619026 0.04879270409301437
0 0.5776022960057162 0.5760135391211223 0.06895744963168297 0.05109551051544958
131 0.5040830325120629 0.6294008107178483 0.20863730866619026 0.05608066089956232
275 0.30701773633111973 0.9021378686106214 0.15484031930985206 0.054818054047586176
264 0.6469707469747814 0.9183858248513423 0.13687156930985206 0.05387635176359353