262 0.30859375 0.07890625 0.05703125 0.07421875
259 0.37109375 0.08515625 0.05390625 0.07421875
26 0.31171875 0.20234375 0.0546875 0.06875
28 0.371875 0.20546875 0.053125 0.06484375
24 0.31328125 0.28515625 0.05546875 0.06796875
25 0.375 0.284375 0.05234375 0.06640625
22 0.31484375 0.3640625 0.0546875 0.06640625
23 0.37578125 0.3625 0.0515625 0.0640625
16 0.3171875 0.44375 0.05390625 0.0640625
20 0.37734375 0.43828125 0.05078125 0.0640625
10 0.31875 0.5203125 0.05390625 0.06640625
11 0.37890625 0.5140625 0.05078125 0.0640625
111 0.31953125 0.59765625 0.053125 0.06796875
113 0.37890625 0.58671875 0.05078125 0.0640625
99 0.32109375 0.6734375 0.053125 0.06640625
110 0.3796875 0.659375 0.05 0.0640625
72 0.32265625 0.74609375 0.05234375 0.06796875
85 0.38046875 0.73203125 0.0484375 0.06484375
35 0.32421875 0.8203125 0.05234375 0.06796875
53 0.38125 0.80390625 0.05 0.06640625
119 0.325 0.89296875 0.05078125 0.0703125
152 0.3828125 0.875 0.04921875 0.06796875
264 0.38359375 0.9703125 0.04765625 0.05625