262 0.3099710637169922 0.07531543662477466 0.05832674310014117 0.07488236867440874
259 0.3725801578727935 0.08083818328295686 0.055201743100141164 0.07484600600731786
26 0.31525067329406903 0.19871657395768377 0.055887535713814974 0.06938634667409058
28 0.3754614703719697 0.20114159261618414 0.05425685186643907 0.06546191534054513
24 0.31825867085843706 0.28151089262413836 0.05665514894433983 0.06861418734086336
25 0.3799637840889619 0.28001147994909326 0.05350287540538936 0.06701532467377244
22 0.3211984845754292 0.3603989612905929 0.05584662540538945 0.06704259667409058
23 0.38210871103647887 0.3581273892823205 0.052680715096964016 0.06466248400699967
16 0.32493318506189656 0.44005918929027477 0.055024465096963925 0.06468975600731781
20 0.38499397767557036 0.4338904579487751 0.05189946509696393 0.06465339334022709
10 0.3278320884704632 0.5166035079567293 0.05506537540538945 0.0670335060073178
11 0.3878792443146618 0.5096535266152296 0.05189946509696393 0.06465339334022709
111 0.32996337864850506 0.5939381672899565 0.054311398944339825 0.06858691534054503
113 0.38914746387585264 0.5823097766152296 0.05189946509696401 0.06465339334022709
99 0.33284864528759656 0.6697012359564111 0.05428412540538945 0.06702441534054522
110 0.3911969334370434 0.6549569359484569 0.051118215096964015 0.0646443026734543
72 0.33567936484878735 0.7423393046228657 0.05353014894433983 0.06857782467377245
85 0.3932464029982343 0.7276040952816842 0.04956935186643907 0.06540737133990895
35 0.3385373579489285 0.8165398732893202 0.05353014894433983 0.06857782467377227
53 0.3952822357899499 0.7994700046149115 0.05115912540538945 0.06698805267345413
119 0.3405868275101193 0.8891870326225476 0.05200855925276535 0.07090339334022673
152 0.3980856818121904 0.8705455732813661 0.050405148944339825 0.06854146200668154
264 0.4005306176881612 0.9658489826145933 0.04863809740221221 0.056804530673136