99 0.541532289506146 0.1821958382987382 0.0388661818249421 0.07354881596343472
85 0.5386672746773983 0.2525083382987382 0.03776659684397003 0.06569992865988183
72 0.5343670938410394 0.319768612905844 0.03870701433445589 0.06964256596343468
53 0.5316612465027779 0.386174862905844 0.04014218034206714 0.06659034057054054
35 0.5273928991645163 0.4526538875129499 0.03685801285158128 0.06253854135632882
9 0.5246552183281574 0.51984138751295 0.037862097338261694 0.06804367865988184
16 0.601688539506146 0.1793940159251627 0.037862097338261694 0.06804367865988178
11 0.5965116081754955 0.2490344278358215 0.039360930342067134 0.0665539532669877
10 0.5913983438410395 0.31711233974648023 0.03926542984777566 0.0642102032669876
113 0.5878794130046806 0.3843362270500332 0.03776659684397003 0.06569992865988175
111 0.5853327331569049 0.44683622705003323 0.03857968034206714 0.06651756596343468
110 0.5817819688224489 0.5148413643535861 0.03779843034206713 0.06648117865988183
275 0.5186532746402173 0.6480027748165028 0.035454680342067314 0.06637201674922295
264 0.5741538581383144 0.6446380262642449 0.04020584733826169 0.06815284057054072