99 0.55 0.2078125 0.0359375 0.071875
85 0.55 0.278125 0.03515625 0.0640625
72 0.5484375 0.3453125 0.0359375 0.06796875
53 0.5484375 0.41171875 0.0375 0.06484375
35 0.546875 0.478125 0.034375 0.0609375
9 0.546875 0.5453125 0.03515625 0.06640625
16 0.61015625 0.2078125 0.03515625 0.06640625
11 0.6078125 0.27734375 0.03671875 0.06484375
10 0.60546875 0.3453125 0.03671875 0.0625
113 0.6046875 0.4125 0.03515625 0.0640625
111 0.6046875 0.475 0.0359375 0.06484375
110 0.60390625 0.54296875 0.03515625 0.06484375
275 0.54609375 0.6734375 0.0328125 0.06484375
264 0.6015625 0.67265625 0.0375 0.06640625