273 0.4598015528177396 0.22347180690147947 0.10889637268015626 0.3287037902288585
273 0.6673585924734533 0.2385730109726379 0.08542166714519332 0.3036820108957633
259 0.4206596302302506 0.6525090968782364 0.03480407513507622 0.05932572351689647
259 0.6862027846767542 0.6362785374557415 0.02855407513507622 0.058888680942249395
263 0.4753471302302506 0.6486849743500757 0.033241575135076216 0.059216462873234656
263 0.6456323483790851 0.6375568141909466 0.026964293283910833 0.05799817029858776
275 0.41596715182979704 0.7868840968782363 0.03413195253973793 0.06239609319506556
275 0.6873610021926166 0.7593336252029254 0.02442957032575279 0.05236552933309504
264 0.4715450292344586 0.7798803440282448 0.03256945253973811 0.06228683255140375
264 0.6466541566391204 0.7645181519381306 0.026183043283910835 0.05794353997675685
110 0.440518229327126 0.8872611552923251 0.03583086179556503 0.06641160383872738
342 0.6660638663504345 0.8559026226050352 0.030897825135076218 0.059052571907741935
99 0.4392806223408843 0.9450190249704942 0.03423115626060227 0.04291947351689629
342 0.6661159408525386 0.9213637316395428 0.029335325135076216 0.05894331126408048