273 0.48816746390673593 0.23168385346107442 0.12204647905358286 0.3269929471956095
273 0.6990107981398335 0.25043941825125254 0.09761424150113758 0.3023680834462281
259 0.496330886946323 0.6602968543655855 0.037134069710950436 0.0587508802577247
259 0.7621334857015676 0.6487197879935278 0.030884069710950434 0.05842333163720568
263 0.551018386946323 0.6574308039360443 0.035571569710950435 0.05866899310259512
263 0.7213900865314045 0.6492863540269014 0.02926237012586892 0.057560194482076096
275 0.5065132155803431 0.7946718543655855 0.03658961805127632 0.061834936680159915
275 0.7769557701444464 0.7718706829505736 0.026504223030298313 0.05196861374938137
264 0.561745167240017 0.7886398603584794 0.03502711805127632 0.06175304952502998
264 0.736508368899691 0.7763434989839472 0.028481120125868918 0.057519250904511134
110 0.542393361226021 0.89554163557325 0.03844811597668389 0.06582307383528985
342 0.7662093695243909 0.8681248852345658 0.033227819710950256 0.0585461623699004
99 0.547555380522053 0.9533131919956851 0.03589087842423862 0.042344630257724704
342 0.7735258846712378 0.933627054501871 0.031665319710950254 0.05846427521477082