273 0.35113995058882175 0.5442295215016915 0.0973509987269063 0.45127519970043756
275 0.4561825339354121 0.4380914786189948 0.03829997867599957 0.07181109818322895
264 0.5054649186028211 0.42860503725350696 0.03751872867599957 0.07174732530441155
263 0.6479342292727756 0.39277962330876426 0.04582212468172671 0.11457255409258416
131 0.5523853719366848 0.4208724145244709 0.027952824673772268 0.05457580075860431
120 0.4553269165738679 0.6457764328613603 0.0375096380092268 0.07096607530441154
85 0.5039831399188675 0.5559487872535069 0.03597441000954511 0.0731822795467771
99 0.5509399559198218 0.5450911645244709 0.036737478675999566 0.07168355242559432
110 0.5963251812540037 0.5351423375530693 0.03592895667568143 0.0692760295467771
111 0.6424825659214127 0.5259109877028505 0.03592895667568143 0.0692760295467771
9 0.5038644139083679 0.6332287643746897 0.036737478675999566 0.07168355242559432
35 0.5500308892425496 0.6232161645244709 0.03671020667568144 0.06933980242559432
53 0.5962064552435041 0.6124223146742521 0.03512952534213589 0.06764975666795969
72 0.6408195212444586 0.6017560105816677 0.035147706675681435 0.06921225666795969