273 0.31875 0.25703125 0.25 0.1078125
273 0.35546875 0.69921875 0.18125 0.0546875
9 0.25859375 0.390625 0.05859375 0.040625
35 0.33515625 0.3921875 0.05390625 0.040625
53 0.4125 0.39375 0.05390625 0.040625
72 0.26328125 0.44375 0.05625 0.040625
85 0.340625 0.4453125 0.05625 0.0375
99 0.41484375 0.44609375 0.05390625 0.0390625
110 0.27109375 0.49453125 0.05390625 0.0359375
111 0.34453125 0.4953125 0.05234375 0.034375
113 0.41640625 0.4953125 0.05390625 0.034375
8 0.346875 0.53984375 0.04765625 0.0359375
152 0.28203125 0.584375 0.04765625 0.03125
177 0.41796875 0.5828125 0.04375 0.028125
152 0.228125 0.58515625 0.06875 0.0359375
177 0.36640625 0.584375 0.0625 0.034375
260 0.41640625 0.62421875 0.04609375 0.0328125