312 0.4188188159200693 0.1959740126894236 0.059721145326597204 0.048778388465485635
335 0.5860063159200692 0.1950013442679045 0.09382404160312507 0.07084883118569744
85 0.416382187310972 0.30066151268942354 0.05568760875746541 0.04328691256778665
99 0.5804810549021525 0.2981445249860637 0.054125108757465415 0.04327782220870695
53 0.414818380890208 0.36784901268942355 0.05566942496187508 0.04250566256778665
72 0.5796803146857983 0.3661087298065239 0.053362042553055565 0.04405452702916719
9 0.41329094206062467 0.43347401268942354 0.05966659393982639 0.046434638465485636
35 0.5757727582650343 0.4333098653451433 0.05797680737069442 0.04095679810640611
251 0.4109822532310412 0.49910355786896343 0.05407055737069442 0.04093407220870695
152 0.5742635032310413 0.4981536153451433 0.05563305737069442 0.040943162567786476
177 0.5726996968102773 0.5653411153451433 0.05568760875746541 0.043286912567786474
275 0.4872687302452771 0.6783229043763631 0.05964841014423605 0.04565338846548563
289 0.48401448404499936 0.7845774495559029 0.05576034393982639 0.04641191256778647