312 0.4303670901960187 0.17130239204503397 0.060285224772256465 0.052192358111849566
335 0.5975545901960186 0.16058853023255662 0.09464286660488845 0.07622014342930994
85 0.434022858252186 0.275989892045034 0.056188001814098595 0.04647328423772627
99 0.5980307945498552 0.2639137893318552 0.0546255018140986 0.04637315468807692
53 0.4363690974524129 0.34317739204503395 0.05616071996293322 0.045692034237726276
72 0.6011855656012475 0.3318324745570306 0.05387153366526398 0.04710433991325225
9 0.4386607729503088 0.408802392045034 0.06020337921876031 0.04984860811184948
35 0.6011880548014742 0.3991701688815046 0.05844990626060227 0.044279728562200124
251 0.4401711984482047 0.47447745681985865 0.05454365626060209 0.04402940468807692
152 0.6034524484482047 0.46401391888150456 0.05610615626060209 0.044129534237726274
177 0.6057986876484316 0.5312014188815046 0.056188001814098595 0.04647328423772627
275 0.5269147742162531 0.6490082850129186 0.06017609736759475 0.04906735811184966
289 0.5298438559747514 0.7553083497877433 0.056297129218760136 0.049598284237726276