110 0.46625651862761297 0.22833416669684067 0.06818012357870132 0.11237401985163195
111 0.5664840317817926 0.22675544253239632 0.06542684990117813 0.10528821846486114
113 0.6658847923051363 0.2259397845723617 0.06381884727034208 0.10447060087368057
72 0.4611532477220999 0.38311258567479206 0.06616259727034209 0.10452515226045148
85 0.5564657477220999 0.385331008736806 0.0667541314712091 0.11468140226045147
99 0.6541675003529359 0.3868227331855908 0.06900687620953719 0.11317345364722228
264 0.3650532504941102 0.5287322505686809 0.05936656570031094 0.09500468189572935
275 0.36517580588283893 0.6609453385245837 0.05835780254613132 0.09108024810013901
259 0.36378136390240357 0.7923408088893058 0.06235505780780315 0.09273366707809032
9 0.45567825049411026 0.5308415708571532 0.06001130780780315 0.09267911569131951
35 0.5492917426016024 0.5353673763279867 0.06106557359281872 0.09738479948690966
53 0.6453399899707665 0.5383852331855908 0.06258257096198286 0.09663991707809032
8 0.45240279009782336 0.6676694236306948 0.05950307359281872 0.09734843189572917
152 0.5405020295744796 0.6728491925323963 0.06207433674699843 0.1013092332825
168 0.6348057664203001 0.67895568179882 0.06023882096198285 0.09658536569131951
263 0.4464573560098959 0.7966120412218755 0.059829297284459314 0.0895541156913195
290 0.5327665823323725 0.8056616925323963 0.06115657885449064 0.09894729948690965
290 0.6238088112856851 0.814039196616459 0.06258257096198286 0.09663991707809032