265 0.27478924590846676 0.430837528631731 0.035585325135076215 0.058400090418179396
120 0.31215283665263965 0.4254032707230656 0.03218750662342194 0.05046025642579064
266 0.3457193048014742 0.4232531803048862 0.03059772477225655 0.04961533942959626
35 0.3784772410991434 0.420353673384804 0.03151538402808365 0.05355342292769336
53 0.4112078955456471 0.41667291646472177 0.03076141587924912 0.05430283942959626
72 0.4432118636944816 0.41458649304273676 0.030625006623422026 0.05039658942959626
85 0.47438001814098535 0.41096940311884894 0.030625006623422026 0.05039658942959626
99 0.5055208907363237 0.4065710631949611 0.030597724772256463 0.04961533942959626
110 0.5375248588851582 0.404484639772976 0.03073413402808356 0.05352158942959626
111 0.5679117633316619 0.40089938334718545 0.029761911069925696 0.04802100593149898
113 0.5991344814804964 0.3988447934232976 0.02981647477225664 0.04958350593149907
10 0.6295486677781656 0.396040786997507 0.02825397477225664 0.04951983893530461
11 0.6599355722246694 0.39245553057171634 0.030597724772256463 0.04961533942959626
16 0.691103726671173 0.3888384406478285 0.028281256623422023 0.050301088935304605
20 0.7215451948200077 0.3868156842220379 0.02825397477225646 0.04951983893530461
22 0.7511508492665113 0.38326226129434443 0.02970734736759475 0.046458505931498986
23 0.781592317415346 0.3812395048685538 0.029035224772256462 0.04955167243340188
9 0.3556126930907271 0.684158846806789 0.07237848620500191 0.10670759783255317
111 0.28678579282057465 0.5727385271488563 0.0719791821213179 0.11761326433445589
113 0.34683291541591293 0.5671623477953721 0.0751041821213179 0.11774059832684465
10 0.4084152561600858 0.5607412514456938 0.07248761360966363 0.10983259783255335
11 0.46692716060658956 0.556009989088404 0.07159723620500191 0.10667576433445607
16 0.5253299376484315 0.5481537267311143 0.07248761360966363 0.10983259783255335
20 0.5853497783926044 0.5417962973776304 0.07170636360966362 0.10980076433445589
22 0.642162773583281 0.533222452016535 0.06780011360966362 0.10964159684397004
23 0.6935343006251229 0.5256526911421201 0.06612848620500192 0.10645292984777566
35 0.41412459753723085 0.6794275844494994 0.07081598620500192 0.10664393083635879
53 0.47250009272790744 0.6707900720922095 0.07000745435383635 0.10583084733826169
72 0.5318205290255766 0.6668082262368228 0.07248761360966363 0.10983259783255317
85 0.5917585242162531 0.6581070468833387 0.07165179990733286 0.10823826433445607
259 0.8142956900106842 0.3767774979484716 0.02903522477225664 0.04955167243340188
263 0.8220288005403049 0.19495449498272205 0.05680804990733286 0.1076334278706093