265 0.2902411318344401 0.41871387789796344 0.03758176349365332 0.05997032229032406
120 0.3274679802252858 0.4115268030157413 0.03391046027534461 0.051884420216805435
266 0.361007099903455 0.40780648072541725 0.03229332995351371 0.050966469180046305
35 0.3937103392597932 0.4033732589534729 0.03334773156266815 0.05494106969842587
53 0.4263589482943006 0.39815878718152853 0.03262111188449897 0.0556539691800463
72 0.4583355679724697 0.39457516592796377 0.03234796027534479 0.0517477191800463
85 0.48942167700697714 0.38949739519277865 0.03234796027534479 0.0517477191800463
99 0.5204531557196537 0.3836383744575935 0.03229332995351371 0.050966469180046214
110 0.5524297753978228 0.38005475320402876 0.03256648156266806 0.054872719180046214
111 0.5827346344323302 0.3750453329872233 0.03140281930985207 0.04933561866166656
113 0.6139300041104994 0.37153006225203816 0.031512079953513704 0.050898118661666644
10 0.6442894934668375 0.36730189203523267 0.029949579953513706 0.05076141762490742
11 0.674594352501345 0.36229247181842716 0.03229332995351371 0.050966469180046305
16 0.7056804615358524 0.35721470108324205 0.03000421027534461 0.051542667624907425
20 0.7360945812140216 0.3537677808664365 0.029949579953513706 0.05076141762490742
22 0.7656181902485288 0.3488267111680107 0.031293558666190435 0.04777311866166656
23 0.7960323099266982 0.3453797909512052 0.030730829953513707 0.05082976814328699
9 0.3800348773949647 0.6686756302070377 0.07601583280350539 0.10992109561740726
111 0.30721510040765804 0.5602862232325468 0.07599940730913754 0.1207902450990277
113 0.36715282912033453 0.5518982333173155 0.07912440730913754 0.12106364717254614
10 0.42859842751118027 0.5425922923653248 0.07623435409082883 0.11304609561740726
11 0.48702828654568764 0.5351222534868527 0.0752345828035054 0.10985274509902769
16 0.5452396242928715 0.5245272146083806 0.07623435409082883 0.11304609561740726
20 0.6051227226837173 0.5153579746931493 0.07545310409082884 0.1129777450990277
22 0.6617169301090703 0.5041183868514364 0.07154685409082902 0.1126359925071295
23 0.7128970178562543 0.49413850263838094 0.06976583280350539 0.10937429147037019
35 0.4384647364294721 0.6612055913285655 0.07445333280350538 0.10978439458064812
53 0.4966214438548251 0.6498293024500935 0.07361745248167466 0.10893479406226839
72 0.5558871832111634 0.6430721630532418 0.07623435409082883 0.11304609561740726
85 0.6156063906365163 0.6315591731380104 0.0753438434471672 0.1114152450990277
259 0.8286262886393747 0.3393840691792608 0.030730829953513707 0.05082976814328699
263 0.8300145539746133 0.1569037598484275 0.060500093447167204 0.11011658524981471