265 0.259375 0.44140625 0.03359375 0.05703125
120 0.296875 0.4375 0.03046875 0.04921875
266 0.33046875 0.43671875 0.02890625 0.0484375
35 0.36328125 0.43515625 0.0296875 0.05234375
53 0.39609375 0.4328125 0.02890625 0.053125
72 0.428125 0.43203125 0.02890625 0.04921875
85 0.459375 0.4296875 0.02890625 0.04921875
99 0.490625 0.4265625 0.02890625 0.0484375
110 0.52265625 0.42578125 0.02890625 0.05234375
111 0.553125 0.4234375 0.028125 0.046875
113 0.584375 0.42265625 0.028125 0.0484375
10 0.61484375 0.42109375 0.0265625 0.0484375
11 0.6453125 0.41875 0.02890625 0.0484375
16 0.6765625 0.41640625 0.0265625 0.04921875
20 0.70703125 0.415625 0.0265625 0.0484375
22 0.73671875 0.41328125 0.028125 0.0453125
23 0.7671875 0.4125 0.02734375 0.0484375
9 0.33125 0.69765625 0.06875 0.10390625
111 0.26640625 0.58359375 0.06796875 0.11484375
113 0.3265625 0.58046875 0.07109375 0.11484375
10 0.38828125 0.5765625 0.06875 0.10703125
11 0.446875 0.57421875 0.06796875 0.10390625
16 0.50546875 0.56875 0.06875 0.10703125
20 0.565625 0.56484375 0.06796875 0.10703125
22 0.62265625 0.55859375 0.0640625 0.10703125
23 0.67421875 0.553125 0.0625 0.10390625
35 0.38984375 0.6953125 0.0671875 0.10390625
53 0.4484375 0.6890625 0.06640625 0.103125
72 0.5078125 0.6875 0.06875 0.10703125
85 0.56796875 0.68125 0.06796875 0.10546875
259 0.8 0.409375 0.02734375 0.0484375
263 0.8140625 0.228125 0.053125 0.10546875