273 0.47808275351538165 0.27848028833221206 0.20296591831236127 0.23848372512391364
9 0.42244512367201337 0.5568409837187993 0.05972245174736131 0.118613881162236
35 0.4803303588543745 0.5506861589789984 0.05810540036059031 0.11618824400710608
53 0.5351269616279162 0.5431326085494571 0.06048551795177097 0.1178735747398008
72 0.42231522426135354 0.6965209594085398 0.05966790036059031 0.11627013116223602
85 0.47951012842166607 0.6865008282463038 0.05805084897381949 0.11384449400710608
99 0.5342703636040271 0.6805097778167625 0.05732415036059031 0.11614730042954129
110 0.4229665748506937 0.8361599915207153 0.05975881933854179 0.12017638116223602
111 0.47941659660218683 0.8246183039360442 0.05588893692972228 0.12153416327441172
113 0.533468316966909 0.8155431970840679 0.058159951747361306 0.11853199400710608
0 0.5323577990151381 0.9303050599289382 0.05341724715020853 0.08238977611928178