266 0.29568714241807575 0.330737957354543 0.2068253946253887 0.1183510659621911
266 0.3038497109609842 0.4589538609453392 0.20375360253201383 0.10583743042357163
266 0.32069776378946413 0.6661532825883121 0.18180300782192055 0.07759425575553677
35 0.6413104555581379 0.3139923815315987 0.19648713410204496 0.11516697862817357
9 0.6249735530402415 0.43346908937712103 0.1849125972703419 0.1041658461146163
144 0.6117084426157199 0.5404594327612627 0.17025856306947507 0.09392778288289971
144 0.313703582120611 0.5715493097156751 0.17825307359281872 0.09709823467829785
237 0.598390124284573 0.6349452309658646 0.1546412683452644 0.08056017447164336
275 0.45953347965918423 0.7513645956236369 0.15630247888272547 0.06885506001026265
275 0.7050125796309494 0.7230951916400572 0.1437569762518896 0.06800108713762576
259 0.19815636390240363 0.7842305960164204 0.16241597099021768 0.0665476714465811
272 0.21391089554302187 0.8491879755049154 0.15561993942018662 0.057136310010263