131 0.1866959481597404 0.8457275418816133 0.15319143138650446 0.21057972618130236
263 0.7842527585983795 0.788031036055244 0.09142790777956833 0.12600803413027997
264 0.7748715113703898 0.9356417834244081 0.08936487884037322 0.11732327886860787
275 0.9181587797862412 0.9385000148673825 0.06478210779368573 0.10966269731269448
259 0.929102527014231 0.7909802727598901 0.060094607793685736 0.10938968152767892
9 0.15862196899466627 0.6144096524473094 0.08610337094786535 0.11479751834526439
99 0.16446098726934338 0.46032139192396554 0.08660389988706055 0.1233912683452644
110 0.1725982529131846 0.30715088929312967 0.09142790777956833 0.1260080341302799
42 0.317859003054359 0.4645524075678068 0.09022942882625565 0.13216702886860787
43 0.32622378185237977 0.3074756549369709 0.09142790777956833 0.1260080341302799
44 0.4709322531955332 0.6224089521508432 0.09285389988706054 0.12375528939195171
46 0.47686227673188225 0.4667581916274995 0.09299040777956832 0.12609903939195172
47 0.4836190528990672 0.3103716837349917 0.09142790777956833 0.12600803413027978
54 0.6321882716113848 0.6263137441030436 0.09611540777956833 0.12628104991529537
55 0.6395897898860619 0.47231648884137184 0.09271739199455276 0.1214115393919517
56 0.6471278160532468 0.3159754835796999 0.09321792093374803 0.13000528939195172
57 0.7930802689805488 0.6364685360552441 0.09106388673288084 0.11975803413027997
59 0.8013995451477338 0.48017303342440815 0.09285389988706072 0.12375528939195171
60 0.8073750713149186 0.3237410229010645 0.09285389988706036 0.12375528939195171
111 0.31289224004135363 0.6171236707219865 0.09754139988706054 0.12402830517696728