22 0.39680199966131574 0.1940386170023692 0.04813096279944169 0.08690892676456467
16 0.39308277815544673 0.2947014678322062 0.04899409995457145 0.08853062634964619
10 0.3889507988476616 0.3883922682471247 0.05055659995457144 0.08864902551980922
111 0.3842422874277009 0.4782360182471247 0.04899409995457145 0.08853062634964619
99 0.3813828810506943 0.5624926190769617 0.04866655133405251 0.0822806263496462
72 0.37864630540638233 0.6444054699067986 0.045459664178922665 0.08048132800932013
35 0.37516942333963527 0.7255962703217171 0.04467841417892267 0.08042212842423861
275 0.3237120646786365 0.8314327958415262 0.0467765027135334 0.07591222717948298
275 0.3657490784734464 0.8904992199067987 0.041103034825709095 0.07159158008391273
264 0.36893935549723933 0.8147771694918802 0.04710405133405242 0.08216222717948299
259 0.41342633989340716 0.7973994927273155 0.045214002713533395 0.07579382800932014