273 0.471875 0.2015625 0.10390625 0.10703125
266 0.4328125 0.61171875 0.0296875 0.046875
266 0.50703125 0.615625 0.03046875 0.05859375
38 0.46953125 0.70859375 0.0296875 0.05703125
37 0.43125 0.7078125 0.03046875 0.05625
36 0.5078125 0.7796875 0.03125 0.05859375
28 0.46953125 0.77890625 0.034375 0.05703125
26 0.43046875 0.7765625 0.034375 0.05859375
25 0.46875 0.85 0.03359375 0.06015625
24 0.42890625 0.85078125 0.0359375 0.0609375
23 0.50859375 0.925 0.034375 0.0609375
22 0.46875 0.92421875 0.03515625 0.0625
16 0.428125 0.92421875 0.03515625 0.0625
266 0.7671875 0.62265625 0.03125 0.05234375
342 0.771875 0.715625 0.03125 0.05625
342 0.77734375 0.78359375 0.0296875 0.0546875
342 0.78203125 0.85546875 0.0328125 0.05703125
342 0.7859375 0.92578125 0.0296875 0.06015625