273 0.46248707568334435 0.1905794874634718 0.1088913105867512 0.10944969481350704
266 0.40432124131805686 0.6016449272429858 0.03187073821317572 0.04756598423243048
266 0.4783580548002922 0.6038237166619093 0.033197797766469604 0.05930291802802081
38 0.4365279656774937 0.6976652888502427 0.032343773159363744 0.05772223423243048
37 0.39828310298104663 0.6977750448341663 0.0330886358558109 0.05695916802802081
36 0.4714979710541772 0.767868032866319 0.03397904776646961 0.059321101823611146
28 0.4332531083577301 0.7679777888502427 0.03703127315936374 0.057831337005972296
26 0.3942997702683889 0.7665432286297567 0.037104047766469604 0.05939383700597212
25 0.4291606137344136 0.8390897226458328 0.03639557237357547 0.06093815321038178
24 0.38928047643086067 0.8407983462209371 0.03877570967712849 0.06177395459715278
23 0.4655111825933324 0.9131623490707288 0.03721320967712849 0.061737587005972115
22 0.4257038198968853 0.9133084726458328 0.03806723428423435 0.06331827080156245
16 0.38507881989688536 0.9142540300165274 0.03806723428423435 0.06331827080156245
266 0.7381868190683158 0.6047997627303465 0.033687949338046155 0.05307110182361115
342 0.7385442299455173 0.697659409956805 0.0338698858558109 0.05697735182361115
342 0.7408472845364125 0.7655008733876729 0.03223461124870504 0.05537848423243066
342 0.742187152609543 0.8372667706141315 0.03546877315936374 0.05779496941479181
342 0.7428185452897795 0.9074883516361798 0.03248932237357547 0.06084723423243048