273 0.46601013024567417 0.20979910876300267 0.10702054130365361 0.10884494034019765
266 0.41501330225722033 0.6192735202892441 0.03105142319868044 0.047393197240056396
266 0.4891183919906636 0.6244752633893853 0.03217365399835046 0.05912558400953163
38 0.4489132776466141 0.7167894484545771 0.031346939891727744 0.057549447240056395
37 0.41065475969992543 0.7153399967502938 0.03210545783841656 0.05678183400953163
36 0.48512591079528206 0.7885514001588605 0.03295490399835046 0.059139220779006865
28 0.44686739284859345 0.7871019484545771 0.03603443989172774 0.05763126785690744
26 0.4078730890085275 0.7840763599808186 0.03607990399835046 0.05919376785690744
25 0.4440175259972614 0.8581820616851019 0.03534411810497318 0.060742631087432386
24 0.40415104394395013 0.8582678364418683 0.037710600158284535 0.06156479139585791
23 0.48167899887937277 0.9338775369283356 0.036148100158284534 0.06153751785690744
22 0.44185798093268414 0.9324008116851019 0.03697481426490725 0.06311365462638249
16 0.4012329809326841 0.9316916996723933 0.03697481426490725 0.06311365462638249
266 0.7490700535108615 0.636047557624617 0.03277304757185977 0.05288922077900686
342 0.7510524391668121 0.7290981282414679 0.03288670783841656 0.05679547077900686
342 0.7545435005287254 0.7971623356277941 0.031278743731793845 0.055205697240056396
342 0.757139651624082 0.8691191562446452 0.03447193989172792 0.05760399431795733
342 0.7590000168260614 0.939499840092021 0.03143786810497318 0.0606744472400564