264 0.5799147308785522 0.3921199781315988 0.06159763648947951 0.05097227413731513
275 0.6796353261904752 0.4524561806132734 0.06336039558877822 0.05420653478097677
118 0.5271413818660011 0.44414701785625416 0.05895349784053163 0.04612088317182241
259 0.6229557271779242 0.5042100687287744 0.0564094887412331 0.04283199220632987
16 0.5743389520394967 0.552604010062584 0.05895349784053163 0.04612088317182241
168 0.47764322717792423 0.494048828868233 0.05895349784053163 0.04612088317182241
11 0.4330828963639706 0.5403721718111971 0.050059359191583754 0.04083244963168298
10 0.523528621225543 0.5984903104309012 0.05474685919158375 0.041160231562668056
113 0.38721038942414027 0.5826800041104994 0.05240310919158375 0.04099634059717552
111 0.47760604951088814 0.6415793927302034 0.0564094887412331 0.04283199220632987
110 0.3451440029346607 0.626823488018956 0.04849685919158375 0.040723188988021165
99 0.4309022277962331 0.6846138447076748 0.05240310919158375 0.04099634059717552
85 0.3048403755444797 0.6679512325710742 0.04829660009228505 0.03759818898802116
72 0.38747360040605205 0.7255230679724697 0.05005935919158366 0.04083244963168298
53 0.267761877703948 0.7077349984105161 0.045952850092285044 0.03743429802252862
35 0.3457576673403451 0.7641978018809263 0.05484698874123302 0.04272273156266806
9 0.22536482418789033 0.7447926019971419 0.0460529796419344 0.038996798022528624
260 0.3057043638242874 0.8014192964330448 0.05025961829088228 0.04395744963168298
273 0.8739708212532296 0.18745888334704944 0.23216855721668567 0.16400714172179726
260 0.209801578506827 0.8284574078133407 0.037058711443337077 0.03214586448238919