264 0.5982711312858203 0.31843250169748066 0.059139190006363404 0.04994576831736577
275 0.7007779659452753 0.366152949458917 0.06073805267345413 0.05315265547249544
118 0.548406943944957 0.37648069708406784 0.05674089600572696 0.04513543758467105
259 0.6470075286044119 0.42440586273332864 0.05436078333863605 0.0418876068519765
16 0.6010950445974123 0.47834309023209143 0.05674089600572696 0.04513543758467105
168 0.501695028604412 0.43202136816039555 0.05674089600572696 0.04513543758467105
11 0.4597160665977304 0.4834101277713339 0.04809260200509069 0.039997558231457474
10 0.5528660825907308 0.5300593984635489 0.05278010200509069 0.04024321969684656
113 0.41622005792491257 0.5309745245374021 0.05043635200509069 0.04012038896415202
111 0.5093609832511401 0.578405045229617 0.05436078333863605 0.0418876068519765
110 0.3766121179185492 0.5798967034156459 0.04653010200509069 0.03991567107632772
99 0.4650746339115496 0.6267916355732501 0.05043635200509069 0.040120388964152195
85 0.3386030405792767 0.62561199513876 0.04649373933799979 0.03679067107632772
72 0.423940556572277 0.6726707016066236 0.04809260200509069 0.039997558231457474
53 0.3037371445735497 0.6696010125516144 0.04414998933799978 0.03666784034363317
35 0.38439625123332277 0.7161241304848674 0.05279828333863605 0.041805719696846565
9 0.2634297705681409 0.7115328850074232 0.044168170671545236 0.03823034034363317
260 0.34643262722791396 0.7579331722079814 0.0481289646721816 0.043122558231457477
273 0.8805676526495917 0.07980458036612495 0.2243834766868172 0.1596091607322499
260 0.25229172855668686 0.7964401515157666 0.03550169533736351 0.03152996099041942