273 0.47265625 0.2 0.13828125 0.25859375
259 0.46640625 0.55546875 0.03515625 0.025
36 0.5046875 0.628125 0.04296875 0.03828125
28 0.43125 0.6234375 0.04140625 0.03515625
26 0.5046875 0.675 0.04921875 0.03828125
25 0.43203125 0.665625 0.03671875 0.034375
24 0.50390625 0.72109375 0.03984375 0.0359375
23 0.43203125 0.7109375 0.03984375 0.034375
20 0.503125 0.7671875 0.04140625 0.03828125
16 0.43046875 0.7546875 0.03671875 0.0359375
11 0.50390625 0.8140625 0.04296875 0.0390625
252 0.43046875 0.8 0.03828125 0.034375
264 0.503125 0.88671875 0.04140625 0.0390625
275 0.43125 0.87109375 0.05390625 0.0421875