273 0.5046875 0.1828125 0.12578125 0.07421875
259 0.503125 0.53203125 0.02890625 0.025
41 0.5390625 0.57109375 0.0265625 0.02578125
38 0.4640625 0.5765625 0.02890625 0.02734375
36 0.5390625 0.60078125 0.02734375 0.02578125
26 0.46328125 0.60859375 0.02890625 0.02734375
24 0.5390625 0.63125 0.0265625 0.02578125
22 0.46328125 0.63984375 0.02890625 0.02578125
16 0.53828125 0.6625 0.02734375 0.0265625
10 0.4625 0.671875 0.02890625 0.0265625
111 0.53828125 0.6921875 0.02734375 0.0265625
99 0.4625 0.703125 0.02890625 0.02890625
72 0.5375 0.72109375 0.0265625 0.02578125
35 0.4625 0.734375 0.02890625 0.02890625
9 0.5375 0.7515625 0.02734375 0.02734375
152 0.4625 0.765625 0.02890625 0.0296875
264 0.53671875 0.790625 0.02734375 0.0265625
275 0.4625 0.80625 0.02890625 0.0296875
272 0.4609375 0.87265625 0.03046875 0.028125
272 0.49921875 0.8640625 0.02890625 0.02578125
272 0.5359375 0.8546875 0.02890625 0.02578125