273 0.50859375 0.22734375 0.13203125 0.04609375
9 0.46875 0.28984375 0.03671875 0.02578125
35 0.509375 0.2890625 0.03984375 0.02578125
53 0.54921875 0.28984375 0.03828125 0.02578125
72 0.47109375 0.32109375 0.03984375 0.0265625
85 0.509375 0.321875 0.03671875 0.0265625
99 0.5484375 0.32109375 0.03828125 0.02578125
110 0.471875 0.35234375 0.03828125 0.02578125
111 0.51015625 0.353125 0.0390625 0.02578125
113 0.54921875 0.3515625 0.0375 0.02578125
276 0.4734375 0.38359375 0.0375 0.02421875
8 0.5109375 0.38359375 0.0375 0.025
0 0.55078125 0.3828125 0.03828125 0.02734375
131 0.5125 0.42109375 0.11328125 0.02421875
152 0.5140625 0.553125 0.11015625 0.02109375