10 0.3776897426798176 0.07494273193708437 0.09527723201781742 0.13671031570031095
113 0.6113482220321348 0.20127220057881479 0.0841942813494537 0.12357327886860806
111 0.3831959500318167 0.21221521878290478 0.08736473468331747 0.1276615393919517
110 0.6041726160486796 0.32364772951800996 0.08255905601527207 0.11723227360693614
99 0.3862038660486796 0.3363429635212329 0.08724655601527206 0.1175052893919517
85 0.5991680373965426 0.43104300056469735 0.08238633334659032 0.10238852360693614
190 0.3906833753978152 0.4525672029978892 0.08714655868077203 0.10891153939195171
53 0.5933367554105419 0.5345775242422206 0.07460110534690845 0.1042772472985769
35 0.3942180027450418 0.5547744451053814 0.08241360534690845 0.10473227360693613
9 0.5921111574235868 0.6308077821347284 0.0729386080124085 0.09559249203690498
260 0.39534524542485944 0.6516494451053815 0.07921588001272672 0.09830026308359248
264 0.5865344141072224 0.7562173058122518 0.07128520134468133 0.08768898677523325
275 0.4007241834420404 0.7779844319512018 0.07448292667886314 0.0941209972985769