10 0.37430770934680546 0.127613527589923 0.09680487765916679 0.1389027454580721
113 0.6030840599361456 0.28639782259865154 0.08557643692972228 0.12550992515463033
111 0.37501361132291644 0.26543239198400936 0.08879235590767368 0.12967126666989942
110 0.5916536378240622 0.4075713209316616 0.08386846656499998 0.1191323793969957
99 0.3736848878240622 0.3897786877416439 0.08855596656500016 0.11951501666989942
85 0.582912457828194 0.5140923879011234 0.08352297444878473 0.10428862939699587
190 0.3741005022811107 0.506440029256913 0.08835594481350703 0.1109212666698994
53 0.5734809468102773 0.6166434319917681 0.07576502583555574 0.1059946506088231
35 0.37406217505878425 0.6089750978933648 0.08357752583555556 0.10663237939699588
9 0.568900589952673 0.7125458633553162 0.07400250408406261 0.09727335485118864
260 0.3718073844055897 0.7058500978933647 0.08030705547083343 0.1001272878817268
264 0.5589599326582284 0.8369719074459608 0.07225816612815983 0.08933330909355419
275 0.3727678595199646 0.8327314622874511 0.07552863649288195 0.0958384006088231