343 0.3366344814804965 0.44328293722776013 0.0724851244094368 0.04439964450904412
265 0.42884926333166196 0.4499718306570701 0.06461806070710593 0.04233649676079754
266 0.42970492440158764 0.4967967658822454 0.06294643330244423 0.03911136721114818
266 0.33994301995508386 0.4933830667774095 0.07243056070710593 0.04283714450904412
259 0.34244302657850584 0.5426518815522341 0.07170387440943679 0.04434957973421945
26 0.4320710109694092 0.609196636332596 0.06162946996293321 0.04604248766149901
25 0.3449529568857252 0.6145268815522341 0.07019593811176765 0.04581195018457009
24 0.4335987946346732 0.6529466363325961 0.06162946996293304 0.04604248766149901
23 0.3458086179556509 0.6613518167774094 0.07108631551642937 0.04898701495939477
20 0.43434532829993716 0.6966465715577714 0.06162946996293321 0.046042487661498835
16 0.347472810876742 0.7090080667774095 0.06955109736759475 0.04966813540974542
35 0.3491370037978331 0.7566643167774094 0.06809772477225655 0.052693005860096065
266 0.43433789381636656 0.7410776920081221 0.06020337921876031 0.04984860811184948
264 0.4357391919096008 0.8035276272332975 0.060203379218760136 0.0498486081118493
275 0.350647429295729 0.822239252002585 0.06656250662342193 0.05337412631044671
264 0.6646156708582085 0.7503780505813971 0.037728178493120976 0.03125929441675908
275 0.7148785656860654 0.738788510945 0.03295883293962447 0.02861515576781102
287 0.43128727176918247 0.5421092658822454 0.062328874409436706 0.04374880243632351