343 0.321875 0.42265625 0.07109375 0.03984375
265 0.4140625 0.4234375 0.06328125 0.03828125
266 0.41328125 0.4703125 0.06171875 0.03515625
266 0.3234375 0.47265625 0.07109375 0.03828125
259 0.32421875 0.521875 0.0703125 0.03984375
26 0.41171875 0.5828125 0.06015625 0.0421875
25 0.32421875 0.59375 0.06875 0.04140625
24 0.41171875 0.6265625 0.06015625 0.0421875
23 0.3234375 0.640625 0.06953125 0.04453125
20 0.4109375 0.6703125 0.06015625 0.0421875
16 0.3234375 0.68828125 0.06796875 0.0453125
35 0.3234375 0.7359375 0.06640625 0.0484375
266 0.409375 0.71484375 0.05859375 0.04609375
264 0.40859375 0.77734375 0.05859375 0.04609375
275 0.32265625 0.8015625 0.06484375 0.04921875
264 0.63984375 0.709375 0.03671875 0.02890625
275 0.690625 0.69453125 0.03203125 0.0265625
287 0.41328125 0.515625 0.0609375 0.03984375