273 0.5021379080747008 0.04284288043576595 0.12562004809323427 0.07257611485312829
259 0.5141295097034648 0.2964940389204969 0.032904269237293705 0.027614688031508017
26 0.5516766389222252 0.33965423649490256 0.03287698738612832 0.026833438031508016
25 0.4805828889222251 0.34545756846727393 0.03287698738612832 0.026833438031508016
24 0.5546032314804965 0.37858919073726804 0.031259923683797555 0.02514339227387339
23 0.4827282314804965 0.3844562955884567 0.03206845553496294 0.02598841515269079
22 0.555912760336437 0.416089190737268 0.032904269237293705 0.027614688031508017
20 0.4840650421876025 0.42273754558845666 0.03446676923729371 0.027742233789142468
16 0.5572222891923776 0.45358919073726806 0.0336855192372937 0.02767846091032524
11 0.48618310289470845 0.4609550227096394 0.03443948738612832 0.026960983789142644
10 0.5593130680483182 0.4910254178584507 0.03287698738612832 0.02683343803150784
113 0.48830116360181447 0.4991724998308221 0.03443948738612832 0.026960983789142468
111 0.5598140650530933 0.527807940737268 0.032849705534962935 0.026052188031508015
110 0.490391942457755 0.5366087269520049 0.03443948738612832 0.026960983789142644
99 0.5626588120578683 0.5643991449796335 0.031259923683797555 0.02514339227387339
85 0.49251000316486093 0.5748262040731876 0.03594742368379755 0.025526029546777095
72 0.5639683409138089 0.6018991449796335 0.03204117368379755 0.02520716515269079
53 0.4938468138719669 0.6131074540731876 0.032849705534962935 0.026052188031508015
35 0.566031837918584 0.6385541221008163 0.030505955534962936 0.02586086939505634
9 0.495910310876742 0.6497624311943703 0.03357639183263199 0.02455346091032524
152 0.5330482123280208 0.681203878768776 0.03204117368379737 0.02520716515269079
264 0.5704043685886231 0.7188953263431817 0.03136905108845909 0.02826839227387339
275 0.499556155249112 0.7317299083155531 0.03295883293962447 0.029177188031508018
272 0.49389148700761015 0.8387451828613603 0.017061014427970277 0.020089230455162622