273 0.5055531056037218 0.05743080393604427 0.12817346680652086 0.06896908525525039
259 0.5279179707552132 0.3111732796257848 0.03392563672260849 0.026678686680159915
26 0.5673482462750223 0.3553836250578005 0.033866437137526795 0.025897436680159914
25 0.4962544962750224 0.3591094906162042 0.033866437137526795 0.025897436680159914
24 0.571870725529098 0.3943642379026707 0.03218553796736394 0.024253049525030157
23 0.499995725529098 0.39813104703863933 0.03302598755244546 0.025075243102595034
22 0.5747123056130106 0.43186423790267076 0.03392563672260849 0.026678686680159915
20 0.502896505198092 0.4364122970386394 0.03548813672260849 0.02676057383528967
16 0.5775538856969231 0.46936423790267073 0.034706886722608486 0.026719630257724704
11 0.5065785348670861 0.47465260346107446 0.03542893713752697 0.02597932383528967
10 0.5811767157808356 0.5068232943251059 0.033866437137526975 0.025897436680159914
113 0.5102605645360802 0.5128929098835096 0.03542893713752697 0.02597932383528967
111 0.5831778462796668 0.5435829879026708 0.033807237552445454 0.025116186680159913
110 0.5138833946199928 0.5503519663059447 0.035428937137526796 0.02597932383528967
99 0.5875227267784979 0.580219850747541 0.03218553796736394 0.024253049525030157
85 0.517565424288987 0.5885922727283799 0.03687303796736394 0.024498710990419427
72 0.5903643068624105 0.617719850747541 0.03296678796736394 0.024293993102595123
53 0.520466203957981 0.6268735227283798 0.033807237552445454 0.025116186680159913
35 0.5939279373612415 0.654397657169976 0.03146348755244528 0.02499335594746519
9 0.5240298344568121 0.6635513291508148 0.034470088382282424 0.0235946302577247
152 0.5625721162003986 0.6960429245828307 0.03296678796736394 0.024293993102595123
264 0.6015879946246372 0.7347845200148464 0.03242233630769 0.027378049525030156
275 0.5310270408903708 0.74554163557325 0.03404403589277134 0.028241186680159912
272 0.5297031844614564 0.8522829585040286 0.017827040041956364 0.01960981512886235