265 0.35703125 0.08203125 0.078125 0.059375
343 0.61875 0.08515625 0.084375 0.06171875
136 0.6109375 0.2 0.103125 0.08515625
275 0.3546875 0.1953125 0.0984375 0.08203125
113 0.5875 0.3359375 0.078125 0.06171875
111 0.5828125 0.40703125 0.08203125 0.06171875
110 0.57890625 0.47578125 0.078125 0.06015625
99 0.57421875 0.54296875 0.0765625 0.059375
85 0.3671875 0.4015625 0.07890625 0.06171875
72 0.36640625 0.46875 0.078125 0.05625
53 0.365625 0.53671875 0.0734375 0.05625
35 0.3640625 0.6 0.075 0.05625
9 0.3640625 0.66328125 0.075 0.05703125
343 0.56171875 0.77734375 0.0734375 0.05546875
265 0.36015625 0.7671875 0.0734375 0.05546875