265 0.3637274022758131 0.061236547707982494 0.08297173879011233 0.06392526308359245
343 0.6257012437910822 0.04911816637794776 0.08941305742656418 0.06663303413027985
136 0.6272633569772206 0.16441694268630702 0.11007624379108219 0.09116259727034204
275 0.37063071970431694 0.17465430560049025 0.1051336522758131 0.08776458148532651
113 0.6149223378914251 0.30171952161138477 0.08316305742656419 0.06626901308359248
111 0.6160381698637964 0.3730862873964003 0.08706930742656419 0.0664965262377721
110 0.617743933199716 0.44206380055057987 0.08303551166892956 0.06470651308359229
99 0.6185409007780011 0.5095243163355955 0.08140923879011233 0.06383425782192056
85 0.3999667597120756 0.3801762635071155 0.08394430742656418 0.06631451571442834
72 0.40466997729036064 0.44740926613795134 0.08271664727484325 0.0608002630835923
53 0.40943696774746285 0.5154235187687873 0.07802914727484325 0.060527247298576906
35 0.4130400709316616 0.5787957740304591 0.07959164727484325 0.06061825256024882
9 0.41820567411586024 0.6420770240304592 0.07965542015366048 0.06139950256024882
343 0.6251727644231814 0.7446273584289702 0.07796537439602602 0.0597459972985769
265 0.42278121699855686 0.7462107871846387 0.07796537439602602 0.0597459972985769