309 0.4363684607795477 0.2059311834143406 0.06245607735562366 0.06775185087368066
309 0.5331177746415181 0.21754279027194484 0.06078431671196203 0.0661529832825
85 0.48965698776685435 0.3210483435585768 0.058784774137314956 0.0598666156913195
72 0.48972232576613983 0.38890799078503513 0.058620883171822416 0.0575228656913195
53 0.4921860440872562 0.4576034393982643 0.06018338317182241 0.05755923328249999
35 0.49448587144288 0.5239551380114935 0.058620883171822416 0.0575228656913195
9 0.4974576881548419 0.5887625204203129 0.058620883171822416 0.0575228656913195
152 0.4979764942231423 0.6519528514423614 0.057222274137314955 0.05983024810013902
260 0.4480850269104321 0.875425412612778 0.03249542574646931 0.06315461664124981
289 0.48184266787592467 0.8785510658231601 0.027807925746469307 0.06304551386770854
289 0.5138192875540938 0.8785153514423616 0.02920653478097677 0.0607381314588892
289 0.5457412769104322 0.8776983870615631 0.027534774137314956 0.059139263867708534
289 0.4530781655301362 0.9691390450215975 0.02849634059717552 0.050581881458888846
289 0.4852186761737979 0.9714470806407988 0.027097731562668058 0.052889263867708536