309 0.5042832506329722 0.12847427673454231 0.043353185116542826 0.0785977146721816
275 0.46057294536816185 0.21855383672817902 0.04421628067003915 0.08095055533895427
264 0.5514434820286507 0.22663960407381478 0.04095487141421188 0.07700794267186337
85 0.5139955896478645 0.4065992767345423 0.04249008956304649 0.07624487400540883
72 0.5171602843830542 0.49722427673454234 0.04329862141421188 0.07703521467218159
53 0.5203522609694092 0.5886305267345423 0.04321677586071573 0.0746914646721816
35 0.522681142002268 0.6776839360677697 0.04249008956304649 0.07624487400540883
9 0.5257639911839613 0.7659651860677696 0.042380962158384786 0.07311987400540865
324 0.4638467675080132 0.312303836728179 0.04257936960011346 0.034075555338954365
309 0.509995081210344 0.3144026860677696 0.04023561960011346 0.034048283338636146
330 0.5537996449126749 0.31647426340704204 0.03789186960011346 0.03402101133831792