309 0.5049978592012597 0.11392871753589122 0.043808349809719614 0.07883411201270887
275 0.46181554498053445 0.20537192370440138 0.04468510030401127 0.08119149878218401
264 0.5527270464634093 0.21082130844528169 0.04140093281352506 0.07723070170428334
85 0.5163305845238615 0.3920537175358912 0.04293159931542796 0.07647672524323372
72 0.5200232703031361 0.48267871753589126 0.04374468281352506 0.07727161201270896
53 0.523747789580508 0.5740849675358912 0.04364918231923358 0.07492786201270896
35 0.5265955583635884 0.6631611043053663 0.04293159931542796 0.07647672524323354
9 0.5301927436485714 0.7514423543053663 0.0428042653230392 0.07335172524323355
324 0.465635564752198 0.2991219237044014 0.042775090418179396 0.03431649878218401
309 0.5117929817483924 0.29987985430536634 0.0404313404181794 0.034275588473758486
330 0.5556066487445868 0.3006786952147569 0.0380875904181794 0.03423467816533297