316 0.49893131268206153 0.5798676866094513 0.06039794239901042 0.03896117288667415
309 0.39732334857543894 0.5749217658822454 0.0612019244523216 0.03979248766149883
113 0.39389682020390904 0.6388841363325961 0.06308267319868044 0.05083011721114818
111 0.39262382521847394 0.6826341363325962 0.06308267319868044 0.05083011721114818
110 0.3906377763929728 0.7239903215577714 0.06308267319868044 0.05083011721114818
99 0.3894557096207832 0.7646153215577715 0.06308267319868044 0.05083011721114818
85 0.3874923928485935 0.8051902567829469 0.06381845909205781 0.04931768198597268
260 0.3863557901830264 0.8442527567829469 0.06386392319868044 0.05088018198597268
53 0.3851737234108367 0.8848777567829469 0.06390938730530316 0.05244268198597268
35 0.38323313869195835 0.9246714420081222 0.06390938730530316 0.05244268198597268
260 0.4963542304704657 0.6415363718346266 0.06225595909205772 0.04921755243632351
23 0.4951494316449646 0.6829426218346266 0.06225595909205772 0.04921755243632351
22 0.4916008828194636 0.7241986775101527 0.06225595909205772 0.04921755243632351
260 0.4896830301538966 0.763211112735328 0.06225595909205772 0.04921755243632351
16 0.48852369543501817 0.803054862735328 0.062324155251991795 0.05156130243632369
11 0.48738709276945114 0.842117362735328 0.06303720909205772 0.04926761721114801
10 0.48629595421050686 0.879617362735328 0.06312813730530316 0.052392617211148004