316 0.51484375 0.546875 0.059375 0.03515625
309 0.41328125 0.5484375 0.06015625 0.0359375
113 0.41171875 0.6125 0.06171875 0.046875
111 0.41171875 0.65625 0.06171875 0.046875
110 0.4109375 0.69765625 0.06171875 0.046875
99 0.4109375 0.73828125 0.06171875 0.046875
85 0.41015625 0.77890625 0.0625 0.0453125
260 0.41015625 0.81796875 0.0625 0.046875
53 0.41015625 0.85859375 0.0625 0.0484375
35 0.409375 0.8984375 0.0625 0.0484375
260 0.5140625 0.60859375 0.0609375 0.0453125
23 0.5140625 0.65 0.0609375 0.0453125
22 0.51171875 0.69140625 0.0609375 0.0453125
260 0.5109375 0.73046875 0.0609375 0.0453125
16 0.5109375 0.7703125 0.0609375 0.04765625
11 0.5109375 0.809375 0.06171875 0.0453125
10 0.5109375 0.846875 0.06171875 0.0484375