73 0.15290640624794044 0.311106380826034 0.18304609943080713 0.1602758543429304
76 0.49431265624794046 0.3349798314661231 0.1767960994308071 0.1598388117682835
81 0.8302365194784652 0.35768961985339615 0.1806750758918568 0.15854946337743775
80 0.8153360426103784 0.5322143724512861 0.17416597727182861 0.14326867080279088
79 0.8041099906612139 0.6937310266583305 0.1662852934244526 0.13881611758448215
75 0.49426956614932893 0.5113238101787996 0.16248813758025413 0.14479296597532781
74 0.4955435142001642 0.6737145495351379 0.1560881331160271 0.13576217340068092
64 0.16924229261037854 0.4870350962971587 0.17267166111920443 0.14706566015912906
152 0.18775828773911457 0.6537527027337761 0.17015063311602718 0.1367455191936365
275 0.35464932751011935 0.9166783096745966 0.1511415344959989 0.12059064146969548
264 0.6428896672016938 0.9344931484301867 0.1495790344959989 0.12048138082603402