73 0.15991214676742035 0.2999222110669761 0.18648528114036997 0.14870618647369582
76 0.5013183967674204 0.2979359676080796 0.18023528114037007 0.14866982503737738
81 0.8372240632693231 0.29520029040596185 0.18407786414417587 0.14713005093507636
80 0.8264178503411923 0.4710860795353774 0.17722302768032883 0.1322499394987579
79 0.8189767179454088 0.633667892767094 0.16925136018984296 0.12829823770335977
75 0.5053877673373866 0.47451664832623897 0.1655997781746205 0.13452551180566097
74 0.5104466349416034 0.6370257386853184 0.15899960969555132 0.12589540036934235
64 0.18032410034119223 0.47484494301479946 0.17581969517081486 0.1361470991396782
152 0.2026978019377977 0.6403790394240032 0.1730621096955513 0.12597721360105893
275 0.37544818832509474 0.8909961420797231 0.15370727323170463 0.11102437929210325
264 0.6636339378308032 0.8869752208295335 0.15214477323170464 0.11101528893302373