273 0.175 0.4510957338829633 0.1328125 0.3084945881245368
131 0.3203125 0.4251012874643525 0.06171875 0.08430594095199062
263 0.321875 0.5687145864275932 0.0609375 0.08423759043361087
275 0.4078125 0.5611960294058341 0.05703125 0.07998958784171287
264 0.4703125 0.5557279879354639 0.05859375 0.080126288878472
9 0.553125 0.5508265829872233 0.06015625 0.08026298991523131
35 0.615625 0.544577291516853 0.0578125 0.07927668836009243
53 0.678125 0.5422342500464827 0.05859375 0.079345038878472
72 0.7390625 0.5376841596128717 0.0578125 0.07771418836009243
85 0.8015625 0.5337786181425015 0.05859375 0.077782538878472
99 0.8640625 0.5298730766721313 0.0578125 0.0792766883600926
110 0.55703125 0.4411098303953251 0.059375 0.08331963939685175
111 0.6203125 0.4371359384065753 0.05859375 0.08090753887847217
113 0.6828125 0.43244914693620495 0.05625 0.07913998732333312
10 0.746875 0.42762565442907546 0.059375 0.08331963939685175
11 0.81171875 0.42351506140356643 0.059375 0.08097588939685174
16 0.87578125 0.4202540688964369 0.0578125 0.0800579383600926