273 0.4975739158874363 0.16003876158659763 0.11820562021691713 0.17772756933854178
273 0.806126759271578 0.17425261084475763 0.15324824072842205 0.15901459014010427
53 0.511016708827481 0.6697956212939935 0.04546703610435347 0.027617160144236052
35 0.5116252420049682 0.6995013050895837 0.04546703610435365 0.027617160144236052
186 0.5122292300029156 0.7299882388851741 0.04546703610435365 0.027617160144236052
9 0.5136190131804029 0.7597121064763546 0.04546703610435347 0.027617160144236052
264 0.6001241397420319 0.7984492577868755 0.04546703610435347 0.027617160144236052
275 0.5438605042034125 0.7994837745043755 0.04546703610435347 0.027617160144236052
275 0.4860434590238727 0.7989194236306949 0.04546703610435347 0.027617160144236052
260 0.4289940283057135 0.8007170065526046 0.04546703610435365 0.027617160144236052
272 0.4310105253788472 0.8570215579393754 0.04546703610435347 0.027617160144236052
272 0.4888366609174666 0.856023408813056 0.04546703610435365 0.027617160144236052
272 0.545100296456086 0.854988892095556 0.04546703610435347 0.027617160144236052
272 0.6021406368151656 0.8547538091736463 0.04546703610435347 0.027617160144236052
342 0.8141826154433393 0.6698196839830215 0.04546703610435365 0.027617160144236052
342 0.8147911486208266 0.6995253677786119 0.0454670361043533 0.027617160144236052
342 0.8146229769778536 0.7284316177786119 0.0454670361043533 0.027617160144236052
342 0.8152360553348806 0.757356051574202 0.0454670361043533 0.027617160144236052
264 0.7267139108192707 0.7967075326725006 0.04546703610435347 0.02761716014423623
275 0.7860934559988105 0.7973082511373618 0.04937328610435347 0.027708079122187534
275 0.8454775463578901 0.7971277196022228 0.04780624092481389 0.02689046153100705
260 0.9048616367169696 0.7969471880670842 0.0454670361043533 0.027617160144236052
272 0.9045434741491831 0.8516346880670842 0.04546703610435365 0.02761716014423641
272 0.8475076789696434 0.8510885209889938 0.0454670361043533 0.02761716014423641
272 0.7889048386105637 0.8512872363197228 0.04546703610435365 0.027617160144236052