53 0.0921875 0.24375 0.17734375 0.27109375
152 0.11328125 0.57734375 0.17890625 0.24140625
309 0.14453125 0.86015625 0.17578125 0.20859375
72 0.4484375 0.246875 0.15546875 0.20625
72 0.6328125 0.23828125 0.21015625 0.28515625
35 0.45390625 0.58984375 0.14453125 0.17890625
35 0.6265625 0.58671875 0.19453125 0.23984375
288 0.47578125 0.88046875 0.13828125 0.16015625
308 0.62421875 0.88828125 0.16171875 0.19765625
342 0.2765625 0.253125 0.18515625 0.23984375
342 0.284375 0.58515625 0.16640625 0.20859375
342 0.8234375 0.24140625 0.18359375 0.24609375
342 0.80234375 0.58203125 0.14765625 0.18125