53 0.08790986672895969 0.24858134215265534 0.17581973345791937 0.2803879421072269
152 0.09073299803665659 0.583280568746907 0.18146599607331318 0.25078232926235666
309 0.1044688287882255 0.867730811849502 0.185496660048632 0.21780605495209712
72 0.4369391120772745 0.2703766135222388 0.16507499813797324 0.2143977719354103
72 0.6217143724163569 0.27144554782754954 0.2234376157968189 0.2961700723649517
35 0.42643383581753885 0.613631968565193 0.15286394251362073 0.186480811849502
35 0.5992356350317506 0.6195554992070305 0.20570215219074903 0.2500387008136542
288 0.4347727588958493 0.9054033887370094 0.14574064722835037 0.16740326322898297
308 0.58284638586032 0.9089646915981856 0.1709247377988909 0.18207061680362885
342 0.2647730136488511 0.2676190264579661 0.19632715219074912 0.24954737788287557
342 0.2571209096388564 0.6000597122336149 0.17612166004863195 0.2173147320213186
342 0.8121938232021451 0.28456078075337926 0.1950557506191725 0.2557154907277458
342 0.7752352088530682 0.6240803041591276 0.15609810442427943 0.18898833615976152