259 0.5348334579295562 0.18348037456520389 0.05731510928660892 0.07536653288075694
80 0.8386625703182581 0.4071401126064102 0.04733917574646966 0.0660075083349497
79 0.8388043179724697 0.49803617957587204 0.049956077355623664 0.07010507697140156
78 0.838672914017527 0.5850259965453339 0.05130005606830039 0.067107622729036
77 0.8383776190970915 0.6696720635147957 0.04946440445914604 0.06307382697140156
76 0.8378638028893326 0.7511931304842576 0.04633940445914604 0.0628187354561323
75 0.8371314653942502 0.8295891974537195 0.04768338317182241 0.05982128121376675
74 0.7565766899964274 0.3996627103305971 0.05324496832111638 0.07270391848667054
73 0.7583355679724697 0.4914675730576935 0.049792186390131124 0.06776132697140155
64 0.7606025443393577 0.5794299586636071 0.05202667574646931 0.06639014560785342
63 0.7618697494189223 0.6642035713907035 0.05035491510280767 0.06470009985021878
62 0.7621371832111634 0.7457884112389828 0.04768338317182241 0.059821281213767105
61 0.762967345716081 0.824312023966079 0.04612088317182241 0.05969373545613266
60 0.6728190490309347 0.3904952622971495 0.05475283799928547 0.07205021424430509
59 0.6763043179724697 0.4847714207818804 0.05319033799928548 0.07192266848667064
57 0.6793525443393577 0.5727975792666113 0.04890167574646931 0.06613505409258416
56 0.6821822494189222 0.6576987377513422 0.049573665102807675 0.06463632697140156
55 0.6848480635329943 0.7402561462360732 0.049464404459145864 0.06307382697140156
54 0.6864594760379118 0.8188435318419869 0.047628752849991685 0.05904003121376711
261 0.687852367255506 0.8943059174479003 0.04590236188449914 0.056568735456132654
47 0.5876627990309348 0.3835440185060673 0.05246371832111638 0.07264014560785323
46 0.5942184376506389 0.4772940185060673 0.05213593639013112 0.06795264560785341
44 0.5982118049830195 0.5677276998696155 0.05213593639013112 0.06795264560785341
43 0.6034398903844149 0.6536014269907982 0.05040954542463858 0.06548134985021878
42 0.6061057044984869 0.7361588354755291 0.05024565445914604 0.06313759985021879
41 0.6100062366815736 0.8141562897178947 0.04868315445914586 0.0630100540925845
275 0.6145787582209987 0.8906550168390772 0.047628752849991685 0.059040031213766754
264 0.5396880188646603 0.8860953204726197 0.04768338317182241 0.05982128121376675
260 0.4622350082209986 0.8782193054697102 0.04679287252816078 0.058195008334949706
39 0.5040690490309347 0.3767203204726196 0.056315337999285474 0.07217776000193972
38 0.5106246876506388 0.4704703204726196 0.05626070767745457 0.07139651000193972
37 0.5152900443393578 0.5594052747149851 0.05146394703379294 0.06945137272903601
36 0.522135260062584 0.6461877975938023 0.051808154459146036 0.06326514560785342
28 0.5270901938548251 0.7281552747149851 0.05019102413731495 0.06235634985021878
26 0.5327171170034045 0.8086240247149851 0.047792643815484225 0.06138378121376711
25 0.4174049293527656 0.3704227809239029 0.05302644703379293 0.06957891848667064
24 0.4254684376506389 0.46351907668153747 0.05291718639013112 0.06801641848667064
23 0.4341493049830195 0.5543353953179893 0.05280792574646931 0.06645391848667045
22 0.4417211403844149 0.6404004410756239 0.051862784780976764 0.06404639560785341
20 0.4499103348203177 0.7241855097120755 0.05108153478097677 0.06398262272903601
16 0.4562092473252354 0.8031555325908929 0.04930051349365332 0.06073007697140156
11 0.3306315490309347 0.3625627413751862 0.05464357735562366 0.07048771424430508
10 0.3411480679724697 0.4574128557692726 0.05447968639013112 0.06814396424430527
113 0.35050092466118865 0.5467304472845417 0.05275329542463858 0.06567266848667046
111 0.3605257707062458 0.6345493116786279 0.05035491510280767 0.06470009985021878
110 0.37027746514214865 0.7184619260727143 0.051698893815484225 0.061702645607853414
99 0.3789201276470663 0.7976232675879833 0.04930051349365332 0.06073007697140156
85 0.24558455967459653 0.357173997584104 0.053862327355623754 0.07042394136548787
72 0.2576635786161315 0.45215165773582483 0.0528625560683003 0.06723516848667047
35 0.26936018530485034 0.5416605678875458 0.05269866510280767 0.06489141848667064
9 0.2808929010280766 0.6288257280392667 0.051917415102807674 0.06482764560785341
8 0.29058996514214863 0.711957092433353 0.049409774137315135 0.06229257697140156
1 0.30079512764706623 0.7912459797062565 0.04997250284999159 0.05923134985021896