259 0.5192699703425048 0.1161727320124319 0.05524059832684465 0.07353169933804624
80 0.8009643448296228 0.3026730423942954 0.04551542984777583 0.06450130169541106
79 0.7909898255522508 0.3943703908227188 0.04801834733826169 0.06851671360606985
78 0.7811744737653648 0.4821614892511422 0.04945351334587293 0.06546448821317571
77 0.7714546224727705 0.5676088376795657 0.0477318458553869 0.06148546360606986
76 0.7618621051725649 0.6499311861079891 0.0446068458553869 0.06133991439185813
75 0.7523969218647482 0.7291285345364125 0.046042011862998146 0.05828768899896399
74 0.7189649283277199 0.3057124592673529 0.05123884783255335 0.07100601282028159
73 0.7105210755522507 0.3981182830886705 0.04792284684397004 0.06617296360606986
64 0.7030176402672677 0.4865814696064351 0.050202929847775656 0.06471962551672875
63 0.6948602889746733 0.5719560434277527 0.04857676285158128 0.0630843509096227
62 0.6860490216744678 0.6542420045526232 0.046042011862997965 0.05828768899896399
61 0.678146338366651 0.7333665783739407 0.044479511862998145 0.05821491439185813
60 0.6354666788220115 0.3072621507475163 0.05276951433445589 0.07029753742738745
59 0.6284898255522509 0.40193894996172796 0.05120701433445589 0.07022476282028159
57 0.6217676402672676 0.49036574917593967 0.04707792984777566 0.06457407630251702
56 0.6151727889746733 0.5756675483901514 0.047795512851581276 0.06304796360606986
55 0.6086734381763705 0.6586255976043631 0.04773184585538672 0.06148546360606986
54 0.6015520048685538 0.7377137841221277 0.046010178364900865 0.057506438998963995
261 0.5945579055531258 0.8136769706398924 0.04435217787060921 0.05508991439185813
47 0.5503104288220115 0.3112283668347855 0.050457597832553346 0.07096962551672865
46 0.546490409050348 0.4049783668347855 0.050266596843970036 0.06628212551672856
44 0.5404539732710733 0.4957125287454442 0.050266596843970036 0.06628212551672874
43 0.5361710384803817 0.5816864160489972 0.04860859634967838 0.0638656009096227
42 0.5296716876820791 0.664644465263209 0.048513095855386726 0.0615218509096227
41 0.5249258378723594 0.7428422398703148 0.0469505958553869 0.06144907630251702
275 0.5210249050588341 0.8194411271738676 0.046010178364900865 0.05750643899896417
264 0.44596123806263976 0.8244968083149488 0.046042011862997965 0.05828768899896417
260 0.3686811550588342 0.8265366513666887 0.04519709486680368 0.056688801695410976
39 0.4667166788220115 0.31512180831494885 0.05433201433445589 0.07037031203449332
38 0.46289665905034794 0.40887180831494885 0.05430018083635879 0.0695890620344933
37 0.45770514026726766 0.4980070829220547 0.04954901384016441 0.06780823821317572
36 0.4549528719784789 0.5846894456185018 0.05007559585538672 0.06159462551672874
28 0.4508291046782734 0.6667570829220548 0.048481262357289626 0.0607406009096227
26 0.4475502543742622 0.7472258329220547 0.04610567885919252 0.059850188998963993
25 0.37996609532391423 0.31994204900932394 0.051111513840164505 0.06788101282028158
24 0.3777404090503479 0.4128380244022181 0.051047846843970034 0.06631851282028159
23 0.37639147327107325 0.5033538624915593 0.05098417984777566 0.06475601282028158
22 0.3744522884803817 0.5892185878844535 0.05010742935348409 0.06237587551672874
20 0.37338985418398174 0.6727031759737947 0.049326179353484004 0.06233948821317572
16 0.370955920876165 0.7515730386702417 0.04763634536109525 0.05914171360606986
11 0.2932791788220114 0.323199789703699 0.05270584733826169 0.06873503742738744
10 0.2933335755522507 0.41754910318593436 0.052610346843970035 0.06639128742738745
113 0.29282955676917044 0.5064660539717226 0.05095234634967847 0.06397476282028158
111 0.2931704549822845 0.593784117453958 0.04857676285158128 0.0630843509096227
110 0.29367052068588456 0.6771959309361935 0.05001192885919252 0.06003212551672874
99 0.2935803373780678 0.7559566317219817 0.04763634536109525 0.05914171360606986
85 0.20805926182581702 0.32872850579096824 0.05192459733826169 0.06869865012383451
72 0.20967615855605634 0.4230050446660978 0.05101601334587284 0.06553726282028158
35 0.21151588977297603 0.5118128335412273 0.05092051285158128 0.06319351282028159
9 0.2134511214841873 0.5982768724163569 0.05013926285158128 0.06315712551672874
8 0.21398302068588454 0.680907435898592 0.04770001235728962 0.060704213606069854
1 0.21545533737806782 0.7595953620772745 0.048353928364900864 0.0576156009096227