228 0.6702139925564019 0.10380226681440916 0.15809294396136267 0.1269833401401043
175 0.6565431366843804 0.22976535477031196 0.1575835217116218 0.11604584014010424
174 0.6432725411514412 0.3471346927262147 0.13868797249741008 0.11248442904593761
173 0.6279492940469252 0.45830858206888825 0.1331271772121397 0.09362532627239588
172 0.6194582437992562 0.5568370010468398 0.1253146772121397 0.09344348831649327
171 0.6040814927657989 0.6524040741851037 0.13298162799792798 0.09050032627239588
252 0.42430421733012347 0.3569136554914927 0.14230312406898663 0.106325348023889
152 0.4183195829220547 0.46865058928708303 0.14442855024766904 0.10169239941065981
201 0.4134436842459623 0.573338089287083 0.1356892510334573 0.09836737765916688
194 0.4088588839982933 0.671775589287083 0.13930440260503385 0.09220829663711819
264 0.5888823701445544 0.8111796621410065 0.1163570541766104 0.08543096656499997
275 0.40196241294862534 0.8366011554914927 0.12907537799792798 0.09040940729444458
266 0.43631202750259 0.09910115549149269 0.16846751778268027 0.13190722948277792
266 0.4286364605056979 0.23038752308267324 0.16788532092583353 0.11940722948277793