228 0.67578125 0.11953125 0.15234375 0.1234375
175 0.66796875 0.2453125 0.15234375 0.1125
174 0.66015625 0.3625 0.13359375 0.109375
173 0.65 0.4734375 0.12890625 0.090625
172 0.64609375 0.571875 0.12109375 0.090625
171 0.63515625 0.6671875 0.12890625 0.0875
252 0.44140625 0.3671875 0.1375 0.103125
152 0.440625 0.47890625 0.13984375 0.0984375
201 0.440625 0.58359375 0.13125 0.0953125
194 0.440625 0.68203125 0.13515625 0.0890625
264 0.62734375 0.82578125 0.1125 0.0828125
275 0.44140625 0.846875 0.125 0.0875
266 0.44140625 0.109375 0.1625 0.128125
266 0.43984375 0.240625 0.1625 0.115625