260 0.5199407954246386 0.07071901785361219 0.06594171027534479 0.05030969155801359
265 0.5188424711711079 0.133123560467286 0.059019720919006244 0.05174946063273707
85 0.5155914210548923 0.25401275892515846 0.0741366225281606 0.05591480925276535
72 0.5148919345485458 0.31096218830830746 0.07084773156266806 0.0535165121748646
53 0.5156456873985373 0.3663763912304067 0.07146509059717551 0.05118639894433983
35 0.5161809189612054 0.41866559415250604 0.06990259059717552 0.05115912540538954
9 0.5158802702020427 0.47015991030513027 0.06744957995351371 0.04955571509696384
260 0.5163062411210492 0.5208866132272295 0.0682308299535137 0.04956935186643925
260 0.5157870710745629 0.5692559293798537 0.06666832995351371 0.04954207832748878
248 0.515158640384415 0.6160627455324779 0.06494193898802117 0.047171054788538315
266 0.5146394703379287 0.6644320616851019 0.06410605866619026 0.04637616801906326
272 0.3095306253012778 0.8668501294625791 0.09190863057393237 0.07573243141174402
272 0.5149172478294385 0.9250559159871731 0.10190098960843982 0.07356595941492117
260 0.5137268163829859 0.7518093307598255 0.061144949631682974 0.048665370941162675
260 0.5136611144055145 0.7955047836819248 0.062434298022528624 0.04478639448011297