28 0.740040744572933 0.15401226810149532 0.21262390999505137 0.18361357336090783
26 0.5403306716421545 0.1610691480744511 0.20172735357261615 0.18426755402608969
25 0.36327684871137605 0.16838965738381587 0.1837209820213186 0.16844255935708982
24 0.725888634102912 0.30472079276731356 0.2122144742194024 0.1758010733609078
23 0.5326332790599579 0.3079441480744511 0.2011131999091429 0.1725488040260897
22 0.36075827905995783 0.30594420138445216 0.17792468340079956 0.1621289246896808
20 0.7155985080290588 0.44140318010022267 0.20802161917644818 0.17028687002704412
16 0.5272763144514938 0.43999357940799655 0.19844190128862388 0.16627153202577158
11 0.35700475802905873 0.4372305640515431 0.17977378844375372 0.16761585602322615
10 0.7045680755327703 0.5772952267663591 0.1989332242194024 0.1756465320257714
113 0.5236046805757245 0.5697174420750875 0.18964343340079956 0.16226528469127163
111 0.3594979149718922 0.553736811386043 0.1770615462456698 0.160557334022908
110 0.6944826673467415 0.7100713640992682 0.19317786917644836 0.17011414735836256
99 0.517916845320474 0.6931640327418602 0.18767149762515095 0.15443460335772627
85 0.35491887833716085 0.6709424927195885 0.17578565128862386 0.16600790268936266
72 0.6843120499793154 0.8295571607654046 0.1901756999091429 0.17242153469127147
53 0.5124746715306129 0.8119231234086328 0.18898501413349428 0.16459994402449887
35 0.35182045454729965 0.7897288553866794 0.1688772320213186 0.1682698366884079
9 0.6740152798529274 0.9329831403763389 0.18541295680654796 0.13403371924732213