28 0.739192760664518 0.18885851770997977 0.21368161035393438 0.19308068401734038
26 0.5394279790944869 0.18663034684681903 0.20278961298477044 0.19322489718563746
25 0.36231944752445583 0.18572175227790008 0.18469206036805197 0.17659883930724707
24 0.7241607529131846 0.3392757466632924 0.21322658404557515 0.18526818401734033
23 0.5308734844973332 0.333505346846819 0.20210707352223167 0.18150614718563746
22 0.3589984844973332 0.32349476806291566 0.17885928932136447 0.17003032089139564
20 0.7130727925168978 0.47581248613994875 0.2090018156297237 0.17957192086316062
16 0.5247460398860618 0.4656276021084909 0.1993993024755442 0.17511963929312965
11 0.3544790425168978 0.4549267785862593 0.18074030773721592 0.17559007615306754
10 0.701249084751447 0.611522472985769 0.19994533404557532 0.18449463929312965
113 0.5203176031672985 0.5954971126318347 0.19057803932136447 0.17071286035393457
111 0.3562929005223451 0.5718335575254545 0.17798703405969274 0.16842231826055976
110 0.6903886375093398 0.7441529624624253 0.1941580656297237 0.17870737087727803
99 0.5139094374952223 0.7189801152626705 0.18856051301300525 0.16280935509226246
85 0.3510300058969563 0.6891120627871263 0.17674305247554417 0.17380006299888784
72 0.6795204849914434 0.8634566993082456 0.1911695735222315 0.18086911035393455
53 0.5077742876081619 0.8377756178935064 0.18993329721387225 0.1730111077230987
35 0.3472386060098958 0.80804407331047 0.16984831036805198 0.17573428932136465
9 0.6685991245669216 0.9477481918039674 0.1862244682887944 0.10450361639206526