264 0.6482653040583344 0.05561104396742657 0.04189712939029935 0.08751257800932014
275 0.5779028070833965 0.05234525662476264 0.04584428600615773 0.0948398259347277
10 0.6517817103796051 0.25699594521218205 0.04110224385167989 0.08510962842423861
113 0.6531356530016209 0.3553742456271005 0.04033008421075941 0.0866129288391571
111 0.6552663004440971 0.45291209645693753 0.0434232679539809 0.08138097717948316
110 0.6558435382456528 0.5521308464569376 0.045812469749379046 0.0893710759347277
99 0.658755435688129 0.649609497701693 0.04345508421075941 0.08684972717948317
85 0.5822322796614458 0.25913970828443655 0.044249969749379045 0.08925267676456468
72 0.5851759933607006 0.36208710952919204 0.04501758421075959 0.0869681263496462
53 0.585757776341796 0.462087109529192 0.04344599385167989 0.08528722717948316
35 0.5894736496819714 0.563412811188866 0.04345962939029935 0.08763097717948316
9 0.5916224778426067 0.664075662018703 0.04426360528799833 0.0915964267645645