273 0.49296875 0.22421875 0.32734375 0.1484375
9 0.4 0.42109375 0.10390625 0.0828125
35 0.49921875 0.4203125 0.09765625 0.084375
53 0.59921875 0.41875 0.10234375 0.084375
72 0.40234375 0.5234375 0.1 0.084375
85 0.50078125 0.521875 0.09765625 0.084375
99 0.59921875 0.521875 0.10234375 0.084375
110 0.403125 0.6234375 0.09765625 0.08125
111 0.50078125 0.62265625 0.09765625 0.0828125
113 0.59765625 0.62265625 0.1 0.0828125
276 0.40390625 0.7234375 0.1 0.08125
8 0.503125 0.721875 0.09765625 0.08125
0 0.6 0.7203125 0.09609375 0.08125
131 0.50546875 0.84375 0.28984375 0.084375