273 0.508647652365459 0.247179138541898 0.33772351114786475 0.16368378018867719
9 0.42944574346683756 0.4397240494190995 0.10969706411407198 0.08765201137253946
35 0.5286098631450067 0.44356398697032146 0.10355632475773362 0.08892341294411601
53 0.628500602501345 0.44665906182509635 0.10824382475773361 0.08914173676543377
72 0.4389460656266813 0.5421769613297582 0.10590007475773362 0.08903257485477489
85 0.5372743049830195 0.5451992615774273 0.10355632475773362 0.08892341294411601
99 0.6357118049830195 0.5497840618250963 0.10824382475773361 0.08914173676543377
110 0.44671999682103236 0.6422133486333113 0.10333780347041036 0.08579841294411601
111 0.5443216164992014 0.6459805115774273 0.10344706411407198 0.087360912944116
113 0.6411966164992015 0.6504925372179905 0.10579081411407198 0.0874700748547749
276 0.45449392801538335 0.7422497359368642 0.10568155347041035 0.08590757485477489
8 0.5536034173717216 0.745308423488086 0.10333780347041017 0.08579841294411601
0 0.6503691567280598 0.7482579491286492 0.10177530347041017 0.08572563833701033
131 0.5644694975773369 0.8672925853987449 0.29574382475773364 0.09787468961813665