25 0.19296875 0.32734375 0.11875 0.0828125
26 0.396875 0.3328125 0.11875 0.0875
28 0.6 0.334375 0.12109375 0.0875
259 0.80859375 0.33984375 0.12890625 0.0921875
20 0.2125 0.4703125 0.1125 0.075
22 0.40078125 0.47578125 0.11015625 0.0765625
23 0.590625 0.478125 0.11015625 0.075
24 0.784375 0.48046875 0.11015625 0.0765625
113 0.22890625 0.59453125 0.10390625 0.0703125
10 0.403125 0.5984375 0.10625 0.071875
11 0.58203125 0.603125 0.10625 0.071875
16 0.765625 0.60546875 0.10625 0.0703125
85 0.240625 0.70546875 0.09765625 0.0609375
99 0.40703125 0.70859375 0.09765625 0.0640625
110 0.57578125 0.71171875 0.09765625 0.0640625
111 0.74921875 0.71796875 0.10234375 0.0671875
9 0.25 0.803125 0.09140625 0.05625
35 0.41015625 0.80703125 0.09140625 0.0609375
53 0.57109375 0.8109375 0.09140625 0.059375
72 0.734375 0.8171875 0.09375 0.059375
275 0.33828125 0.89453125 0.08515625 0.0546875
152 0.49140625 0.89765625 0.09140625 0.0546875
264 0.64296875 0.903125 0.09375 0.05625