25 0.2158588548471335 0.3104611719602318 0.12454081411407199 0.09320177879370348
26 0.4201475170999496 0.2980904366631489 0.12486859604505707 0.09788927879370349
28 0.6233817777436113 0.2818818018844456 0.12721234604505724 0.09809433034884237
259 0.8323579399964274 0.2691009634770849 0.13535262797604233 0.10346533553263866
20 0.24538745374218224 0.45172115900074117 0.11774451089576328 0.08484247464666642
22 0.43405111599499835 0.44071743407125075 0.11551002153942491 0.08619992309152753
23 0.624058756960491 0.4264520081050011 0.11540076089576327 0.08463742309152752
24 0.8179726479259836 0.4118448295468534 0.11551002153942491 0.08619992309152753
113 0.2704799249132902 0.574504548114769 0.1088229789647781 0.07940311894449045
10 0.4449718265224445 0.5631686325161119 0.11127598960843983 0.08117067049962934
11 0.6242058584534298 0.552203863807177 0.11127598960843983 0.08117067049962934
16 0.8079634994189224 0.5384852419879644 0.11116672896477801 0.07960817049962934
85 0.2899561806132734 0.6844167903390745 0.10191741510280768 0.06948131479745356
99 0.4565809519005969 0.6729831299242137 0.10213593639013112 0.07260631479745357
110 0.6255494731879203 0.6613444179542141 0.10213593639013112 0.07260631479745357
111 0.7994240157625672 0.6524206028739366 0.10704195767745475 0.07614141790773132
9 0.3061599708421318 0.781252834118519 0.09533963317182241 0.06424701065041649
35 0.4665893724512862 0.7711472278506952 0.09566741510280767 0.06893451065041649
53 0.6278000240604404 0.7609732710644919 0.09555815445914603 0.0673720106504165
72 0.7915183166350873 0.7529380127231495 0.09790190445914604 0.06757706220555537
275 0.4008329684963433 0.864935475541621 0.0889803725281606 0.06213770650337942
152 0.5541764897836667 0.8546637739392139 0.09523037252816077 0.06268451065041632
264 0.7061214020364829 0.8468725233735661 0.09768338317182242 0.06445206220555519