259 0.48491023156266805 0.02852179778964568 0.09632297896477801 0.05704359557929136
264 0.5768952717915266 0.11039301667262107 0.09252598960843983 0.07799359604505715
275 0.40073160953871045 0.11721608908456624 0.09497900025210164 0.07971998701054979
193 0.5778671819506556 0.2814703411782532 0.08583894703379294 0.07130655347041018
25 0.580369105099235 0.36215761246557665 0.08807343639013113 0.0699079444359028
26 0.4089532909851631 0.29092674069372054 0.09007297896477802 0.07626720507956453
24 0.41547072477740415 0.3729033603718897 0.08774565445914603 0.0652204444359028
23 0.5801448659949984 0.43754002471839276 0.08919889381548422 0.06376720507956453
22 0.42009787663866005 0.45030174069372053 0.08941741510280768 0.0668922050795647
16 0.5798659965689307 0.5121411869712088 0.08305815445914604 0.06489266250491763
11 0.4267409965689307 0.5228487300500588 0.08518338317182242 0.06193155347041017
10 0.5814392042463854 0.5795472082585322 0.08105861188449896 0.058533401861255815
113 0.4285327255337088 0.5933797513373823 0.08305815445914586 0.06489266250491763
111 0.5813952816020092 0.6462812401895175 0.0749178725281606 0.0596588592866091
110 0.43239505288933255 0.6598406316592131 0.07648037252816078 0.05976811993027074
99 0.5826953376703093 0.7097810114768409 0.07637111188449897 0.058205619930270555
85 0.43943701056678713 0.7268642406937206 0.07626185124083733 0.05664311993027056
72 0.5845034921294553 0.7693199024423336 0.08084009059717552 0.05540840186125599
53 0.442081045347764 0.7871297513373823 0.07849634059717552 0.05524451089576328
35 0.5846945162667703 0.8281868040514879 0.07191855866619043 0.050119968321116204
9 0.4412722981977556 0.8429262832683676 0.07191855866619043 0.050119968321116204