259 0.48125 0.0916278433514369 0.09140625 0.07777392682162032
264 0.56640625 0.19623533714251906 0.0875 0.079017562427534
275 0.390625 0.17641768940863384 0.08984375 0.0807713810639858
193 0.55546875 0.3656550168390773 0.08125 0.0722573793969958
25 0.55234375 0.4458686753238082 0.08359375 0.07088619803344756
26 0.38671875 0.3495363250145475 0.08515625 0.07726374379108218
24 0.3875 0.43163134789336477 0.08359375 0.06619869803344773
23 0.546875 0.5204222651720873 0.08515625 0.06476374379108218
22 0.38671875 0.5089113250145475 0.08515625 0.06788874379108219
16 0.54140625 0.5941946050203665 0.07890625 0.06581606076054403
11 0.38828125 0.581695120772182 0.08125 0.0628823793969957
10 0.53828125 0.6611270135050974 0.07734375 0.0594385150029094
113 0.38515625 0.651752529256913 0.07890625 0.06581606076054403
111 0.53359375 0.7271506262321938 0.07109375 0.06049083197237124
110 0.384375 0.7180950063780956 0.07265625 0.06061837773000587
99 0.53046875 0.7901767847169248 0.07265625 0.05905587773000587
85 0.38671875 0.7854738250145475 0.07265625 0.05749337773000569
72 0.528125 0.849360466080473 0.07734375 0.056313515002909396
53 0.38515625 0.8455025292569129 0.075 0.0561221963664579
35 0.52421875 0.9076353516863864 0.06875 0.05092451333591939
9 0.38046875 0.9005886419840092 0.06875 0.05092451333591939