259 0.48125 0.05234375 0.09140625 0.0703125
264 0.56640625 0.15 0.0875 0.071875
275 0.390625 0.14453125 0.08984375 0.0734375
193 0.55546875 0.3203125 0.08125 0.065625
25 0.55234375 0.40078125 0.08359375 0.0640625
26 0.38671875 0.31796875 0.08515625 0.0703125
24 0.3875 0.4 0.08359375 0.059375
23 0.546875 0.47578125 0.08515625 0.0578125
22 0.38671875 0.47734375 0.08515625 0.0609375
16 0.54140625 0.55 0.07890625 0.059375
11 0.38828125 0.55 0.08125 0.05625
10 0.53828125 0.6171875 0.07734375 0.053125
113 0.38515625 0.6203125 0.07890625 0.059375
111 0.53359375 0.68359375 0.07109375 0.0546875
110 0.384375 0.68671875 0.07265625 0.0546875
99 0.53046875 0.746875 0.07265625 0.053125
85 0.38671875 0.75390625 0.07265625 0.0515625
72 0.528125 0.80625 0.07734375 0.05
53 0.38515625 0.8140625 0.075 0.05
35 0.52421875 0.86484375 0.06875 0.0453125
9 0.38046875 0.86953125 0.06875 0.0453125