273 0.42734375 0.175 0.203125 0.05390625
266 0.396875 0.44765625 0.04765625 0.03828125
266 0.46796875 0.44765625 0.04921875 0.03828125
259 0.3953125 0.49375 0.04765625 0.03828125
263 0.46875 0.49453125 0.0453125 0.0375
275 0.3953125 0.5421875 0.04609375 0.03671875
264 0.46875 0.5421875 0.04609375 0.040625
99 0.39609375 0.6453125 0.04765625 0.03671875
266 0.46953125 0.64296875 0.04609375 0.0375
260 0.4703125 0.6859375 0.04765625 0.0375
260 0.471875 0.728125 0.04921875 0.03671875
259 0.47265625 0.771875 0.046875 0.03828125
8 0.39609375 0.77578125 0.05 0.03828125
35 0.3953125 0.73203125 0.04765625 0.03828125
72 0.396875 0.68828125 0.0484375 0.03671875
259 0.93203125 0.4921875 0.04609375 0.03671875
266 0.9296875 0.44921875 0.04453125 0.03671875
266 0.86640625 0.44921875 0.04296875 0.0375
342 0.946875 0.71171875 0.03984375 0.03515625
342 0.94765625 0.74921875 0.04140625 0.03515625
273 0.884375 0.19921875 0.17890625 0.05546875
272 0.4359375 0.91640625 0.02734375 0.02421875
272 0.9203125 0.884375 0.0296875 0.02578125
342 0.9453125 0.67109375 0.03984375 0.03515625
342 0.9421875 0.63359375 0.03984375 0.03515625
342 0.934375 0.53828125 0.03984375 0.03515625
342 0.871875 0.53828125 0.03984375 0.03515625