273 0.4406044570582587 0.16256556683869672 0.20720977137062438 0.05981658386094857
266 0.43079636225170637 0.436108366917839 0.05055702966899407 0.0396679052519918
266 0.5018901122517063 0.43403975006650697 0.052119529668994066 0.03971336935861451
259 0.4327266377715156 0.4822475810244617 0.05055702966899407 0.0396679052519918
263 0.5062233373565971 0.4808920180131956 0.04815408008391255 0.03881845909205772
275 0.4363970120465693 0.5306850810244617 0.048876130498831216 0.03805994114536908
264 0.5098345120465694 0.5285482680131957 0.04917212842423861 0.04196619114536908
99 0.4449926072773289 0.6337873489711503 0.05043863049883104 0.0381054052519918
266 0.5182525085220844 0.6293067859598843 0.04893533008391256 0.03884119114536908
260 0.5222897357015676 0.6722528039065729 0.05049783008391255 0.038886655251991795
260 0.5270490132959692 0.7143948397999503 0.05200113049883104 0.03815086935861452
259 0.5311454400605339 0.758122107746639 0.04977577966899407 0.03964517319868044
8 0.4548789379859414 0.7642560989711503 0.05290077966899407 0.03973610141192587
35 0.45078251122137675 0.7205288310244617 0.05055702966899407 0.0396679052519918
72 0.4490298344568121 0.676733366917839 0.05121988049883104 0.03812813730530316
259 0.9693269886013525 0.4650681603995707 0.04887613049883086 0.03805994114536908
266 0.9637272614218695 0.4221676065595047 0.04731363049883086 0.038014477038746365
266 0.9004460114218695 0.42400890287772325 0.045810330083912734 0.03875026293212365
342 0.9897759781724617 0.6841675013866553 0.02044804365507673 0.03631558471887821
342 0.991196768214418 0.7216447693333439 0.017606463571164 0.03636104882550093
273 0.8994708941957856 0.1734860656515625 0.18310942054078722 0.06067439020829699
272 0.5053786133006135 0.9037217642522719 0.029178937137526794 0.025014371865896834
272 0.9857529435792134 0.8575966411992407 0.028494112841573126 0.026645068025830908
342 0.9874555389603424 0.6435879654932779 0.02508892207931517 0.03631558471887839
342 0.9844722489183863 0.6061788937065232 0.031055502163227545 0.03631558471887821
342 0.9751635141211619 0.5110937142396367 0.04250773132866783 0.03631558471887821
342 0.9126635141211619 0.5129122785045439 0.04250773132866783 0.03631558471887839