273 0.41612924043927607 0.1899231725874891 0.2065794694629016 0.06099953130301126
266 0.3681878840254695 0.46151543039203735 0.05010942396640834 0.039945442921091076
266 0.43928163402546955 0.4639980788480914 0.05167192396640843 0.04000000662342203
259 0.36367156231081454 0.5075546166897065 0.05010942396640834 0.039945442921091076
263 0.43705899753598987 0.5109003606992568 0.047715609191583755 0.03908234736759475
275 0.3605675462716856 0.5559921166897065 0.04844679441675907 0.03832837921876031
264 0.43400504627168557 0.5585566106992568 0.04869711829088228 0.04223462921876013
99 0.35474024599483034 0.659144398540872 0.050009294416759074 0.038382942921091255
266 0.4283279403193044 0.6593651425504221 0.04849685919158375 0.039109629218760135
260 0.4263556277039481 0.7023611744015876 0.050059359191583754 0.03916419292109108
260 0.42521462986341635 0.7446032381039185 0.051571794416759076 0.038437506623422026
259 0.42319225247323533 0.7883805199550838 0.04932817396640843 0.03991816106992587
8 0.3463794285991121 0.789613148540872 0.05245317396640834 0.040027288474587405
35 0.34840180598929305 0.7458358666897065 0.05010942396640834 0.039945442921091076
72 0.35276793337947404 0.7021404303920373 0.05079054441675908 0.03841022477225646
259 0.9004904418604639 0.5247347484403555 0.04844679441675907 0.03832837921876031
266 0.9009002544758202 0.4816841528868592 0.04688429441675908 0.03827381551642937
266 0.8376190044758202 0.4794743229424595 0.04537185919158375 0.0390005018140986
342 0.9012659901347343 0.7447843536124987 0.04209666486710972 0.03654762440943671
342 0.8996441309431505 0.7823116354636641 0.043659164867109725 0.03660218811176783
273 0.8716084824197115 0.23010180551926443 0.18246084901255094 0.061716293916883026
272 0.3772115191306732 0.9316295229503087 0.028895758019564434 0.025173614790789854
272 0.8636391748984842 0.916513020672874 0.03133963756921361 0.026817960344286008
342 0.9023068584256165 0.7041047899101678 0.04209666486710972 0.03654762440943671
342 0.9015849676172003 0.6664956625055061 0.04209666486710972 0.03654762440943671
342 0.8998803701458089 0.5709103439938519 0.04209666486710972 0.03654762440943671
342 0.8373803701458089 0.5687277959006176 0.04209666486710972 0.03654762440943671