16 0.34977394489361996 0.17739340153609684 0.16491861568619354 0.11413196578658184
113 0.34445013708581673 0.2687996515360968 0.16441808674699834 0.1055382157865818
22 0.51852394489362 0.18328628138782926 0.16670862884037305 0.11809277948891275
10 0.510719879193309 0.276954435834333 0.16129308674699844 0.10542908838192018
225 0.6886089317394404 0.19313997494189256 0.17474864199455276 0.12227184800056703
11 0.6776343634082934 0.28748025198373456 0.16299209463950604 0.10782740208425104
99 0.33673010039528817 0.4282292152384278 0.15875962094786536 0.11547621097725838
53 0.3353580452183209 0.5189906244942548 0.15637807359281872 0.1013591472749276
282 0.32888126108804105 0.603311060791924 0.1567420946395061 0.10760914727492761
110 0.4983123425027804 0.4362203084296713 0.16165710779368575 0.11167908838192009
72 0.4929430320641413 0.5284078084296713 0.15839559990117796 0.10922621097725838
9 0.48541198214884584 0.617388462876175 0.15021907885449046 0.10270339246560418
111 0.6605848293486007 0.44580118347208025 0.15719712094786545 0.11542164727492761
85 0.6498832768024695 0.5354539605139224 0.15517959463950604 0.10755458357259684
35 0.64083522951801 0.6235988012580951 0.1501280735928187 0.10114089246560418
275 0.3232466401401757 0.7134945926430895 0.1513265525461313 0.09494545616793496
264 0.6299138690934883 0.7304663601511026 0.15334407885449047 0.10281251987026589
259 0.32407412179491135 0.7933730656012474 0.14663905254613133 0.09478176506094246
288 0.6194398297015365 0.8162128871929447 0.14530406570031093 0.09863345135861153