16 0.359375 0.16484375 0.15859375 0.10859375
113 0.359375 0.25625 0.15859375 0.1
22 0.528125 0.16484375 0.16015625 0.1125
10 0.52578125 0.25859375 0.15546875 0.1
225 0.6984375 0.16875 0.16796875 0.11640625
11 0.69296875 0.26328125 0.15703125 0.10234375
99 0.3609375 0.415625 0.15234375 0.11015625
53 0.36484375 0.50625 0.15078125 0.09609375
282 0.36328125 0.590625 0.15078125 0.10234375
110 0.52265625 0.41796875 0.15546875 0.10625
72 0.52265625 0.51015625 0.15234375 0.10390625
9 0.5203125 0.59921875 0.14453125 0.09765625
111 0.68515625 0.421875 0.15078125 0.11015625
85 0.6796875 0.51171875 0.14921875 0.10234375
35 0.67578125 0.6 0.14453125 0.09609375
275 0.3640625 0.70078125 0.14609375 0.08984375
264 0.67109375 0.70703125 0.14765625 0.09765625
259 0.36953125 0.78046875 0.14140625 0.08984375
288 0.665625 0.79296875 0.13984375 0.09375