343 0.8639501311745483 0.12210282714128784 0.035883601823611146 0.03329761838761662
265 0.8636221696435415 0.16971357451045194 0.03584723423243048 0.031735118387616626
259 0.8605127405976039 0.30330732451045195 0.05652341014423641 0.048543186789350656
259 0.4910724095755553 0.3209238188958442 0.07950696846486113 0.06392526308359248
85 0.4203916611910759 0.5754817872552259 0.08553876291777787 0.05491428413027997
72 0.4166295751350342 0.6365557951477336 0.08632001291777787 0.054959786761115834
53 0.4166464525098605 0.7028710398860619 0.08557513050895835 0.05647678413027997
260 0.4151553812714576 0.7669335398860618 0.08475751291777786 0.05486878149944392
260 0.41600806003305485 0.8308595319935541 0.08566604948690966 0.06038303413027961
260 0.414516988794652 0.8949220319935541 0.08094218189572917 0.05854751834526439
342 0.9068201236720135 0.5260854008752809 0.07527341014423641 0.04963524992941295
342 0.9047478241851035 0.5815996535061169 0.07527341014423641 0.04963524992941295
342 0.9017851719246522 0.6418469087677886 0.07527341014423605 0.04963524992941295
342 0.8965696886421523 0.6983244219219683 0.07527341014423641 0.04963524992941295
342 0.8929167053596521 0.7547109298144761 0.07527341014423605 0.04963524992941295
342 0.8915892882815617 0.8117421798144762 0.07527341014423605 0.049635249929412595
342 0.8364095193798603 0.9031176087113189 0.07527341014423605 0.049635249929412595
342 0.9437317101093047 0.8843837482867972 0.06900522634864573 0.04848997888272564