343 0.8669642653217021 0.15245405309920065 0.03533805718159257 0.032068270801562535
265 0.8674682593697739 0.2000921193036104 0.0353289668225127 0.030505770801562537
259 0.8666910336684666 0.3336858693036104 0.05573237041330899 0.04660354948690974
259 0.4971825095661656 0.33838055461781213 0.0784704336450254 0.06119337955902786
85 0.43087975693388697 0.5906710596518051 0.0846658914905479 0.05196384992375016
72 0.42818148292978186 0.651663111038576 0.08544714149054791 0.05198203371934031
53 0.4293576426688981 0.7180329934473955 0.08467498184962743 0.05352634992375016
260 0.42898493794663384 0.7820954934473955 0.08388464149054772 0.05194566612815983
260 0.43095598322436945 0.8461034420606246 0.0846977077473264 0.05743259992375016
260 0.43058327850210515 0.9101659420606246 0.08000111738824689 0.055760997150208526
342 0.9169399767814618 0.558266988794652 0.07448237041330899 0.04703996058107638
342 0.9158360190341355 0.6137539225902422 0.07448237041330899 0.047039960581076554
342 0.91392354020957 0.6739465401814229 0.07448237041330899 0.047039960581076554
342 0.9096900372827038 0.7302874591593742 0.07448237041330899 0.047039960581076554
342 0.9070190343558376 0.786592010546145 0.07448237041330899 0.047039960581076554
342 0.9066872362494316 0.8436232605461452 0.07448237041330899 0.0470399605810762
342 0.8530486309614332 0.9331410086462839 0.07448237041330899 0.0470399605810762
342 0.9601526038340701 0.9181498286504158 0.06822782523376922 0.046113240216354254