20 0.592802580100025 0.23934638465485664 0.06423364773014448 0.1136357740041051
11 0.5977976201500372 0.3573242250139363 0.06396086309040835 0.10426077400410509
16 0.6875049778301692 0.35315942066101425 0.06405179130365361 0.1073857740041051
113 0.6035057140401158 0.47296286055255565 0.0624438271970309 0.1058141836450254
10 0.6924090896669363 0.46801226102009397 0.062375631037096826 0.1034704336450254
110 0.6091001476636373 0.5846952460911752 0.0640063271970309 0.1058232740041051
111 0.6973132015037035 0.5828651013791735 0.0632250771970309 0.10581872882456515
85 0.6131775453937818 0.6979810412707149 0.06251202335696497 0.10815793364502539
99 0.7004729569139797 0.6914588513791735 0.06248929130365362 0.1073766836450254
176 0.6172094790173034 0.8097043364502546 0.06092679130365362 0.10736759328594588
72 0.7061128546441241 0.804753736917793 0.06161711309040836 0.10424713846548564
9 0.6236533588007592 0.9237850171684141 0.0601000771970309 0.10580054810640575
35 0.7109033062143345 0.9157003272768727 0.061708041303653614 0.10737213846548563