242 0.5533972867611158 0.12030172192691171 0.11615489199455276 0.12341531847545247
111 0.5576360076807463 0.25989514805278835 0.11413736568619352 0.1155026889258032
110 0.559629689137838 0.3876696946290158 0.10908584463950603 0.10895230027685514
99 0.5656283311323906 0.5040258798541911 0.11037532885449064 0.1043649298265045
85 0.5680469468185841 0.6123693059800678 0.10546031570031093 0.10015829117755644
119 0.42478977048199 0.6249823226375056 0.11340932359281872 0.10300268892580319
156 0.418191889010781 0.5117010726375056 0.12025085779368574 0.1135594571244006
35 0.4056702312312127 0.39025686921373304 0.11891587094786527 0.11736557757475108
53 0.3955000287274337 0.255731674889259 0.12976236568619354 0.11650398442229637
275 0.44203599659270515 0.8409077112864536 0.09787532885449046 0.10356389342931002
264 0.5755541518826119 0.8214439173311199 0.09309682359281872 0.10170100478036197