266 0.6390625 0.20703125 0.03984375 0.07265625
85 0.70546875 0.20234375 0.03828125 0.071875
211 0.70546875 0.2828125 0.0390625 0.0703125
208 0.6390625 0.2875 0.0390625 0.0703125
204 0.6390625 0.3671875 0.0390625 0.0703125
200 0.6390625 0.44375 0.0390625 0.0703125
223 0.6390625 0.51953125 0.0390625 0.0703125
207 0.7046875 0.359375 0.0390625 0.0703125
203 0.70390625 0.43671875 0.0375 0.06640625
199 0.70390625 0.5109375 0.0375 0.06640625
264 0.7015625 0.659375 0.0375 0.06640625
275 0.6390625 0.6671875 0.05546875 0.0640625
85 0.7421875 0.20078125 0.0296875 0.0625
72 0.74140625 0.27890625 0.0296875 0.0625
53 0.73984375 0.3578125 0.02890625 0.05703125
35 0.7390625 0.4328125 0.02890625 0.053125
9 0.73828125 0.5109375 0.02890625 0.053125
119 0.603125 0.52421875 0.02890625 0.053125
293 0.6015625 0.290625 0.02890625 0.053125
292 0.6015625 0.3734375 0.02890625 0.053125
291 0.60234375 0.446875 0.02890625 0.053125
260 0.70078125 0.80078125 0.04140625 0.06796875