266 0.6306266230042431 0.15486503512747504 0.0428042653230392 0.07590866681968063
85 0.6972238739928264 0.1447568404280073 0.041209931824942106 0.07499987106204609
211 0.693945023688815 0.2252255904280073 0.04192751482874755 0.0735011439408634
208 0.6273477727002319 0.23533378512747505 0.04192751482874755 0.0735011439408634
204 0.6241007558943179 0.31502128512747507 0.04192751482874755 0.0735011439408634
200 0.6209810730807929 0.391583785127475 0.04192751482874755 0.0735011439408634
223 0.6178932237653647 0.467365035127475 0.04192751482874755 0.0735011439408634
207 0.6900440908752901 0.30185186330682456 0.04192751482874755 0.0735011439408634
203 0.6861113245636676 0.3792593861856418 0.04020584733826169 0.06946734818322878
199 0.6830871422444339 0.4534781361856418 0.04020584733826169 0.06946734818322878
264 0.6746950276059668 0.6021069548220936 0.04020584733826169 0.06946734818322894
275 0.6118766926249949 0.615021285127475 0.058079096843970036 0.06859037439602603
85 0.7340062909890207 0.1401970151235957 0.03223417984777566 0.06492336939505616
72 0.7300416911793011 0.21838578800241298 0.03223417984777566 0.06492336939505616
53 0.7252640078714844 0.2974195837600475 0.031230095361095424 0.05939084651623894
35 0.7214267420541536 0.3724833566388648 0.03107092787060921 0.05548459651623885
9 0.7174621422444339 0.45067212951768204 0.03107092787060921 0.05548459651623894
119 0.5817647227767816 0.4749860875530693 0.03107092787060921 0.05548459651623894
293 0.5897204387078432 0.24151988331070387 0.03107092787060939 0.05548459651623894
292 0.5863460879095405 0.32433238331070385 0.03107092787060939 0.05548459651623894
291 0.584134989088404 0.39770611043188664 0.03107092787060921 0.05548459651623894
260 0.6681519144503744 0.7435769777009108 0.044175764334456066 0.07134871257731526