266 0.6462921905588385 0.16607826419342767 0.04238096215838496 0.0752095535160577
85 0.7125347494518458 0.1571352583333315 0.04079118030721922 0.07432817396640834
211 0.715344780121885 0.2376040083333315 0.04151786660488845 0.07281573874123301
208 0.6491022212288774 0.24654701419342767 0.04151786660488845 0.07281573874123301
204 0.6518849700477511 0.32623451419342764 0.04151786660488845 0.07281573874123301
200 0.654558591461963 0.40279701419342767 0.04151786660488845 0.07281573874123311
223 0.6572049310250095 0.47857826419342764 0.04151786660488845 0.07281573874123311
207 0.7172371515360968 0.3142165731081562 0.04151786660488845 0.07281573874123301
203 0.7191568048014741 0.3916103878829808 0.03981895734906136 0.06880935919158367
199 0.7217485806621898 0.46582913788298086 0.03981895734906153 0.06880935919158375
264 0.7245883823836212 0.6144168322074548 0.03981895734906136 0.06880935919158375
275 0.6623612008952755 0.6262345141934277 0.05770586179556503 0.06761709901255095
85 0.749198935749515 0.15321971391657246 0.03187004809323426 0.06440246144333708
72 0.7511458708660578 0.2313947786913971 0.03187004809323426 0.06440246144333717
53 0.752338837833766 0.31040115824104647 0.030897825135076218 0.05888364666851249
35 0.7541766455456471 0.3854512230158711 0.03076141587924912 0.0549773966685124
9 0.7561235806621898 0.4636262877906958 0.030761415879248945 0.05497739666851231
119 0.6214311221320021 0.4855687438353621 0.03076141587924912 0.05497739666851249
293 0.6117113486335392 0.25207512338501137 0.030761415879248945 0.0549773966685124
292 0.6146032248570745 0.3348876233850114 0.03076141587924912 0.0549773966685124
291 0.6179489688666248 0.40827505861018665 0.03076141587924912 0.05497739666851231
260 0.7287451474445635 0.7558731469822795 0.0437797710513923 0.07062218306570696