273 0.4048105543022844 0.33484050399151377 0.08201452962517113 0.05640385030401118
343 0.37708270790492354 0.4275718320524035 0.0455087282923877 0.03540825939154004
265 0.4318838681714802 0.4258939269192072 0.04001724623907634 0.03440417490485981
259 0.37955683854630906 0.4769497495428894 0.04240646034569897 0.03606217539915128
266 0.43049721291948845 0.4735501769192071 0.0408212282923877 0.035217258402957086
10 0.3781701832943173 0.5246059995428893 0.04240646034569897 0.03606217539915128
11 0.43071852177411935 0.5197075939154016 0.039258728292387704 0.03515359140676253
111 0.3791272780423255 0.572357750037181 0.04088942445232169 0.037561008402957084
113 0.4301585806287502 0.5658331774134988 0.04006271034569906 0.03596667490485981
99 0.3786128010035791 0.6169208335352783 0.04088942445232169 0.037561008402957084
110 0.4296668356433152 0.609615010911596 0.03930419239901042 0.03671609140676253
72 0.37883410985821003 0.6630782505314727 0.04086669239901033 0.03677975840295709
85 0.4307830547645028 0.6518980114058875 0.03774169239901024 0.03665242441056833
35 0.38070884692608625 0.7061743345238615 0.040798496239076346 0.03443600840295709
53 0.4302913097790677 0.6956798449039848 0.03606553213245363 0.03268250741437377
8 0.38099835194065124 0.7499880015200558 0.039235996239076344 0.03437234140676253
9 0.4314302609535667 0.7371815953982763 0.036892246239076346 0.03427684091247087
264 0.38057480311515013 0.791426085018153 0.03767349623907634 0.03430867441056815
275 0.42942148007475434 0.7793372619001792 0.03608826418576498 0.033463757414373775
272 0.3819721670634883 0.8509284190105418 0.03521608597251955 0.030306923916276672
272 0.43017398634296045 0.8341202623944707 0.03360812186589683 0.028680756920082474
272 0.43057715162408206 0.8740276793906652 0.03360812186589683 0.028680756920082474
272 0.38317931439792124 0.8900864195048334 0.03360812186589692 0.028680756920082116