273 0.4140625 0.31796875 0.08046875 0.053125
343 0.3890625 0.41171875 0.04453125 0.03359375
265 0.44375 0.4078125 0.0390625 0.0328125
259 0.39296875 0.4609375 0.04140625 0.034375
266 0.44375 0.45546875 0.03984375 0.03359375
10 0.39296875 0.50859375 0.04140625 0.034375
11 0.4453125 0.5015625 0.03828125 0.03359375
111 0.3953125 0.55625 0.03984375 0.0359375
113 0.44609375 0.54765625 0.0390625 0.034375
99 0.39609375 0.60078125 0.03984375 0.0359375
110 0.446875 0.59140625 0.03828125 0.03515625
72 0.39765625 0.646875 0.03984375 0.03515625
85 0.44921875 0.63359375 0.03671875 0.03515625
35 0.40078125 0.68984375 0.03984375 0.0328125
53 0.45 0.67734375 0.03515625 0.03125
8 0.40234375 0.73359375 0.03828125 0.0328125
9 0.45234375 0.71875 0.0359375 0.0328125
264 0.403125 0.775 0.03671875 0.0328125
275 0.4515625 0.7609375 0.03515625 0.03203125
272 0.40625 0.834375 0.034375 0.02890625
272 0.45390625 0.815625 0.0328125 0.02734375
272 0.45546875 0.85546875 0.0328125 0.02734375
272 0.40859375 0.8734375 0.0328125 0.02734375