63 0.21095240208425103 0.17380351712894138 0.13808533175849824 0.11721893515657004
63 0.36006202467958925 0.18285913698303952 0.13808533175849816 0.11721893515657004
61 0.22116819418703546 0.3101874272806623 0.13808533175849824 0.11721893515657004
61 0.37038694418703544 0.3223680471347604 0.13808533175849824 0.11721893515657004
59 0.23766126814098537 0.44786277046292133 0.13261658175849816 0.11677252500484911
59 0.37742317258748903 0.4569343657712122 0.13261658175849825 0.11677252500484911
56 0.24774065098794268 0.5803404306146421 0.13261658175849825 0.11677252500484911
56 0.3930531509879427 0.592202186074654 0.13261658175849825 0.11677252500484911
54 0.26379721532324574 0.7055157737969011 0.12687501324684386 0.10851361485312835
54 0.40207846532324576 0.7168035733475575 0.12687501324684386 0.10851361485312835
276 0.28041677484922534 0.8245048898579774 0.12687501324684386 0.10851361485312835
9 0.41322927484922534 0.8353462792569128 0.12687501324684386 0.10851361485312835
266 0.9185070518910674 0.8711385818516852 0.12687501324684405 0.10851361485312835
55 0.7809028697697494 0.7453896695739324 0.12921876324684406 0.10870493348958021
55 0.9214733060674185 0.7553062877610406 0.12921876324684406 0.10870493348958003
57 0.7787178324762885 0.6158934882103841 0.12921876324684406 0.10870493348958003
57 0.9185888643274538 0.6280900835186751 0.13237104509800943 0.10974127500484912
60 0.7740526359270002 0.4822997382103842 0.12921876324684387 0.10870493348958003
60 0.9202009496293311 0.49578776654921325 0.13487848620500173 0.11462009364130096
62 0.7692783119730503 0.3455809882103842 0.12921876324684406 0.10870493348958003
62 0.9208408119730503 0.3579529267009341 0.14210070916315978 0.12066279955065635
64 0.7604613287632733 0.20463712381629784 0.12921876324684387 0.10870493348958013
64 0.9105977380191005 0.22078776654921323 0.145952395460829 0.11941916394474265
73 0.3512549651536097 0.06450774971013593 0.1243849303072194 0.08182356909549375