63 0.20546875 0.15703125 0.134375 0.10625
63 0.3546875 0.15390625 0.134375 0.10625
61 0.2109375 0.29296875 0.134375 0.10625
61 0.36015625 0.29296875 0.134375 0.10625
59 0.22265625 0.4296875 0.12890625 0.10625
59 0.3625 0.42734375 0.12890625 0.10625
56 0.228125 0.56171875 0.12890625 0.10625
56 0.3734375 0.56171875 0.12890625 0.10625
54 0.23984375 0.6859375 0.1234375 0.0984375
54 0.378125 0.6859375 0.1234375 0.0984375
276 0.25234375 0.80390625 0.1234375 0.0984375
9 0.38515625 0.80390625 0.1234375 0.0984375
266 0.890625 0.7984375 0.1234375 0.0984375
55 0.75703125 0.68359375 0.12578125 0.0984375
55 0.89765625 0.68203125 0.12578125 0.0984375
57 0.759375 0.55390625 0.12578125 0.0984375
57 0.89921875 0.5546875 0.12890625 0.09921875
60 0.759375 0.4203125 0.12578125 0.0984375
60 0.90546875 0.421875 0.13125 0.10390625
62 0.759375 0.28359375 0.12578125 0.0984375
62 0.9109375 0.28359375 0.13828125 0.109375
64 0.75546875 0.14296875 0.12578125 0.0984375
64 0.90546875 0.146875 0.1421875 0.1078125
73 0.35 0.0359375 0.121875 0.071875