259 0.534375 0.159375 0.028125 0.053125
76 0.496875 0.265625 0.02265625 0.034375
78 0.521875 0.265625 0.02265625 0.034375
79 0.546875 0.265625 0.02265625 0.034375
64 0.496875 0.3203125 0.02265625 0.034375
73 0.521875 0.3203125 0.02265625 0.034375
74 0.5453125 0.3203125 0.02265625 0.034375
75 0.5703125 0.3203125 0.02265625 0.034375
60 0.496875 0.37265625 0.02265625 0.034375
61 0.521875 0.37265625 0.02265625 0.034375
62 0.5453125 0.37265625 0.02265625 0.034375
63 0.5703125 0.37265625 0.02265625 0.034375
59 0.5703125 0.42734375 0.02265625 0.034375
57 0.5453125 0.42734375 0.02265625 0.034375
56 0.521875 0.42578125 0.02265625 0.034375
55 0.496875 0.42578125 0.02265625 0.034375
44 0.496875 0.478125 0.02109375 0.03359375
46 0.521875 0.478125 0.02109375 0.03359375
47 0.5453125 0.478125 0.02109375 0.03359375
54 0.56875 0.478125 0.02109375 0.03359375
39 0.4984375 0.5296875 0.02109375 0.03203125
41 0.521875 0.5296875 0.02109375 0.03203125
42 0.54375 0.5296875 0.02109375 0.03203125
43 0.56875 0.5296875 0.02109375 0.03203125
38 0.56796875 0.58046875 0.01875 0.03046875
37 0.54453125 0.58046875 0.01875 0.03046875
36 0.52109375 0.58046875 0.01875 0.03046875
28 0.49765625 0.58046875 0.01875 0.03046875
23 0.4984375 0.63046875 0.01875 0.03046875
24 0.52109375 0.63046875 0.01875 0.03046875
25 0.54453125 0.63046875 0.01875 0.03046875
26 0.56796875 0.63046875 0.01875 0.03046875
10 0.49765625 0.68046875 0.01875 0.03046875
11 0.52109375 0.67890625 0.01875 0.03046875
16 0.54453125 0.67890625 0.01875 0.03046875
22 0.5671875 0.67890625 0.01875 0.03046875
99 0.4984375 0.728125 0.01875 0.03046875
110 0.521875 0.728125 0.01875 0.03046875
111 0.54375 0.728125 0.01875 0.03046875
113 0.56640625 0.728125 0.01875 0.03046875
152 0.49921875 0.778125 0.01875 0.03046875
168 0.52109375 0.778125 0.01875 0.03046875
186 0.54453125 0.778125 0.01875 0.03046875
252 0.5671875 0.7765625 0.01875 0.03046875
121 0.49921875 0.8265625 0.01875 0.03046875
120 0.521875 0.825 0.01875 0.03046875
275 0.5109375 0.91171875 0.0375 0.040625
264 0.5546875 0.91015625 0.0296875 0.040625
259 0.790625 0.15546875 0.028125 0.053125
275 0.7828125 0.9078125 0.0375 0.040625
342 0.7734375 0.26171875 0.02265625 0.034375
342 0.7984375 0.26015625 0.02265625 0.034375
342 0.8234375 0.26015625 0.02265625 0.034375
342 0.7703125 0.31484375 0.02265625 0.034375
342 0.796875 0.31484375 0.02265625 0.034375
342 0.8203125 0.31484375 0.02265625 0.034375
342 0.81875 0.36875 0.02265625 0.034375
342 0.79375 0.3703125 0.02265625 0.034375
342 0.7703125 0.371875 0.02265625 0.034375
342 0.7671875 0.42265625 0.02265625 0.034375
342 0.7921875 0.42265625 0.02265625 0.034375
342 0.815625 0.42265625 0.02265625 0.034375
342 0.8140625 0.47421875 0.02265625 0.034375
342 0.7890625 0.47421875 0.02265625 0.034375
342 0.7640625 0.47734375 0.02265625 0.034375
342 0.7640625 0.52578125 0.02265625 0.034375
342 0.7875 0.52734375 0.02265625 0.034375
342 0.8109375 0.52578125 0.02265625 0.034375
342 0.809375 0.57734375 0.0203125 0.034375
342 0.78515625 0.57734375 0.0203125 0.034375
342 0.76015625 0.57734375 0.0203125 0.034375
342 0.75859375 0.628125 0.0203125 0.034375
342 0.78203125 0.62734375 0.0203125 0.034375
342 0.80703125 0.62578125 0.0203125 0.034375
342 0.80390625 0.67421875 0.0203125 0.034375
342 0.78046875 0.67578125 0.0203125 0.034375
342 0.75703125 0.67734375 0.0203125 0.034375
342 0.7546875 0.7265625 0.0203125 0.0359375
342 0.7796875 0.7234375 0.0203125 0.0359375
342 0.80234375 0.725 0.0203125 0.0359375
342 0.80078125 0.77265625 0.0203125 0.034375
342 0.77734375 0.77421875 0.0203125 0.034375
342 0.753125 0.7734375 0.0203125 0.0359375
342 0.77578125 0.82265625 0.0203125 0.034375
342 0.8 0.81953125 0.0203125 0.0359375