110 0.3671875 0.1953125 0.09453125 0.1296875
111 0.5984375 0.20703125 0.09453125 0.1296875
99 0.5953125 0.3484375 0.09453125 0.1296875
85 0.3640625 0.33984375 0.09453125 0.1296875
53 0.36328125 0.47734375 0.09453125 0.1296875
72 0.590625 0.48984375 0.09453125 0.1296875
35 0.5890625 0.62890625 0.09453125 0.125
277 0.3625 0.61875 0.09453125 0.125
275 0.3609375 0.75625 0.09609375 0.11640625
264 0.584375 0.76171875 0.090625 0.12421875
259 0.3625 0.8859375 0.090625 0.12421875
266 0.48203125 0.19921875 0.07890625 0.10859375
266 0.48125 0.34296875 0.07890625 0.10859375
266 0.47578125 0.4828125 0.07890625 0.10859375
266 0.4734375 0.621875 0.07890625 0.10859375
275 0.471875 0.75859375 0.07421875 0.10234375
258 0.46875 0.89140625 0.07421875 0.10234375
264 0.69375 0.76171875 0.07421875 0.10234375
266 0.696875 0.62734375 0.075 0.10078125
266 0.70234375 0.49140625 0.075 0.10078125
266 0.70625 0.35078125 0.075 0.10078125
266 0.7078125 0.2109375 0.075 0.10078125
272 0.54453125 0.05703125 0.075 0.10078125
272 0.6859375 0.88984375 0.071875 0.090625