259 0.43046875 0.47890625 0.05390625 0.04140625
205 0.515625 0.52578125 0.03515625 0.02890625
201 0.51484375 0.57265625 0.03515625 0.02890625
194 0.43203125 0.57578125 0.03515625 0.02890625
177 0.43203125 0.625 0.03515625 0.02890625
252 0.515625 0.6203125 0.03515625 0.02890625
265 0.43203125 0.6984375 0.03515625 0.02890625
265 0.515625 0.6890625 0.03515625 0.03046875
265 0.51640625 0.73671875 0.03515625 0.03046875
265 0.43203125 0.746875 0.03515625 0.03046875
275 0.43125 0.79453125 0.03515625 0.02890625
264 0.515625 0.78359375 0.03515625 0.02890625
272 0.43125 0.83984375 0.05234375 0.04140625
272 0.515625 0.83046875 0.04921875 0.040625
272 0.434375 0.8859375 0.05234375 0.04140625
272 0.51484375 0.87578125 0.05234375 0.04140625