259 0.45556716304726896 0.48642010998081864 0.05607625961093845 0.04234718709378669
205 0.5431800277011616 0.5347815178536122 0.0366711623699004 0.029519904626382674
201 0.5448553923550541 0.581642881084137 0.0366711623699004 0.029519904626382674
194 0.46220666666531357 0.583322383519769 0.0366711623699004 0.029519904626382674
177 0.4647861120519007 0.632541133519769 0.0366711623699004 0.029519904626382674
252 0.5481342005865115 0.6293127678536121 0.0366711623699004 0.029519904626382674
265 0.4686348083429991 0.705978633519769 0.0366711623699004 0.029519904626382674
265 0.5517372354122205 0.6980627678536122 0.036753049525030335 0.031082404626382676
265 0.555016043643678 0.7457326546230874 0.036753049525030154 0.0310824046263825
265 0.4711733101520214 0.754416133519769 0.036753049525030154 0.031082404626382676
275 0.4728896183834788 0.8020587467502939 0.0366711623699004 0.029519904626382498
264 0.5566914082975706 0.7925940178536122 0.0366711623699004 0.029519904626382855
272 0.47526434588224165 0.8473712467502938 0.05451375961093845 0.04231991355483657
272 0.5591480229514632 0.8394690178536122 0.05134781603337348 0.04148411647693564
272 0.48080501695856925 0.8935195438281944 0.05451375961093845 0.04231991355483657
272 0.560741500450226 0.884767881084137 0.05451375961093845 0.04231991355483657