46 0.3555638212524128 0.6235623574778215 0.03311249200349984 0.028267632573423462
47 0.4173280245862765 0.624332874699261 0.032340332670272434 0.028989682988341946
41 0.3558178125795949 0.6689340570629031 0.03234942333704529 0.029770932988341946
42 0.4191445159134585 0.6698229734545056 0.03389374200349984 0.028326832158504976
43 0.47781099124764037 0.6680129423356189 0.03389374200349984 0.028326832158504976
44 0.5356598539147311 0.6692687116316508 0.03389374200349984 0.028326832158505157
36 0.35608089457354974 0.7135245066479846 0.03389374200349984 0.028326832158504976
37 0.4186445292409588 0.7127917234545056 0.03389374200349984 0.028326832158504976
38 0.47730191390836785 0.7117629423356189 0.03389374200349984 0.028326832158504976
39 0.5343877079090043 0.7113970120465692 0.03389374200349984 0.028326832158505157
24 0.356298523233641 0.7620212062330661 0.0347295360041362 0.033073531743586494
16 0.35733376456082305 0.8074521054032292 0.0347295360041362 0.03307353174358667
111 0.35680650588800517 0.8527646054032292 0.034729536004136106 0.03307353174358667
72 0.35939515654841453 0.8990951537435553 0.0347295360041362 0.03307353174358667
25 0.4188712485678227 0.760507173039587 0.034729536004136106 0.033073531743586494
20 0.4199246712285502 0.8043755722097501 0.034729536004136106 0.03307353174358667
113 0.4193974125557324 0.8496880722097501 0.034729536004136106 0.03307353174358667
85 0.42044174454968725 0.8943377213799131 0.034729536004136106 0.03307353174358667
26 0.47911840523555 0.7572530410908634 0.03549260467059075 0.03157023132866801
22 0.47702864656273203 0.8024471419207003 0.03549260467059075 0.03157023132866783
10 0.47885422855668686 0.8471559906759449 0.035519876670908876 0.03391398132866783
260 0.4806979918841872 0.8903023394311894 0.037073286004136105 0.03325113049883086
28 0.5361951085694135 0.7576683608018138 0.037073286004136105 0.033251130498831216
23 0.5357042125636865 0.7998558608018138 0.03549260467059075 0.03157023132866819
260 0.5391013852244141 0.8439018587272216 0.03549260467059075 0.03157023132866783
110 0.5378110578851416 0.88759265914214 0.035492604670590566 0.03157023132866783
53 0.5381014118794146 0.9298393587272216 0.03549260467059075 0.03157023132866783
9 0.4199144858768693 0.9396502213799132 0.03549260467059075 0.03157023132866783
35 0.4809701645449147 0.934111539016271 0.03549260467059075 0.03157023132866783
152 0.3604485792091421 0.9429635529137184 0.03549260467059075 0.03157023132866783
264 0.36148382053632416 0.9863046682097736 0.03549260467059075 0.027390663580452924
275 0.42174915853759687 0.9835778201351577 0.035492604670590566 0.03157023132866783
259 0.538382675206915 0.9728673083123031 0.03631021733768165 0.034754430913749704