46 0.3625 0.59609375 0.0328125 0.02578125
47 0.42421875 0.5921875 0.03203125 0.0265625
41 0.36328125 0.64140625 0.03203125 0.02734375
42 0.4265625 0.6375 0.03359375 0.02578125
43 0.48515625 0.63125 0.03359375 0.02578125
44 0.54296875 0.628125 0.03359375 0.02578125
36 0.3640625 0.6859375 0.03359375 0.02578125
37 0.4265625 0.68046875 0.03359375 0.02578125
38 0.48515625 0.675 0.03359375 0.02578125
39 0.5421875 0.6703125 0.03359375 0.02578125
24 0.36484375 0.734375 0.034375 0.03046875
16 0.36640625 0.7796875 0.034375 0.03046875
111 0.36640625 0.825 0.034375 0.03046875
72 0.36953125 0.87109375 0.034375 0.03046875
25 0.42734375 0.728125 0.034375 0.03046875
20 0.42890625 0.771875 0.034375 0.03046875
113 0.42890625 0.8171875 0.034375 0.03046875
85 0.43046875 0.86171875 0.034375 0.03046875
26 0.4875 0.7203125 0.03515625 0.02890625
22 0.4859375 0.765625 0.03515625 0.02890625
10 0.48828125 0.81015625 0.03515625 0.03125
260 0.490625 0.853125 0.03671875 0.03046875
28 0.54453125 0.71640625 0.03671875 0.03046875
23 0.54453125 0.75859375 0.03515625 0.02890625
260 0.5484375 0.80234375 0.03515625 0.02890625
110 0.54765625 0.84609375 0.03515625 0.02890625
53 0.5484375 0.88828125 0.03515625 0.02890625
9 0.43046875 0.90703125 0.03515625 0.02890625
35 0.49140625 0.896875 0.03515625 0.02890625
152 0.37109375 0.91484375 0.03515625 0.02890625
264 0.37265625 0.96015625 0.03515625 0.02890625
275 0.4328125 0.95078125 0.03515625 0.02890625
259 0.54921875 0.93125 0.0359375 0.03203125