60 0.3441495657035558 0.22471545261777498 0.13566933825138694 0.14286984735040828
55 0.34440130195780094 0.3550751146165023 0.12531099245843133 0.12869825934913556
44 0.349072740441619 0.45572000461491147 0.11448275310209315 0.13013349001431748
35 0.34665829860360625 0.5572279606142752 0.10935821052744625 0.12382894601368122
61 0.4673956775880548 0.17019958060154844 0.11464664406758587 0.13247724001431754
56 0.46243538995708644 0.2857882179344576 0.10979525310209315 0.13007894601368122
46 0.4581306661880884 0.39200185526736664 0.10378019988378462 0.12220281134627217
53 0.4526294291775386 0.48183651460059396 0.09954616795279918 0.1174698580124085
62 0.5776336910817081 0.11193199992045821 0.11246678503307841 0.13479371801399936
57 0.5630798821634163 0.23075472525463997 0.09909269988378444 0.12214826734563582
47 0.5525797887162491 0.33625983792173086 0.09207787537815229 0.11113804201145401
72 0.5454614213838684 0.4268939285885036 0.08962486473449047 0.10954827001113579
63 0.6753881300697293 0.06473827924095879 0.09206144988378444 0.1220664513446813
59 0.6580371030824226 0.17890986724223146 0.09129662537815228 0.11112895134468129
54 0.6453025202789172 0.28287975190964054 0.09075032215984358 0.10331645134468133
85 0.6274105439120292 0.3712973619112313 0.07964893119435104 0.10084543200986325
277 0.4938446550402237 0.5399030059277761 0.08884361473449047 0.10953917934436319
275 0.3920315107205363 0.7456086606063209 0.08242972376899793 0.10712270401018138
259 0.4819952290416527 0.6758677779280943 0.07714129022885849 0.09847441000954511
264 0.5594753728571369 0.6172007552514583 0.07139938861970414 0.0945045253421359
263 0.4786410000768745 0.7461620965945487 0.10368736473449047 0.10971190201304495