60 0.36015625 0.22890625 0.12578125 0.14140625
55 0.36953125 0.359375 0.11640625 0.12734375
44 0.38125 0.46015625 0.10546875 0.12890625
35 0.3859375 0.56171875 0.10078125 0.12265625
61 0.4796875 0.17578125 0.10546875 0.13125
56 0.4828125 0.29140625 0.10078125 0.12890625
46 0.4859375 0.39765625 0.0953125 0.12109375
53 0.48671875 0.4875 0.09140625 0.11640625
62 0.5859375 0.11875 0.103125 0.13359375
57 0.5796875 0.2375 0.090625 0.12109375
47 0.5765625 0.34296875 0.084375 0.11015625
72 0.57578125 0.43359375 0.08203125 0.10859375
63 0.68046875 0.07265625 0.08359375 0.12109375
59 0.67109375 0.18671875 0.08359375 0.11015625
54 0.665625 0.290625 0.08359375 0.10234375
85 0.65390625 0.37890625 0.07265625 0.1
277 0.53203125 0.54609375 0.08125 0.10859375
275 0.44453125 0.75078125 0.075 0.10625
259 0.5296875 0.68203125 0.0703125 0.09765625
264 0.603125 0.62421875 0.06484375 0.09375
263 0.53125 0.75234375 0.09609375 0.10859375