60 0.37750172842888297 0.2058263888058315 0.13649637489975372 0.1494666787467704
55 0.3967630591374955 0.3356943615079356 0.12605578236828646 0.13480340144887445
44 0.41611855561301053 0.4357246398855657 0.11523668153844949 0.13566499460132916
35 0.42850200167360714 0.5369867512366178 0.11007558485779737 0.1291146059523811
61 0.4930074066433402 0.14504147825765842 0.11541428029369402 0.13800874460132917
56 0.504893945235404 0.26046621915835977 0.11054918153844948 0.1353646059523812
46 0.5160700888064896 0.3665159600590611 0.10448843568763451 0.12720165252860854
53 0.5236592910908635 0.45630964528423645 0.10022698817714523 0.12226382865448535
62 0.5949358369323898 0.08120141888150459 0.1132481290489384 0.14020230027685518
57 0.5976841738647797 0.20035193708010185 0.09980093568763433 0.12690126387966058
47 0.6025511178507837 0.3060209461794005 0.09272214149649312 0.11556324568106327
72 0.6086370197202392 0.39669601095422513 0.09025999232633027 0.11385055135658932
63 0.6859743114125806 0.046137585790419995 0.09276968568763451 0.09227517158083999
59 0.6852424508344814 0.1437131084256166 0.09194089149649329 0.11551318090623867
54 0.6876472456503224 0.2479698118493892 0.09134889564567814 0.10770068090623867
85 0.6826180487645332 0.33700203347175905 0.0802337968904336 0.10465602405869348
277 0.5734117599719768 0.5119996383444062 0.08947874232633027 0.11380048658176474
275 0.501422051263333 0.7222943931247681 0.08305114357108571 0.11105621838316751
259 0.5813687377761599 0.6480873326688801 0.07771244813518904 0.10216207973421945
264 0.650425468480128 0.5855687438353621 0.07194770020978147 0.09790537631044689
263 0.588259200433496 0.7182997031192307 0.10432249232633026 0.1147517173034334