263 0.1658721103718897 0.3852546053071376 0.09767766535490922 0.13540224534531758
131 0.4110581962774882 0.1497785399427299 0.08561470792955603 0.14150679467695407
273 0.6121672282084735 0.14275473858214024 0.17714664406758568 0.13320449335613532
275 0.5285906316592132 0.3779115359245944 0.0943341440675857 0.1322408826782267
264 0.6193795226247059 0.3745132685789586 0.09433414406758586 0.1322408826782267
72 0.33991127186840114 0.5978984139481387 0.09010011213660052 0.1275079293443632
85 0.42584877186840114 0.5968984406031392 0.0901001121366006 0.1275079293443632
99 0.5125675218684012 0.5958893765913671 0.0901001121366006 0.1275079293443632
110 0.5981061841212172 0.5894297439131403 0.09010011213660044 0.1275079293443632
193 0.1577057872036399 0.7811210886378195 0.0931158514929388 0.12598179201145393
177 0.24486157977828685 0.7738620246260474 0.09155335149293879 0.12596361067790857
9 0.3307444494564559 0.7736433012810479 0.08893644988378444 0.12203008867759042
35 0.41522871010011764 0.7710990092695938 0.09010011213660044 0.1275079293443632
53 0.4989863510656103 0.7677825579249126 0.08737394988378444 0.12201190734404506