263 0.21327676447217847 0.3796371259699926 0.09532354534115868 0.13797218528498317
131 0.42998182835784543 0.13749741102751428 0.0831510939616777 0.143712849315428
273 0.6305174168924561 0.124628702016535 0.17484727103089917 0.13809420209089707
275 0.5756129901619189 0.3617413828528938 0.09203477103089916 0.1347198512925943
264 0.6661151594292243 0.3557049470736191 0.09203477103089916 0.1347198512925943
72 0.4135987483025193 0.5867771694304713 0.0878828595655099 0.12987318380210838
85 0.4995362483025193 0.5832754846397797 0.0878828595655099 0.12987318380210838
99 0.5862549983025194 0.579741966350991 0.0878828595655099 0.12987318380210838
110 0.6711246432595652 0.5708033650583967 0.0878828595655099 0.12987318380210838
193 0.25356640829757054 0.7749350385175628 0.09092597241038014 0.12843801779449712
177 0.3399576096770516 0.765151520228774 0.08936347241038015 0.12837435079830292
9 0.4259360532546165 0.7624310854380825 0.08681500452255583 0.12437260030401127
35 0.5102291660994867 0.7574305676435854 0.0878828595655099 0.12987318380210838
53 0.593700085366792 0.7516806333471854 0.08525250452255584 0.12430893330781671