72 0.40078125 0.153125 0.06875 0.11640625
186 0.56484375 0.15 0.06875 0.11640625
71 0.56484375 0.28125 0.06484375 0.109375
69 0.40546875 0.28203125 0.06484375 0.109375
278 0.41015625 0.40234375 0.06640625 0.10625
9 0.559375 0.5109375 0.06015625 0.096875
264 0.5578125 0.6140625 0.05859375 0.09453125
264 0.55625 0.709375 0.05703125 0.084375
275 0.4203125 0.7125 0.05703125 0.084375
275 0.4171875 0.61640625 0.05703125 0.084375
139 0.4234375 0.80078125 0.0546875 0.0796875
140 0.5546875 0.79921875 0.0546875 0.0796875
259 0.4265625 0.884375 0.0546875 0.0796875
266 0.48125 0.15234375 0.06640625 0.11171875
266 0.48515625 0.28203125 0.0625 0.10390625
266 0.48671875 0.40078125 0.0578125 0.1015625
266 0.4875 0.61484375 0.053125 0.08515625
266 0.4890625 0.7109375 0.0515625 0.08203125
266 0.48984375 0.8 0.05 0.07421875
266 0.490625 0.884375 0.05 0.07421875
266 0.61953125 0.80078125 0.05 0.07421875
266 0.62421875 0.71015625 0.05 0.07421875
266 0.62734375 0.61171875 0.05 0.07421875
266 0.63203125 0.51015625 0.05078125 0.08671875
266 0.64296875 0.28046875 0.0578125 0.10078125
266 0.646875 0.14921875 0.06015625 0.1109375