72 0.3882817657518155 0.1577885120544066 0.07825215894377288 0.11720622867599957
186 0.5525993572670845 0.1565725520766783 0.0782521589437728 0.11720622867599957
71 0.5418855136257836 0.2878225520766783 0.0737719530344176 0.1101295253421359
69 0.3824467407469664 0.2867493060550429 0.07377195303441741 0.11012952534213598
278 0.37731321740910717 0.40711635005567925 0.07507936151914833 0.10702270667568144
9 0.5176675372535069 0.5174464174092692 0.06806408697334128 0.09757498134149963
264 0.5076870172496276 0.6205532360757238 0.06631026833688942 0.09521305000795408
264 0.498344226033921 0.7158475547421783 0.06391872091226496 0.08503861867440872
275 0.3621516345186519 0.7173907787237247 0.06391872091226496 0.08503861867440872
275 0.3668706986131758 0.6212606660566338 0.06391872091226496 0.08503861867440872
139 0.35807029921230066 0.8057083913908155 0.06119233363936125 0.08032384667409076
140 0.4894478449699352 0.8056731234086328 0.06119233363936125 0.08032384667409076
259 0.354371601178853 0.8893385040579066 0.06119233363936125 0.08032384667409076
266 0.4688142886306328 0.15794360073199698 0.07552577167086927 0.11249145667568143
266 0.46213424074696635 0.28767655406586057 0.07098179288269665 0.10463350334181776
266 0.4540032631667417 0.406444735399406 0.06610297424624481 0.1022352093411815
266 0.4373107443708103 0.6205163260661788 0.06007624379108219 0.08577441534054522
266 0.43102918027628645 0.7166282573997242 0.0582586522758131 0.08263123400699968
266 0.42454032209111786 0.805699848066497 0.056058423487640494 0.07480055267345413
266 0.418434101178853 0.8900839387332697 0.056058423487640494 0.07480055267345413
266 0.5541640492123007 0.8079901487507689 0.056058423487640494 0.07480055267345413
266 0.5662492031551037 0.7174196927514052 0.056058423487640494 0.07480055267345413
266 0.5774095858860795 0.619018555418496 0.056058423487640494 0.07480055267345413
266 0.5903875601323242 0.5175105994191325 0.05786003954871664 0.08730964334022691
266 0.620074286504601 0.2879503687539505 0.06603920136742758 0.10145395934118148
266 0.6346943801459018 0.15674582208781412 0.06921199879205205 0.11163748134149962