273 0.5034490366199413 0.2564085893276863 0.12968604195220051 0.16654114474715104
263 0.5306764784592024 0.5366055115774273 0.04230859734092931 0.030798389784752266
113 0.5754954257718967 0.5971277886657325 0.04405310786427297 0.03399616439185813
111 0.5797957888978414 0.6308307005763913 0.04249060786427279 0.03392338978475227
110 0.5833604046546222 0.6652784751834971 0.04322635523343692 0.033178527088305286
99 0.586098267780567 0.69890861248705 0.04005585260260105 0.03225172787409356
85 0.5896173809065117 0.732575137094156 0.041754860495108834 0.034668252481199424
72 0.5931819966632924 0.7670229117012618 0.04253611049510884 0.034704639784752266
53 0.5974823597892371 0.8007258236119206 0.04253611049510866 0.03470463978475209
35 0.6002202229151818 0.8343559609154735 0.043408365756780753 0.03630352708830529
9 0.6045205860411267 0.8680588728261324 0.044144113125944885 0.03555866439185813
121 0.5161567650791439 0.7688893186495218 0.04249060786427279 0.03392338978475227
122 0.5196758782050885 0.8025558432566278 0.044053107864272786 0.03399616439185813
123 0.5232859965927051 0.8377848678637335 0.04418961575678075 0.036339914391858484
124 0.5268051097186499 0.8714513924708394 0.044144113125944705 0.03555866439185813
125 0.5319322254754306 0.9059719416850511 0.04437162628012441 0.03946491439185813
266 0.5118108993223632 0.7344051567388631 0.042627115756780756 0.03626713978475227
275 0.5371804385731405 0.969325966292157 0.04280912628012423 0.03939213978475209
264 0.6139326543722735 0.9627720593438969 0.044280621018452496 0.03790241439185813