273 0.48984375 0.23359375 0.1203125 0.1609375
263 0.50078125 0.51328125 0.040625 0.02890625
113 0.5421875 0.571875 0.0421875 0.03203125
111 0.54453125 0.60546875 0.040625 0.03203125
110 0.54609375 0.63984375 0.04140625 0.03125
99 0.546875 0.6734375 0.03828125 0.03046875
85 0.5484375 0.70703125 0.03984375 0.0328125
72 0.55 0.74140625 0.040625 0.0328125
53 0.55234375 0.775 0.040625 0.0328125
35 0.553125 0.80859375 0.04140625 0.034375
9 0.55546875 0.8421875 0.0421875 0.03359375
121 0.47265625 0.746875 0.040625 0.03203125
122 0.47421875 0.78046875 0.0421875 0.03203125
123 0.47578125 0.815625 0.0421875 0.034375
124 0.47734375 0.84921875 0.0421875 0.03359375
125 0.48046875 0.88359375 0.0421875 0.0375
266 0.4703125 0.7125 0.040625 0.034375
275 0.48203125 0.946875 0.040625 0.0375
264 0.559375 0.93671875 0.0421875 0.0359375