343 0.29375 0.35 0.03203125 0.0859375
152 0.33828125 0.35078125 0.0328125 0.0875
72 0.37734375 0.35078125 0.0328125 0.0875
53 0.41875 0.3515625 0.0328125 0.0859375
72 0.46015625 0.35078125 0.0296875 0.0875
85 0.50234375 0.35234375 0.03046875 0.084375
99 0.54609375 0.353125 0.0328125 0.0859375
110 0.5859375 0.35234375 0.0359375 0.08984375
111 0.628125 0.3515625 0.03671875 0.08828125
113 0.67109375 0.3515625 0.0390625 0.08828125
265 0.71484375 0.35 0.04140625 0.0859375
35 0.50703125 0.6546875 0.04765625 0.11875