72 0.39462594228357173 0.31857336743820214 0.12431408697334119 0.10637715894377289
343 0.552104376063016 0.10870351517208739 0.14826177000387925 0.1145403453082909
265 0.3700093531841987 0.093063184407664 0.1332904742462448 0.11176616061076283
275 0.41901939077606143 0.5223360962263748 0.11964256242753386 0.0966832945496865
275 0.4320771133553162 0.6157512563780957 0.12211385818516848 0.09843711318613835
275 0.5697534880412063 0.3344209922932701 0.13706917848861017 0.11052252500484912
275 0.44889730684683593 0.7932863250145475 0.12134858363936125 0.08906211318613835
264 0.6068373526044705 0.8077309465356356 0.12160367515463033 0.09218711318613834
275 0.6184760963955527 0.8932698338085391 0.12147612939699588 0.09062461318613835
260 0.575700212287451 0.4357921736568183 0.132652745458072 0.1039536606107628
260 0.5815193907760614 0.5356008550203665 0.132652745458072 0.1039536606107628
309 0.4079227809239029 0.42442475471110575 0.1356342242462448 0.11195747924721466