72 0.3643839294271872 0.30124012930357824 0.11866104065319458 0.10093999582364876
343 0.5453839287615972 0.08315979581579955 0.1422440110179167 0.10800845135861159
265 0.3633708625571875 0.07602187449425483 0.1273638934267362 0.10592759618646848
275 0.3674686425737149 0.5046379478152325 0.11453658510611113 0.09142858656782167
275 0.3707735208984717 0.5977976707733905 0.11691670269729179 0.09307293212131781
275 0.5393475618360067 0.3089137639646341 0.13123377583555573 0.10450150544229561
275 0.3689895492994785 0.7752232663268869 0.11669849715020834 0.08369793212131782
264 0.526765681708298 0.7822967002623032 0.1167712323325695 0.08682293212131782
275 0.5294711479889577 0.8676166413692957 0.11673486474138883 0.08526043212131781
260 0.5346399184092705 0.4103944184111378 0.12718205547083344 0.09811509618646852
260 0.5299686425737149 0.5103125728576415 0.12718205547083344 0.09811509618646852
309 0.36661661702249965 0.4068725704105708 0.1297076434267362 0.10600944173996467