72 0.37109375 0.28828125 0.11640625 0.096875
343 0.546875 0.0640625 0.13984375 0.103125
265 0.36484375 0.06328125 0.125 0.1015625
275 0.37890625 0.49140625 0.1125 0.0875
275 0.384375 0.584375 0.11484375 0.0890625
275 0.54609375 0.28984375 0.12890625 0.1
275 0.38671875 0.76171875 0.11484375 0.0796875
264 0.54453125 0.76328125 0.11484375 0.0828125
275 0.54921875 0.8484375 0.11484375 0.08125
260 0.54375 0.39140625 0.125 0.09375
260 0.54140625 0.49140625 0.125 0.09375
309 0.37578125 0.39375 0.12734375 0.1015625