273 0.54375 0.10078125 0.109375 0.1
99 0.5671875 0.58203125 0.0375 0.028125
85 0.56875 0.61171875 0.0375 0.028125
72 0.571875 0.64296875 0.0375 0.028125
53 0.57265625 0.67421875 0.0375 0.028125
35 0.57421875 0.70546875 0.0375 0.028125
9 0.57578125 0.7359375 0.0375 0.028125
260 0.57734375 0.76796875 0.0375 0.028125
275 0.521875 0.8140625 0.0375 0.028125
264 0.578125 0.8109375 0.0375 0.028125
259 0.63671875 0.8078125 0.0375 0.028125
272 0.61015625 0.85390625 0.0375 0.028125
272 0.55234375 0.85703125 0.0375 0.028125