275 0.4353162624178356 0.16508536660568462 0.044929604851188645 0.07232953333863615
264 0.5084189225695566 0.15877118459582143 0.044929604851188645 0.07232953333863615
11 0.42423601483373163 0.38687855060473014 0.044929604851188645 0.07232953333863615
16 0.4940223563490007 0.38294448126195785 0.044929604851188645 0.07232953333863605
113 0.4192139328613603 0.4579632099379574 0.04304824045710234 0.06840510200509069
10 0.48959020574017753 0.45636379992841236 0.04304824045710234 0.06840510200509069
110 0.41588189664662345 0.5274671879376391 0.04304824045710234 0.0684051020050905
111 0.48554069240425796 0.525095618594867 0.04304824045710234 0.06840510200509069
85 0.4126136333107039 0.5961899159373211 0.042011898941833256 0.06527101133831792
99 0.4807099290683384 0.5938365279280943 0.04201189894183308 0.06527101133831792
53 0.4086278928536016 0.6641404846037756 0.042011898941833256 0.06527101133831792
72 0.4765328699747844 0.6641308465945488 0.04201189894183308 0.06527101133831792
9 0.40555094815413384 0.7305194626034575 0.042011898941833256 0.06527101133831792
35 0.4726746752753166 0.7305189152610033 0.042011898941833256 0.06527101133831792
272 0.42999348345078675 0.899605269931594 0.03260507697140156 0.045648854670590565