273 0.45863517448947955 0.31280115855605634 0.20758123735195272 0.3137627055509382
259 0.48295178071790124 0.4889179895826956 0.03531053796736394 0.024025090418179396
35 0.4625693483542593 0.5508741615218058 0.03531053796736394 0.024025090418179573
99 0.5088756632913247 0.5207754846397797 0.03531053796736394 0.024025090418179396
85 0.5107700500139332 0.5457754846397798 0.03525133838228243 0.023243840418179396
72 0.51260523715146 0.5699942346397797 0.03525133838228243 0.023243840418179396
9 0.46446373507686756 0.5758741615218058 0.03531053796736394 0.024025090418179573
120 0.4664173213845575 0.6016554115218058 0.03531053796736376 0.024025090418179573
53 0.514440424288987 0.5942129846397798 0.03531053796736394 0.024025090418179396
121 0.4674712585220844 0.6259059950199031 0.03531053796736394 0.024025090418179573
275 0.4701352398507524 0.6610622450199031 0.03531053796736394 0.024025090418179573
264 0.5165366431701003 0.6529022351340713 0.03531053796736394 0.024025090418179396