43 0.23125 0.10859375 0.0875 0.0875
43 0.3234375 0.10859375 0.0875 0.09140625
39 0.2359375 0.21484375 0.0875 0.0875
39 0.32578125 0.21484375 0.0875 0.0875
36 0.2359375 0.31875 0.0875 0.0875
36 0.33125 0.31875 0.0875 0.0875
25 0.2421875 0.42109375 0.0875 0.0875
25 0.33125 0.42109375 0.0875 0.0875
22 0.24453125 0.52265625 0.0859375 0.08359375
22 0.33671875 0.52265625 0.0859375 0.08359375
10 0.246875 0.621875 0.08125 0.08125
10 0.3375 0.621875 0.08359375 0.08515625
110 0.25078125 0.71796875 0.08125 0.08125
110 0.33671875 0.71796875 0.08125 0.08125
72 0.253125 0.815625 0.08125 0.08125
72 0.340625 0.81328125 0.08125 0.08125
280 0.253125 0.90703125 0.08125 0.08125
152 0.34453125 0.90703125 0.10625 0.10625
44 0.43984375 0.10859375 0.0875 0.0875
44 0.53359375 0.10625 0.0875 0.0875
41 0.44375 0.2125 0.0875 0.0875
41 0.5359375 0.2125 0.0875 0.0875
37 0.44375 0.31875 0.0875 0.0875
37 0.53359375 0.31875 0.0875 0.0875
26 0.44375 0.42265625 0.0875 0.0875
26 0.5375 0.42265625 0.0875 0.0875
23 0.44765625 0.52265625 0.0875 0.0875
23 0.5359375 0.52265625 0.0875 0.0875
11 0.44765625 0.62109375 0.08359375 0.08359375
11 0.5359375 0.62109375 0.08359375 0.08359375
111 0.44921875 0.71875 0.08125 0.07890625
111 0.53671875 0.71875 0.0859375 0.08359375
85 0.45078125 0.81484375 0.08125 0.07890625
85 0.53671875 0.81484375 0.08125 0.07890625
35 0.44765625 0.909375 0.07109375 0.07734375
35 0.53984375 0.90703125 0.1078125 0.11015625
46 0.65 0.10625 0.0875 0.0875
46 0.74375 0.10390625 0.0875 0.0875
42 0.65234375 0.21015625 0.0875 0.0875
42 0.74375 0.2125 0.0875 0.0875
38 0.65234375 0.31640625 0.0875 0.0875
38 0.7421875 0.31640625 0.0875 0.0875
28 0.65 0.41875 0.0875 0.0875
28 0.7421875 0.42109375 0.0875 0.0875
24 0.65 0.52109375 0.0875 0.0875
24 0.73984375 0.52265625 0.0875 0.0875
16 0.64921875 0.62265625 0.08984375 0.08359375
16 0.7390625 0.62265625 0.08984375 0.08359375
113 0.64921875 0.71875 0.0859375 0.08359375
113 0.734375 0.72109375 0.0859375 0.08359375
99 0.646875 0.81484375 0.0859375 0.08359375
260 0.73671875 0.81640625 0.0859375 0.08359375
53 0.64453125 0.90859375 0.0859375 0.08359375
53 0.73359375 0.90390625 0.1078125 0.10390625
272 0.1359375 0.2625 0.06328125 0.07109375