43 0.22809024458972366 0.12071304895920328 0.0900459899708701 0.09208568068726612
43 0.3202777445897237 0.12554439111185864 0.09015965023742681 0.09599193068726608
39 0.22968618533938132 0.22720871042459256 0.09004598997087018 0.09208568068726616
39 0.31952993533938134 0.23191722184455327 0.09004598997087018 0.09208568068726608
36 0.22666282224897305 0.33111496042459254 0.0900459899708701 0.09208568068726616
36 0.3219753222489731 0.33611007688750744 0.0900459899708701 0.09208568068726616
25 0.2299349232651874 0.4337862590451115 0.09004598997087018 0.092085680687266
25 0.31899742326518743 0.43845382688750745 0.09004598997087018 0.092085680687266
22 0.22932350633471316 0.5354715897778062 0.0883698297043134 0.08809754353213642
22 0.32151100633471313 0.5403029319304615 0.0883698297043134 0.08809754353213642
10 0.2287802855641729 0.6348131705105008 0.08361413354437941 0.08550813206674697
10 0.3194052855641729 0.6395626255080264 0.08607154381093611 0.08953721279944168
110 0.22989049300687805 0.7311116383983252 0.08361413354437941 0.08550813206674715
110 0.315827993006878 0.7356154319304615 0.0836141335443795 0.08550813206674697
72 0.22939273634296048 0.8288907191310197 0.08361413354437941 0.08550813206674697
72 0.3169609325028945 0.8311326498182859 0.0836141335443795 0.08550813206674697
280 0.2267330861055336 0.9202969691310198 0.08361413354437941 0.08550813206674697
152 0.3181393361055336 0.9250873677061102 0.10934155925034225 0.11181832654882307
44 0.4366839945897237 0.13164498416902515 0.09004598997087018 0.09208568068726612
44 0.5305021907496578 0.13421446347681026 0.09004598997087002 0.09208568068726608
41 0.43756688149931533 0.23575595205684952 0.09004598997087002 0.09208568068726616
41 0.5297543814993153 0.24058729420950492 0.09004598997087002 0.09208568068726608
37 0.43447532224897306 0.3420059520568495 0.09004598997087018 0.09208568068726616
37 0.524319072248973 0.3467144634768103 0.09004598997087018 0.09208568068726608
26 0.4314519591585647 0.4459122020568495 0.09004598997087002 0.09208568068726616
26 0.5252019591585647 0.4508254313646347 0.09004598997087002 0.092085680687266
23 0.4324485063347131 0.5461169199446739 0.09004598997087018 0.09208568068726616
23 0.5207297563347131 0.550743544209505 0.09004598997087002 0.092085680687266
11 0.42958426761748425 0.6445544199446739 0.08602607970431339 0.08797471279944169
11 0.5178655176174842 0.649181044209505 0.08602607970431339 0.08797471279944169
111 0.4283052609535667 0.7422925570998037 0.08354593738444542 0.08316438206674714
111 0.5158052609535667 0.7468782377870697 0.0883698297043134 0.08809754353213642
85 0.42707171839627184 0.8384681942549335 0.08354593738444542 0.08316438206674732
85 0.5130092183962718 0.8429719877870697 0.08354593738444542 0.08316438206674696
35 0.42119613994559957 0.932835669944674 0.07334422327782271 0.081069615558404
35 0.5134518361055337 0.9353232620973293 0.11101771951689905 0.115806463703953
46 0.6469084407496577 0.14031505653397677 0.09004598997087002 0.09208568068726612
46 0.7407266369095916 0.14288453584176192 0.09004598997087002 0.09208568068726608
42 0.6462288276592494 0.24434413726667142 0.09004598997087018 0.09208568068726616
42 0.7375668814993153 0.2514782858417619 0.09004598997087002 0.09208568068726616
38 0.6431372684089072 0.35059413726667144 0.09004598997087002 0.09208568068726616
38 0.7329810184089072 0.35530264868663214 0.09004598997087002 0.09208568068726616
28 0.6378156194251214 0.4528150565339768 0.09004598997087002 0.092085680687266
28 0.7299349232651874 0.4599901486866321 0.09004598997087002 0.09208568068726616
24 0.6348377204413358 0.5551588065339768 0.09004598997087018 0.092085680687266
24 0.7246360063347131 0.5614298179539375 0.09004598997087002 0.09208568068726616
16 0.6311013035108616 0.656680362956412 0.0922760797043134 0.08830226141996071
16 0.7209450535108616 0.6613888743763726 0.0922760797043134 0.08830226141996071
113 0.6283052609535666 0.7527741129564118 0.0883698297043134 0.08809754353213642
113 0.7133933147936327 0.7595807129109833 0.08836982970431358 0.08809754353213642
99 0.6231654683962718 0.8487450322237173 0.08836982970431358 0.08809754353213642
260 0.7129637542896491 0.855016043643678 0.0883698297043134 0.08809754353213642
53 0.618093871998911 0.9423722014910225 0.0883698297043134 0.08809754353213606
53 0.707292764318779 0.9423522693334185 0.11083586309040819 0.109556463703953
272 0.12829953008738956 0.26962418249628844 0.06534986685133201 0.07441017978275503