43 0.2401144301556002 0.1153224377801568 0.09464256242753404 0.09004598997087014
43 0.33230193015560017 0.118004820070895 0.09496142682162034 0.09395223997087014
39 0.2534750416747486 0.22170883010002482 0.09464256242753395 0.09004598997087018
39 0.3433187916747486 0.224323016230829 0.09464256242753395 0.09004598997087018
36 0.2619568345574452 0.3256150801000248 0.09464256242753404 0.09004598997087018
36 0.3572693345574452 0.32838839060400843 0.09464256242753404 0.09004598997087018
25 0.2765610816825073 0.4281406865265156 0.09464256242753404 0.09004598997087002
25 0.36562358168250725 0.43073214060400844 0.09464256242753395 0.09004598997087018
22 0.2871953059287521 0.5297713826864496 0.09276119803344765 0.08609427586424748
22 0.37938280592875206 0.5324537649771878 0.09276119803344765 0.08609427586424748
10 0.2976382115385451 0.6290583288463836 0.08788237939699588 0.0836141335443795
10 0.38826321153854504 0.6316952470304991 0.09054499379108219 0.0875885797043134
110 0.309388525633069 0.7252657391129403 0.08788237939699588 0.0836141335443795
110 0.39532602563306896 0.7277662649771879 0.0878823793969958 0.0836141335443795
72 0.31970388548522743 0.8229901852728743 0.08788237939699588 0.0836141335443795
72 0.4070125668487757 0.8231924252437445 0.0878823793969957 0.0836141335443795
280 0.32716531230684776 0.9143964352728744 0.08788237939699588 0.08361413354437915
152 0.4185715623068478 0.9170560855103013 0.11492311151914833 0.10934155925034225
44 0.4487081801556002 0.12139189601428473 0.09464256242753386 0.09004598997087014
44 0.5422668615191484 0.1217759924116456 0.09464256242753386 0.09004598997087014
41 0.46109622303829684 0.22541180628084145 0.09464256242753386 0.09004598997087018
41 0.5532837230382969 0.22809418857157962 0.09464256242753386 0.09004598997087018
37 0.4697693345574452 0.33166180628084146 0.09464256242753386 0.09004598997087018
37 0.5596130845574452 0.33427599241164563 0.09464256242753386 0.09004598997087018
26 0.47825112744014187 0.43556805628084144 0.09464256242753386 0.09004598997087018
26 0.5720011274401419 0.43829590267820234 0.09464256242753386 0.09004598997087002
23 0.49032030592875203 0.5356817165473982 0.09464256242753386 0.09004598997087018
23 0.5786015559287521 0.5382504385715796 0.09464256242753386 0.09004598997087018
11 0.49835568865972774 0.6341192165473981 0.09041744803344756 0.08602607970431339
11 0.5866369386597278 0.6366879385715796 0.09041744803344756 0.08602607970431339
111 0.5078897985118862 0.7318209306540208 0.08769106076054403 0.0812703835443795
111 0.5953897985118862 0.734366920624891 0.09276119803344755 0.08609427586424748
85 0.5172963626064102 0.8279601447606435 0.08769106076054403 0.0812703835443795
85 0.6032338626064102 0.8304606706248909 0.08769106076054403 0.0812703835443795
35 0.5218878809432995 0.922400466547398 0.0774072650029094 0.0794123668513322
35 0.6138840623068477 0.9227390988381364 0.11680447591323465 0.11329327335696497
46 0.6586731115191483 0.12516306835503535 0.09464256242753386 0.09004598997087014
46 0.7522317928826967 0.12554716475239622 0.09464256242753386 0.09004598997087014
42 0.669498654401845 0.22913751451496936 0.09464256242753404 0.09004598997087018
42 0.7610962230382968 0.23414091475239623 0.09464256242753386 0.09004598997087018
38 0.6781717659209934 0.33538751451496934 0.09464256242753404 0.09004598997087018
38 0.7680155159209934 0.3380017006457735 0.09464256242753404 0.09004598997087018
28 0.6841822630460556 0.4376630683550354 0.09464256242753386 0.09004598997087018
28 0.7765610816825073 0.44268920064577355 0.09464256242753404 0.09004598997087018
24 0.6925365101711176 0.5400068183550354 0.09464256242753386 0.09004598997087018
24 0.7825078059287521 0.5441835044858395 0.09464256242753404 0.09004598997087002
16 0.7000457344173624 0.641546586301724 0.09666744803344755 0.08620793613080409
16 0.7898894844173624 0.6441607724325282 0.09666744803344755 0.08620793613080409
113 0.7078897985118863 0.737640336301724 0.09276119803344755 0.08609427586424748
113 0.7932373671483381 0.7424618801126601 0.09276119803344755 0.08609427586424748
99 0.7133901126064102 0.83366589014179 0.09276119803344755 0.0860942758642473
260 0.8033614083640448 0.8378425762725943 0.09276119803344755 0.0860942758642473
53 0.7186991080644823 0.9273476939818561 0.09276119803344755 0.0860942758642473
53 0.8073789707915786 0.9252516480593489 0.11629429288269648 0.10704327335696498
272 0.15736518728260193 0.26645537727617324 0.06908458197237137 0.07293504631821861