110 0.42734375 0.415625 0.128125 0.04140625
111 0.553125 0.4171875 0.13359375 0.04375
99 0.5515625 0.45625 0.134375 0.0453125
72 0.5546875 0.496875 0.13046875 0.04296875
35 0.55546875 0.53515625 0.128125 0.03984375
152 0.55546875 0.571875 0.12734375 0.03984375
177 0.4359375 0.57109375 0.121875 0.0484375
9 0.4328125 0.5328125 0.1203125 0.0453125
53 0.4296875 0.49453125 0.12578125 0.04453125
85 0.42421875 0.4546875 0.1234375 0.0453125
259 0.4421875 0.6328125 0.11484375 0.0421875
275 0.4421875 0.6671875 0.1078125 0.040625
264 0.5515625 0.665625 0.11015625 0.04140625