110 0.45397821020671947 0.44550778604148455 0.13077843306570697 0.05036562278026224
111 0.5798595897563688 0.45586576785625416 0.13639737739018098 0.05309178503307841
99 0.5808003284976018 0.49481900721259253 0.13727875693983016 0.05470891535490914
72 0.5865286967884841 0.5356625284999159 0.1332223126153563 0.052092013745754784
35 0.5897631207548925 0.5739984088217468 0.13067830351605778 0.04880312278026224
152 0.5921161651716516 0.6107171588217468 0.1298970535160578 0.04874849245843151
177 0.47253485039682686 0.6015774695816241 0.12497901603912887 0.05695983020561535
9 0.4669566764304185 0.5630776982943007 0.12321625693983033 0.05372556956195353
53 0.46137850246401013 0.5245779270069771 0.12863494216500565 0.0533267318147697
85 0.45335644894795246 0.484351764754161 0.12634125693983034 0.05394409084927716
259 0.482739967607975 0.663733262156271 0.1175472478405318 0.05021815730913755
275 0.48494281770026004 0.698108262156271 0.11041586829088246 0.04816398441265975
264 0.5942176881506108 0.7041940072125925 0.11280968306570696 0.049109125378152284