10 0.47594098489802067 0.17215305831494884 0.08548551795177098 0.11870080417661044
110 0.35135529293430523 0.36135045306209984 0.08548551795177098 0.1187008041766104
111 0.47877243132704833 0.3187369598865254 0.07596504758704867 0.11201415653397531
113 0.5936532021286108 0.2782681635677978 0.07596504758704867 0.11201415653397531
72 0.3597827759324648 0.502210893508806 0.08059799620027785 0.10988873035529281
85 0.4803505022811107 0.45211238606520787 0.07264002583555555 0.10327485731976367
99 0.5898352582650344 0.4087733008713507 0.06780705547083343 0.09680653349844608
9 0.36926426586447864 0.631316196651959 0.07727297444878482 0.10114943114108108
35 0.483745646373437 0.5744775376367844 0.06619000408406243 0.09439000889134022
53 0.5893968875397217 0.528195388960692 0.06619000408406243 0.09439000889134022
152 0.48732262842166607 0.689030189208361 0.06619000408406261 0.09439000889134022
259 0.43899096514329783 0.8543855155108779 0.06439111474138884 0.08416098428423453
275 0.534704161856666 0.7992014017809735 0.05964906335461819 0.08159891046291676