9 0.3110669964562557 0.48734873866847456 0.0690794694629016 0.056580263840164416
35 0.4265918669066064 0.4936225963868595 0.0690794694629016 0.056580263840164416
53 0.5481164134828338 0.5040573720900221 0.06976058991325225 0.05504959733826169
72 0.3102869440199322 0.5484135726608633 0.06716651603912896 0.051047846843970034
85 0.4256616201458089 0.5570311803792484 0.07039164558877822 0.05273768083635879
99 0.5433800462716856 0.5657442885919248 0.07039164558877822 0.05273768083635879
110 0.3105885302325566 0.6048227401513493 0.06716651603912896 0.051047846843970034
111 0.42278814158360867 0.6140942638773454 0.06477270126430437 0.05017109634967838
113 0.537281438159836 0.6242425380976332 0.06477270126430419 0.05017109634967838
152 0.3109401812200058 0.6604506576418353 0.06389132171465502 0.04857676285158128
259 0.3097293322074548 0.7160149081361269 0.06389132171465502 0.04857676285158128
8 0.4199647277962331 0.6703760973754427 0.06389132171465502 0.04857676285158128
146 0.5322144039221097 0.6788663711014389 0.06389132171465484 0.04857676285158128
132 0.5254847401347342 0.7349890371090501 0.06389132171465484 0.04857676285158128
275 0.4180727583333315 0.7243460143716371 0.06389132171465502 0.04857676285158128