290 0.4872960589862151 0.17286051139864744 0.04266093189572917 0.05704382800932013
272 0.5505591251906248 0.16884659500704496 0.04344218189572935 0.05710302759440165
342 0.6138403751906247 0.1640514286154425 0.04344218189572935 0.05710302759440165
272 0.48191626833302054 0.2699723097389735 0.04415069671336802 0.05403722717948316
272 0.5459242169462497 0.2674616937622895 0.04415069671336802 0.05403722717948316
272 0.6091690993550692 0.26422902737068704 0.04415069671336802 0.05403722717948316
266 0.5631448184855203 0.4322695549650887 0.04415069671336802 0.05403722717948316
266 0.5592736296559371 0.49807215372033325 0.04415069671336802 0.05403722717948316
266 0.5038763084175342 0.5662194250909576 0.04660354948690966 0.0589023259347277
266 0.6077643746219439 0.5591271302751164 0.04660354948690983 0.0589023259347277
266 0.5024216047703118 0.6287194250909576 0.04660354948690966 0.0589023259347277
266 0.5509305335319091 0.6889931516457408 0.04660354948690983 0.0589023259347277
272 0.6030937519967703 0.6257701786154425 0.04415069671336802 0.05403722717948316
35 0.5154885684855204 0.43588072965506097 0.04415069671336802 0.05403722717948316
277 0.512453181042708 0.49928037882522397 0.04415069671336802 0.05403722717948316
275 0.4578552935998953 0.5665872006107667 0.04255182912218754 0.05235632800932013
264 0.5601263084175342 0.5619570549650887 0.04255182912218771 0.05235632800932013
259 0.4563824061570828 0.6298684506107668 0.04255182912218754 0.05235632800932013
288 0.5586170533835411 0.6268008049650887 0.04255182912218771 0.05235632800932013
263 0.5032742835319091 0.692604326335713 0.04255182912218754 0.05235632800932013