290 0.49952631796350017 0.23882290742663245 0.04328869773041468 0.056317889434304026
272 0.5628348498146656 0.24328987052434234 0.044069947730414505 0.05636339206513989
342 0.6261160998146655 0.24697558362205224 0.044069947730414505 0.05636339206513989
272 0.4997842675080132 0.33551589690328876 0.044742070325752795 0.05328389469597585
272 0.5639286130615094 0.3415908626318346 0.044742070325752795 0.05328389469597585
272 0.6272644267638403 0.3468390757295444 0.044742070325752795 0.05328389469597585
266 0.5908333973597456 0.5092256836644046 0.044742070325752795 0.05328389469597585
266 0.5907813228576415 0.5747141757718968 0.044742070325752795 0.05328389469597585
266 0.5391121846532065 0.6356369942442179 0.04724951143274545 0.05810790258848364
266 0.643045716504372 0.642470094145396 0.04724951143274545 0.05810790258848364
266 0.5412947327464408 0.6981369942442179 0.04724951143274545 0.05810790258848364
266 0.5935318445420059 0.7651116626177171 0.04724951143274545 0.05810790258848364
272 0.6422396738534334 0.7086943336220523 0.044742070325752795 0.05328389469597585
35 0.5431771473597455 0.5064500231834131 0.044742070325752795 0.05328389469597585
277 0.5438244773041452 0.5696402679217413 0.044742070325752795 0.05328389469597585
275 0.49290930724854487 0.6298273390248984 0.04312500662342202 0.05163038943430394
264 0.5953621846532066 0.6389131836644045 0.04312500662342202 0.05163038943430394
259 0.49511913719294454 0.6931085890248985 0.04312500662342202 0.05163038943430394
288 0.5976265782999372 0.7037569336644045 0.04312500662342202 0.05163038943430394
263 0.545875594542006 0.7623360021367258 0.04312500662342202 0.05163038943430394