289 0.47806501583944183 0.018573179410421574 0.061838718321116384 0.03714635882084315
259 0.5493226568049344 0.0129624997671171 0.061292415102807675 0.0259249995342342
53 0.4588187170606086 0.26489448239584734 0.05991558540139543 0.08970699220632987
110 0.5283499670606087 0.2600323837529001 0.05991558540139543 0.08970699220632987
35 0.4519352965099193 0.3633319823958473 0.05991558540139543 0.08970699220632987
99 0.5238649268317502 0.3575247427874075 0.05991558540139543 0.08970699220632987
9 0.4474502562810609 0.4608243414303548 0.05991558540139543 0.08970699220632987
85 0.5167083546719066 0.4598684927874075 0.05991558540139543 0.08970699220632987
152 0.44040294476487896 0.5616055914303548 0.05991558540139543 0.08970699220632987
72 0.5104422931557246 0.5605951124655767 0.05991558540139543 0.08970699220632987
275 0.4283842739620881 0.7334805914303548 0.05991558540139543 0.08970699220632987
264 0.49775163299659547 0.7309622427874075 0.05991558540139543 0.08970699220632987