275 0.5687247781746205 0.11392353530972647 0.18189328163466154 0.15613841651222127
259 0.569321638858755 0.24377472641671902 0.172104446159398 0.14565478429823617
99 0.5384774985543063 0.3700296915703287 0.09300719517081486 0.13821181733052795
110 0.6196638315581119 0.3656298790491242 0.09300719517081486 0.13821181733052795
72 0.544574942736538 0.5004711597191633 0.09216227817462048 0.13662203547936258
85 0.6247571912536631 0.4906298790491242 0.08565761018984297 0.13015378067003916
35 0.5504813859301866 0.6262251278679979 0.09284802768032882 0.13430556733052795
53 0.6272521329644369 0.6094617246026205 0.08546660920125966 0.12546628067003915
8 0.5568189106447659 0.743358064165667 0.08937285920125966 0.12560268992586607
9 0.6311185736866275 0.7235515064537859 0.08937285920125966 0.12560268992586607
1 0.5948056833821789 0.8499974445655536 0.16070403114037007 0.15305805653075452