272 0.5101840693427724 0.08138708472486153 0.10030053934595387 0.09527809203996536
272 0.6438505446769541 0.09074651377079915 0.09483178934595386 0.0951508054708334
272 0.7767903140117722 0.10477525902114648 0.09723008334659014 0.09989285685760425
35 0.5864674953850886 0.3947969277147575 0.09167042667886313 0.09195307028847229
277 0.5831617767345423 0.5134378249412157 0.09490451468013568 0.10140080547083344
275 0.47590435475013243 0.6257540273541671 0.10033690201304495 0.0984030920399654
264 0.689331055418496 0.643218203550313 0.1026624706794994 0.09689514342673604
259 0.47340715809990447 0.7467568583762156 0.10191758334659032 0.10000195963114589
288 0.6867793147676318 0.7595335345723616 0.09170678934595404 0.09507807028847229
263 0.5763787114496765 0.8702145018029519 0.09486815201304495 0.09827580547083344
266 0.6873214707192703 0.40339263734590336 0.10431587734722676 0.10474401101791671
266 0.686295867401315 0.5166193359591326 0.10674144334818117 0.1118298124046877
266 0.7846162834181779 0.6430928766123271 0.1028624653484993 0.11408264342673621
266 0.5704083327498143 0.6256105166205908 0.10824030868077195 0.10639742999586818
266 0.5679929521005408 0.7536445976426392 0.10044599001431749 0.1077780920399654
266 0.67095541478354 0.8763209910693757 0.09732099001431749 0.10770535685760407
272 0.7805565867679499 0.7640593400431952 0.09492269601368122 0.10296330547083343