272 0.509375 0.06953125 0.09921875 0.09296875
272 0.64296875 0.07578125 0.09375 0.09296875
272 0.77578125 0.08671875 0.09609375 0.09765625
35 0.58203125 0.38125 0.090625 0.08984375
277 0.57734375 0.5 0.09375 0.09921875
275 0.46875 0.61484375 0.09921875 0.09609375
264 0.68203125 0.62734375 0.1015625 0.09453125
259 0.46484375 0.7359375 0.10078125 0.09765625
288 0.678125 0.74375 0.090625 0.09296875
263 0.56640625 0.85703125 0.09375 0.09609375
266 0.6828125 0.3875 0.103125 0.10234375
266 0.68046875 0.50078125 0.10546875 0.109375
266 0.77734375 0.625 0.1015625 0.11171875
266 0.56328125 0.6125 0.10703125 0.10390625
266 0.559375 0.740625 0.09921875 0.10546875
266 0.6609375 0.8609375 0.09609375 0.10546875
272 0.771875 0.74609375 0.09375 0.10078125