44 0.2394966626352742 0.2213816155898693 0.06210110534690845 0.10248301285158128
46 0.3605904126352742 0.216447423384804 0.05736815201304486 0.09838576186299805
47 0.4754341626352742 0.21176789916451622 0.057368152013044946 0.09838576186299805
54 0.5871529126352742 0.2072157089366172 0.05111815201304495 0.09813109387822054
55 0.6925762093014105 0.2068244366934958 0.0526261080124085 0.09350726087441492
38 0.24451033195418392 0.32737694760509173 0.05736815201304486 0.09838576186299815
39 0.3616978319541839 0.3226019228905124 0.05736815201304486 0.09838576186299815
41 0.4734438539545021 0.3157059826626134 0.05580565201304495 0.09832209486680368
42 0.5804932852880476 0.30978229342329755 0.0526261080124085 0.09350726087441492
43 0.682073966621593 0.3040814386706622 0.050990882678226865 0.08719359387822045
25 0.24956036394018458 0.4302472796203142 0.05573292667886305 0.09207209486680376
11 0.25392914326068516 0.5245556951336339 0.058049404678544914 0.08982384536109525
99 0.2576166699156857 0.6103021941450507 0.05253520134468133 0.08569476087441501
26 0.3605614986075936 0.4202581728905124 0.05492440467854491 0.08969651136870649
16 0.36261379992841236 0.5123183388981236 0.05013690734404497 0.08091176038012335
110 0.36312178258277655 0.6028796719019291 0.05020963267822669 0.08716176038012335
111 0.46555643925050383 0.5908969836511966 0.04623065734404506 0.0807525928896375
22 0.46889107192873053 0.505645233156905 0.04623065734404506 0.08075259288963732
28 0.46998195194145714 0.41189523315690496 0.04623065734404506 0.08075259288963732
36 0.5731524052753209 0.40378696140807513 0.04623065734404506 0.08075259288963732
23 0.5682098192632304 0.4930086288985612 0.04623065734404506 0.0807525928896375
113 0.5625496179185492 0.5767933798871443 0.04623065734404506 0.08075259288963732
10 0.6579075712524128 0.5690034431192864 0.04623065734404488 0.08075259288963732
24 0.6643490225970942 0.485186858632606 0.04623065734404506 0.08075259288963732
37 0.6739336552753208 0.39968044015353693 0.04623065734404506 0.08075259288963732
85 0.6069530512412771 0.6530720369975069 0.043032932009863245 0.07437525889724857
72 0.5131303259070952 0.6631420567691705 0.043032932009863245 0.07437525889724857
35 0.4161098752387316 0.6795894105332227 0.043032932009863245 0.07437525889724857
282 0.315283171904868 0.687602181787761 0.04308747601049952 0.07906275889724856
259 0.31873434122377775 0.7936611807991778 0.04308747601049952 0.07906275889724874
275 0.413356497891505 0.7819968275294171 0.04308747601049952 0.07906275889724874
264 0.5080150172263231 0.7672074742596564 0.04308747601049952 0.07906275889724874
263 0.41391902454650553 0.8678706605332227 0.041397706675681434 0.06806159190105418
266 0.4560792525461874 0.8684954016359742 0.041397706675681434 0.06806159190105418
266 0.45865990722473227 0.7809317346397797 0.041397706675681434 0.06806159190105418
266 0.3655911598902323 0.793313670913346 0.041397706675681434 0.06806159190105418
266 0.5486036545592322 0.7686771323586022 0.041397706675681434 0.06806159190105418
266 0.6499127105745043 0.6521024446021612 0.041397706675681434 0.06806159190105418
266 0.5584064632400043 0.664420713879533 0.04306020401018138 0.07671900889724856
266 0.46375703457195894 0.6784288171492937 0.04306020401018138 0.07671900889724874
266 0.3629212405713226 0.687222838403832 0.04306020401018138 0.07671900889724856
266 0.30910644458150394 0.6144511832706356 0.04306020401018138 0.07671900889724874
266 0.40998769191600387 0.6017509120160975 0.04306020401018138 0.07671900889724856
266 0.5124314392505038 0.5889869737653648 0.04306020401018138 0.07671900889724856
266 0.6062541645846856 0.5789169539937014 0.04306020401018138 0.07671900889724856
266 0.7000950712524128 0.5672844342220379 0.04306020401018138 0.07671900889724856
266 0.7080262972629123 0.48965418273916306 0.04306020401018138 0.07671900889724856
266 0.6142762972629123 0.4934742025108266 0.04306020401018138 0.07671900889724856
266 0.5173285719287305 0.5036715562748789 0.04306020401018138 0.07671900889724874
266 0.41337686859486694 0.5118116615218059 0.04306020401018138 0.07671900889724856
266 0.3070177805935943 0.5255160172630245 0.046257929344363194 0.08309634288963733
266 0.30190411394018457 0.4281144352478021 0.046257929344363104 0.08309634288963749
266 0.4113245672740481 0.41975149551419466 0.046257929344363194 0.08309634288963733
266 0.5176018392743663 0.41307838977297606 0.046257929344363194 0.08309634288963733
266 0.6223347926082299 0.40490645102795186 0.046257929344363194 0.08309634288963733
266 0.71842854260823 0.4009909307619967 0.046257929344363194 0.08309634288963733
266 0.7312199912874112 0.3083259282905388 0.046257929344363194 0.08309634288963733
266 0.6281131726209567 0.31096545003936865 0.046257929344363194 0.08309634288963733
266 0.5249881726209567 0.3151674717881985 0.046257929344363194 0.08309634288963733
266 0.4125063539545021 0.31818899551419466 0.04867440467854482 0.08944184338392898
266 0.2983438566200022 0.33143043623638524 0.0510636080124085 0.09344359387822046
266 0.294938140634956 0.22146518722496839 0.0510636080124085 0.09344359387822046
266 0.4137154126352741 0.21428274551419468 0.0510636080124085 0.09344359387822046
266 0.5309301846355924 0.2071639707996153 0.0510636080124085 0.09344359387822054
266 0.6394966626352742 0.2050828645641051 0.0510636080124085 0.09344359387822054
266 0.7402051873010924 0.20722634330956685 0.0510636080124085 0.09344359387822054
272 0.6393468332272776 0.7548281965793275 0.039053956675681435 0.06796609140676253