44 0.2421875 0.23125 0.0609375 0.1
46 0.36328125 0.23125 0.05625 0.09609375
47 0.478125 0.23125 0.05625 0.09609375
54 0.58984375 0.23125 0.05 0.09609375
55 0.6953125 0.23515625 0.0515625 0.09140625
38 0.2484375 0.3375 0.05625 0.09609375
39 0.365625 0.3375 0.05625 0.09609375
41 0.47734375 0.33515625 0.0546875 0.09609375
42 0.584375 0.33359375 0.0515625 0.09140625
43 0.6859375 0.33203125 0.05 0.08515625
25 0.2546875 0.440625 0.0546875 0.08984375
11 0.26015625 0.53515625 0.05703125 0.0875
99 0.26484375 0.62109375 0.0515625 0.08359375
26 0.365625 0.43515625 0.05390625 0.0875
16 0.36875 0.52734375 0.04921875 0.07890625
110 0.3703125 0.61796875 0.04921875 0.08515625
111 0.47265625 0.61015625 0.0453125 0.07890625
22 0.475 0.525 0.0453125 0.07890625
28 0.475 0.43125 0.0453125 0.07890625
36 0.578125 0.42734375 0.0453125 0.07890625
23 0.57421875 0.51640625 0.0453125 0.07890625
113 0.56953125 0.6 0.0453125 0.07890625
10 0.66484375 0.59609375 0.0453125 0.07890625
24 0.6703125 0.5125 0.0453125 0.07890625
37 0.67890625 0.42734375 0.0453125 0.07890625
85 0.61484375 0.678125 0.0421875 0.07265625
72 0.52109375 0.684375 0.0421875 0.07265625
35 0.42421875 0.696875 0.0421875 0.07265625
282 0.3234375 0.70078125 0.0421875 0.07734375
259 0.328125 0.80703125 0.0421875 0.07734375
275 0.42265625 0.79921875 0.0421875 0.07734375
264 0.5171875 0.78828125 0.0421875 0.07734375
263 0.42421875 0.88515625 0.040625 0.06640625
266 0.46640625 0.8875 0.040625 0.06640625
266 0.46796875 0.8 0.040625 0.06640625
266 0.375 0.80859375 0.040625 0.06640625
266 0.5578125 0.79140625 0.040625 0.06640625
266 0.6578125 0.67890625 0.040625 0.06640625
266 0.56640625 0.6875 0.0421875 0.075
266 0.471875 0.69765625 0.0421875 0.075
266 0.37109375 0.70234375 0.0421875 0.075
266 0.31640625 0.62734375 0.0421875 0.075
266 0.4171875 0.61875 0.0421875 0.075
266 0.51953125 0.61015625 0.0421875 0.075
266 0.61328125 0.60390625 0.0421875 0.075
266 0.70703125 0.59609375 0.0421875 0.075
266 0.7140625 0.51875 0.0421875 0.075
266 0.6203125 0.51875 0.0421875 0.075
266 0.5234375 0.525 0.0421875 0.075
266 0.41953125 0.52890625 0.0421875 0.075
266 0.31328125 0.53828125 0.0453125 0.08125
266 0.30703125 0.440625 0.0453125 0.08125
266 0.41640625 0.43671875 0.0453125 0.08125
266 0.52265625 0.434375 0.0453125 0.08125
266 0.62734375 0.43046875 0.0453125 0.08125
266 0.7234375 0.43046875 0.0453125 0.08125
266 0.73515625 0.33828125 0.0453125 0.08125
266 0.63203125 0.33671875 0.0453125 0.08125
266 0.52890625 0.33671875 0.0453125 0.08125
266 0.41640625 0.33515625 0.04765625 0.0875
266 0.30234375 0.34375 0.05 0.09140625
266 0.29765625 0.23359375 0.05 0.09140625
266 0.41640625 0.23125 0.05 0.09140625
266 0.53359375 0.22890625 0.05 0.09140625
266 0.6421875 0.23125 0.05 0.09140625
266 0.74296875 0.2375 0.05 0.09140625
272 0.6484375 0.78125 0.03828125 0.06640625