275 0.35078125 0.26662688275245305 0.040625 0.0777729769557407
316 0.41484375 0.27535662525958254 0.040625 0.0777729769557407
53 0.35 0.4235897822340734 0.040625 0.0715229769557407
110 0.41484375 0.3706691252595825 0.040625 0.0715229769557407
99 0.41484375 0.43473162525958253 0.040625 0.0715229769557407
35 0.34921875 0.4914901817156938 0.040625 0.0715229769557407
85 0.41484375 0.49723162525958253 0.040625 0.0715229769557407
9 0.34921875 0.5555526817156938 0.040625 0.0715229769557407
119 0.34921875 0.6188339317156938 0.040625 0.0715229769557407
72 0.41484375 0.5636378752595825 0.040625 0.0715229769557407
273 0.38359375 0.15465385452439742 0.1046875 0.12400271946287016