259 0.39453125 0.20625 0.059375 0.053125
131 0.56484375 0.20234375 0.04765625 0.0875
273 0.4265625 0.33125 0.1109375 0.0796875
264 0.56484375 0.3296875 0.05625 0.07421875
275 0.509375 0.33125 0.05625 0.07421875
9 0.4015625 0.43125 0.05625 0.07421875
35 0.4546875 0.43359375 0.053125 0.07578125
113 0.509375 0.43203125 0.053125 0.07578125
10 0.56328125 0.43359375 0.053125 0.07578125
53 0.40546875 0.53203125 0.0546875 0.07421875
72 0.45703125 0.53203125 0.05234375 0.0765625
11 0.5109375 0.5328125 0.05234375 0.0765625
16 0.56484375 0.5328125 0.05234375 0.0765625
85 0.40546875 0.6265625 0.0546875 0.07421875
99 0.4578125 0.628125 0.0546875 0.07421875
20 0.51171875 0.628125 0.0546875 0.07421875
22 0.56328125 0.63125 0.0546875 0.07421875
110 0.409375 0.71953125 0.0515625 0.06875
111 0.459375 0.721875 0.0515625 0.06875
23 0.5125 0.7234375 0.0515625 0.06875