259 0.41015994046151916 0.18096728871354642 0.06340057178554286 0.05692992288667424
131 0.5801764425361116 0.16614691780177043 0.054286603529129354 0.09055395126430432
273 0.4516631240745611 0.30391463294573534 0.1169758576783142 0.08679669802510173
264 0.589825974904398 0.2934906678017704 0.061873960582743595 0.07782341378737563
275 0.5344756240745611 0.29860776681432133 0.061873960582743595 0.07782341378737553
9 0.43424067096499464 0.40551670574012444 0.061873960582743595 0.07782341378737563
35 0.4875432697202392 0.4044560510520475 0.05886735975290662 0.07918565468807692
113 0.5421123705500761 0.3993890168143214 0.05886735975290662 0.07918565468807692
10 0.5961370197202391 0.3974970473514198 0.05886735975290662 0.07918565468807692
53 0.4457836674405097 0.5060476318660012 0.060311460582743594 0.07772328423772627
72 0.49734616744050963 0.5027433567275736 0.05814530933798814 0.07991683991325224
11 0.5513116170255912 0.500070137264672 0.05814530933798814 0.07991683991325224
16 0.6052178670255912 0.4966156678017704 0.05814530933798814 0.07991683991325224
85 0.45294681723537256 0.6005788818660012 0.060311460582743594 0.07772328423772627
99 0.5054089664055356 0.5987870419527489 0.060311460582743594 0.07772328423772627
20 0.5593152164055356 0.5953325724898473 0.060311460582743594 0.07772328423772627
22 0.6111145147458616 0.5951532973514198 0.060311460582743594 0.07772328423772627
110 0.4638978178600725 0.6932973079918778 0.05677206348717299 0.07205427513842758
111 0.5140754166153171 0.6924369124030996 0.05677206348717299 0.07205427513842758
23 0.56731881578548 0.6905950077150227 0.05677206348717299 0.07205427513842758