259 0.40053251207419394 0.1970671832269094 0.06092077962517113 0.05450696846486114
131 0.5707313518076372 0.1891968657882287 0.050202239970870186 0.08860921153100701
273 0.4362008906040084 0.321321647607708 0.11325616943775678 0.0822695989738195
264 0.5744366764973858 0.3165406157882287 0.058409545064577274 0.07552798328249999
275 0.5190133906040083 0.3193941652751385 0.058409545064577274 0.07552798328250007
9 0.41411059342786 0.42190352906659695 0.05840954506457745 0.07552798328249999
35 0.46730378958779395 0.42301078096645794 0.05533000917119999 0.07701774810013902
113 0.5219458254811713 0.4201754152751384 0.05533000917119999 0.07701774810013902
10 0.575897539587794 0.42048323337940924 0.05533000917119999 0.07701774810013902
53 0.42094927830502293 0.5225938600886455 0.05684704506457745 0.0754916156913195
72 0.4725117783050229 0.5213937295796871 0.05457149122451135 0.07778081430454868
11 0.5264407603583343 0.520920297683958 0.05457149122451135 0.07778081430454868
16 0.5803470103583342 0.5196656157882287 0.05457149122451135 0.07778081430454868
85 0.42369985675569516 0.6171251100886455 0.05684704506457727 0.0754916156913195
99 0.4760890708623178 0.6174692957840968 0.05684704506457727 0.0754916156913195
20 0.5299953208623178 0.6162146138883676 0.05684704506457727 0.0754916156913195
22 0.5816487490755632 0.6181394833794093 0.05684704506457727 0.0754916156913195
110 0.4303112210997447 0.7100029411106942 0.05356292069139794 0.06995013050895835
111 0.48037941725967864 0.7111829281929163 0.05356292069139794 0.06995013050895835
23 0.5335498813663013 0.7115089300927774 0.05356292069139794 0.06995013050895835