39 0.328125 0.1118069199554566 0.203125 0.0812698233609078
37 0.32265625 0.18687055462286567 0.20703125 0.07897152669477144
28 0.32734375 0.25869101062222927 0.196875 0.07807209802672599
25 0.328125 0.3289944199554566 0.2 0.0788897106938169
23 0.3265625 0.39620010128900207 0.1953125 0.07961641669318062
20 0.3265625 0.46104385128900205 0.18984375 0.07252153202577158
113 0.328125 0.5868069199554566 0.190625 0.07253062269254418
11 0.32734375 0.5243160106222293 0.18515625 0.07481073802513513
110 0.32890625 0.6430478292886839 0.18515625 0.07246698802513514
85 0.3296875 0.7016324886219112 0.18046875 0.06928744402449886
35 0.3265625 0.758700101289002 0.17890625 0.06848801269095332
152 0.3296875 0.8117887386219111 0.17578125 0.06923290002386259
9 0.5015625 0.8035387919319122 0.1625 0.06985960868872639
53 0.50078125 0.753547882598685 0.1640625 0.07612779002227157
99 0.50234375 0.6996234512651396 0.171875 0.07387494668999892
111 0.5046875 0.6402211792648214 0.1671875 0.06913290268936265
10 0.5078125 0.5800285665977304 0.17734375 0.07237608135740814
16 0.5078125 0.5214348165977304 0.18046875 0.07553744402449887
22 0.51015625 0.4596887945974123 0.18203125 0.0778993753580444
24 0.515625 0.3916564099300032 0.18671875 0.07639141935868068
26 0.515625 0.3244689099300032 0.1875 0.07874426002545346
36 0.5171875 0.2572632285964578 0.1953125 0.08274141669318062
38 0.51796875 0.18850413792968507 0.2015625 0.07109539202736234
41 0.52265625 0.11110584392904872 0.19609375 0.0788442573599533
275 0.33125 0.9109893072883658 0.165625 0.06911472135581746
264 0.49609375 0.9043836765993213 0.16796875 0.07226699335613525