39 0.328125 0.115625 0.203125 0.07890625
37 0.32265625 0.190625 0.20703125 0.0765625
28 0.32734375 0.2625 0.196875 0.07578125
25 0.328125 0.3328125 0.2 0.0765625
23 0.3265625 0.4 0.1953125 0.07734375
20 0.3265625 0.46484375 0.18984375 0.0703125
113 0.328125 0.590625 0.190625 0.0703125
11 0.32734375 0.528125 0.18515625 0.07265625
110 0.32890625 0.646875 0.18515625 0.0703125
85 0.3296875 0.70546875 0.18046875 0.0671875
35 0.3265625 0.7625 0.17890625 0.06640625
152 0.3296875 0.815625 0.17578125 0.0671875
9 0.5015625 0.809375 0.1625 0.06796875
53 0.50078125 0.759375 0.1640625 0.07421875
99 0.50234375 0.70546875 0.171875 0.071875
111 0.5046875 0.64609375 0.1671875 0.0671875
10 0.5078125 0.5859375 0.17734375 0.0703125
16 0.5078125 0.52734375 0.18046875 0.0734375
22 0.51015625 0.465625 0.18203125 0.07578125
24 0.515625 0.39765625 0.18671875 0.07421875
26 0.515625 0.33046875 0.1875 0.0765625
36 0.5171875 0.26328125 0.1953125 0.08046875
38 0.51796875 0.19453125 0.2015625 0.06875
41 0.52265625 0.1171875 0.19609375 0.0765625
275 0.33125 0.91484375 0.165625 0.0671875
264 0.49609375 0.91015625 0.16796875 0.0703125