39 0.3220653505203984 0.1443322177194438 0.20726030133405243 0.09667738477870333
37 0.3126660170741703 0.21885376409078644 0.21104372060135787 0.09467538737060144
28 0.3135867079382017 0.2911388672010642 0.200846527023793 0.09300558063166627
25 0.3106830359573628 0.3615197177194438 0.20401247060135788 0.09406023270518489
23 0.3055993882867835 0.4285705166826846 0.19936591417892274 0.09443137959490695
20 0.30220107134889884 0.49341426668268457 0.19352867198083884 0.08692167596624963
113 0.2971716553609538 0.6193322177194439 0.19430992198083885 0.08699002648462936
11 0.29966589156614387 0.5567638672010642 0.18896400271353347 0.08885532285597186
110 0.2950049677762827 0.6756505682378234 0.18884117198083886 0.08651157285597186
85 0.29271544945891703 0.734312668756203 0.18398989767057933 0.0829764697456941
35 0.28660156829668104 0.7910705166826846 0.18238645409301446 0.08205851870893496
152 0.28694240502226953 0.844468918756203 0.17930239767057934 0.08256636663541635
9 0.4591449536427886 0.8532560327997214 0.16606209124814414 0.0821856578229628
53 0.4609840926069406 0.8031876822813416 0.16795213986866314 0.08857235885972195
99 0.46537169945891704 0.7494181333181009 0.1756418091359686 0.08691211404351833
111 0.4708271613538476 0.6902481848732398 0.17070864767057933 0.08181451093324058
10 0.47710481682634304 0.6303653369467582 0.18102867198083886 0.08582806767217548
16 0.4801755851437087 0.5717715869467582 0.18431744629109836 0.0892264697456941
22 0.4857538777713339 0.5102578885018971 0.1860027770237931 0.09170692078245324
24 0.4947847190194782 0.44276759213055455 0.19060838986866316 0.09055452389273118
26 0.49830586669005744 0.37558009213055454 0.19151247060135787 0.09296662441111074
36 0.5033895143606368 0.3085292931673138 0.19952968848918218 0.09755637959490704
38 0.5077737991863459 0.23984764368569342 0.2051655348257091 0.08638443374194402
41 0.5165147133652687 0.1629139967959712 0.20010622060135788 0.09371848011328665
275 0.28330507067153027 0.9438243697929624 0.16914614767057934 0.08167780989648107
264 0.4483944821369195 0.9535588291710638 0.17165367198083886 0.08500786145161995