263 0.13228418802694966 0.2802842992025693 0.07526787322831048 0.12118597539871531
288 0.24936256062228795 0.28068172986402756 0.07526787322831048 0.12118597539871541
259 0.3695932150687916 0.2802251753431247 0.07526787322831048 0.12118597539871531
275 0.4929215876641299 0.2804771356398607 0.07526787322831048 0.12118597539871541
35 0.6203199013664608 0.27595067695864534 0.07526787322831048 0.12118597539871541
53 0.7523511513664609 0.2728776155038882 0.07723960099579194 0.1329410929898959
266 0.13296869038920237 0.43951382883784706 0.0672916821213179 0.11631663744281262
266 0.3672072811333752 0.4379649401607636 0.067291682121318 0.11631663744281262
266 0.4872742444728864 0.44219588563986073 0.06729168212131782 0.11631663744281262
266 0.6122196807705554 0.44084897834541614 0.06729168212131782 0.11631663744281262
266 0.7417980533658938 0.44095546827742993 0.06729168212131782 0.11631663744281262
340 0.24840271743104436 0.44229137709048594 0.0672916821213179 0.11631663744281262