16 0.3411445340246722 0.13963456349299802 0.16168018119435104 0.10900952090551304
113 0.3382766241176446 0.2362820503388184 0.16028157215984357 0.1112622656438412
22 0.5138007840246722 0.1295784820782587 0.16324268119435104 0.10910052616718491
10 0.5039016241176446 0.2266354926016024 0.1630787902288585 0.10675677616718496
225 0.6822230020936869 0.12443741381769902 0.1660945295851967 0.1053762866905286
11 0.6714879618648285 0.22232117697187864 0.16765702958519668 0.10546729195220043
99 0.3305848203951328 0.3907875398154747 0.15090657215984365 0.11071623407381015
110 0.4904132884641476 0.3861470004941102 0.15515702958519667 0.10473924985882563
111 0.6497882884641476 0.3768644638035815 0.15855518119435102 0.10882751038216938
53 0.32481043177542873 0.48449203718463885 0.15186813861970413 0.10221348933548206
72 0.48307639984444356 0.47994250312494613 0.1563917476542116 0.10014275512049746
9 0.4746140537993863 0.5675790110174539 0.1548292476542116 0.10005174985882573
35 0.6332078037993863 0.5583419769577611 0.15272044443590288 0.0921482445971538
85 0.6417247801662744 0.4699242190652534 0.1547199870105498 0.09848924985882554
282 0.3201450750867098 0.573463531922967 0.14846998701054978 0.09812522881213823
275 0.3151137316395427 0.6787957740304591 0.1501417476542115 0.09977873407380997
259 0.30770578720363984 0.7624805292921311 0.1495954444359029 0.09196623407380997
264 0.6156218300303884 0.6651835111586282 0.14830609604505723 0.09578147881213823
288 0.6095032339853312 0.7526835111586283 0.14578202958519668 0.10419321828879458