16 0.33833189373217626 0.16015625 0.16343636635259245 0.1
113 0.33376267945310234 0.25703125 0.16207891790773132 0.10234375
22 0.5109881437321763 0.16015625 0.16499886635259245 0.1
10 0.49938767945310236 0.25703125 0.16479381479745356 0.09765625
225 0.6793280406218984 0.16484375 0.16778211376069424 0.09609375
11 0.666877975824445 0.2625 0.16934461376069426 0.09609375
99 0.323354276813936 0.41171875 0.15270391790773133 0.10234375
110 0.48310042370365824 0.41640625 0.15684461376069425 0.09609375
111 0.6424754237036583 0.41640625 0.16031136635259244 0.1
53 0.31593346460838057 0.50546875 0.15351456220555537 0.09375
72 0.4741171114981029 0.51015625 0.1579970106504165 0.09140625
9 0.4641181034395845 0.59765625 0.1564345106504165 0.09140625
35 0.6227118534395845 0.59765625 0.15418850546662027 0.08359375
85 0.6327792120164825 0.509375 0.1562978096136572 0.08984375
282 0.309704005513103 0.59453125 0.15004780961365718 0.08984375
275 0.3028204355318532 0.7 0.1517470106504165 0.09140625
259 0.29394443006523296 0.78359375 0.15106350546662028 0.08359375
264 0.6032599329399551 0.70390625 0.1498427580585183 0.0875
288 0.5956046748814366 0.79140625 0.14746961376069426 0.09609375