110 0.10536014711505026 0.26797447848964456 0.0920495340596927 0.16003924756436802
72 0.135713317978211 0.4675205109570486 0.0825380261671849 0.15753185633066594
9 0.16759889676211442 0.6397773405023534 0.08167347618130232 0.14268810633066592
11 0.2900173262236546 0.10183878408896188 0.11390912350811408 0.18695630357072246
111 0.3129822022920175 0.36213140178371356 0.10765912350811409 0.18684720941492108
85 0.33449869944942007 0.5841564062479405 0.10165204721387226 0.16410913879807013
35 0.3557120887425498 0.7741774342511176 0.09311150512049746 0.1514727711033185
152 0.37436962543307833 0.9327007824665803 0.09224695513461496 0.13459843506683952
16 0.6174513524614268 0.18950201988220708 0.16227029977412108 0.2400909862002823
113 0.6151578942724528 0.49852246387585264 0.1481777076948637 0.21252904788867966
260 0.6133124861399487 0.7482360917168741 0.13315965244730918 0.19587733603812651
53 0.6101706175405706 0.9313305280015296 0.11774748407380997 0.1373389439969408
266 0.19816927339517465 0.3070563437487642 0.10260760246142672 0.1805153887980701
266 0.22686123372087427 0.5182802159077429 0.10371507615306745 0.1727301623370204
266 0.25547759933648057 0.7014063616056717 0.09540204721387227 0.1640000446422686
266 0.4350336946112712 0.13949056290291797 0.1595093208208084 0.24628643912238163
266 0.44746288908136816 0.41989112905554216 0.1501042287415512 0.21880632142762996
266 0.462213446747997 0.6597485158250173 0.14110866033981714 0.19835745373287814
266 0.47377111498032176 0.8581860158250173 0.12389106826055958 0.17074096834337488
266 0.8396595524049569 0.2526953153352547 0.2407740023484873 0.30155636606989866
266 0.812077667879389 0.5831271091667445 0.2063843208208084 0.24710464529089188
266 0.7875228018402597 0.8449316339235107 0.17786520769486353 0.21304724512873605
266 0.1739450051910847 0.07874042897611189 0.10414001038216938 0.15322618587597076