9 0.52578125 0.5203125 0.0375 0.06796875
35 0.56484375 0.521875 0.0390625 0.06640625
53 0.603125 0.5234375 0.0390625 0.06640625
72 0.52578125 0.58671875 0.0390625 0.06640625
85 0.56328125 0.58984375 0.0390625 0.06640625
99 0.60234375 0.59140625 0.0390625 0.06640625
110 0.52421875 0.65625 0.0390625 0.06640625
111 0.56328125 0.6578125 0.0390625 0.06640625
113 0.6015625 0.66015625 0.0390625 0.06640625
276 0.5234375 0.7234375 0.0390625 0.06640625
8 0.56171875 0.7265625 0.0390625 0.06640625
342 0.60078125 0.72890625 0.0390625 0.06640625
288 0.8765625 0.725 0.04296875 0.07421875
266 0.9296875 0.7265625 0.04296875 0.07421875
266 0.9796875 0.72734375 0.0390625 0.0734375
9 0.89921875 0.9578125 0.0453125 0.07890625
35 0.9515625 0.95859375 0.04296875 0.08046875