9 0.565208173664287 0.5356111718785322 0.04265036390209147 0.06905988855894432
35 0.6043890728344501 0.5383102745440993 0.04409446473192844 0.06754285266556703
53 0.6427887220046131 0.540986645156355 0.04409446473192844 0.06754285266556703
72 0.5702401383962155 0.6020174218785322 0.04409446473192844 0.06754285266556703
85 0.6079769367365415 0.6062335604374766 0.04409446473192844 0.06754285266556703
99 0.6471578359067045 0.6089326631030436 0.04409446473192844 0.06754285266556703
110 0.5739464014684701 0.6715032077719095 0.04409446473192844 0.06754285266556703
111 0.6131273006386332 0.6742023104374766 0.04409446473192844 0.06754285266556703
113 0.6515861493938776 0.6776599310497322 0.04409446473192844 0.06754285266556703
276 0.5782563157854801 0.7386679757185981 0.04409446473192844 0.06754285266556703
8 0.6167743641258061 0.7429068463308538 0.04409446473192844 0.06754285266556703
342 0.6560144628810507 0.7463871989964208 0.04409446473192844 0.06754285266556703
288 0.9314997149556431 0.7505053638153241 0.048592710582743594 0.07546901293212364
266 0.980223379417217 0.7536136434404952 0.03955324116556582 0.07546901293212364
9 0.9717974413099337 0.9719323694076621 0.05129165809323268 0.05613526118467575
35 0.9998336186316585 0.9727109422335755 0.00033276273668292333 0.05457811553284912