9 0.48939745566064224 0.4804711792401425 0.042252837999285475 0.07081033008391255
35 0.5283506950169805 0.4790736999860668 0.043706077355623665 0.06936622925407576
53 0.5665226843733187 0.4777354203170727 0.043706077355623665 0.06936622925407558
72 0.4847538783050185 0.5468774292401425 0.043706077355623665 0.06936622925407558
85 0.522035357017695 0.5471608491562299 0.043706077355623665 0.06936622925407576
99 0.5609885963740332 0.5457633699021542 0.043706077355623665 0.06936622925407558
110 0.4783292796620714 0.6165270784103055 0.043706077355623665 0.06936622925407558
111 0.5172825190184096 0.6151295991562298 0.043706077355623665 0.06936622925407576
113 0.555399878052917 0.6145725694872357 0.043706077355623665 0.06936622925407558
276 0.4728498219846166 0.683773777995387 0.043706077355623665 0.06936622925407576
8 0.5109125506972931 0.6839979983263929 0.043706077355623665 0.06936622925407558
342 0.5498111597318006 0.6833817690723173 0.043706077355623665 0.06936622925407558
288 0.825865561340955 0.6585780655385436 0.04815863057393237 0.07747472717948316
266 0.8788813006972932 0.6561149937530008 0.04815863057393237 0.07747472717948316
266 0.9288266703754623 0.6531074703077839 0.044197750252101285 0.07639747925407558
9 0.8322419754353565 0.8896737775711798 0.05083016250491781 0.08233982593472788
35 0.8845310951135256 0.8864886553707183 0.048595673148579266 0.08372472717948298