289 0.18735728604390708 0.3148864836650618 0.07808918467536322 0.06766484305173996
290 0.3687430987030438 0.25093949193722936 0.09540395401018138 0.07940286372990438
289 0.5927987640435889 0.2936577231210918 0.08751872867599957 0.07278899069437514
289 0.38723965471831584 0.3626389712590649 0.07810736600890866 0.06922734305173997
35 0.3918009800684059 0.4859309220448532 0.09693918200986325 0.07713188833701032
9 0.3950628874124509 0.5647280101341944 0.0898897506763177 0.07524190260503386
266 0.40065036342295046 0.641853436312877 0.08594713800922697 0.0719349660872691
142 0.406982726766359 0.7158174751880064 0.08671020667568144 0.07040885339082212
248 0.25532986744108593 0.7822879993808274 0.08671020667568144 0.07040885339082212
272 0.4194105487746314 0.7762091656347124 0.07955168734086335 0.05914386765884601
134 0.5781861121100859 0.7844475430134679 0.08914486334340861 0.07833051530148083