273 0.65859375 0.1625 0.2484375 0.30390625
9 0.53515625 0.45703125 0.08515625 0.11484375
35 0.63203125 0.41796875 0.0890625 0.12265625
53 0.73828125 0.375 0.10078125 0.13359375
72 0.52734375 0.57578125 0.0890625 0.11875
85 0.62421875 0.540625 0.096875 0.12265625
99 0.73984375 0.50078125 0.11015625 0.13125
110 0.51796875 0.696875 0.096875 0.12265625
111 0.6203125 0.66953125 0.1125 0.12265625
113 0.73359375 0.634375 0.11796875 0.14375
8 0.6078125 0.81171875 0.10234375 0.13515625
119 0.50078125 0.83515625 0.0984375 0.125
0 0.7265625 0.79453125 0.1203125 0.14375
131 0.5796875 0.95390625 0.12265625 0.0875