273 0.6595391473442802 0.20470460517718886 0.2502055748409857 0.3198268483942421
9 0.5378151800307881 0.49132562075489244 0.08582439139235198 0.12030081045588795
35 0.6344629210537978 0.4584711528331503 0.08977609318774996 0.12836363433001133
53 0.7404629361791082 0.4223112122093042 0.10155847570130731 0.1400521059523811
72 0.5306935473208391 0.6095749730066459 0.08975336729005079 0.12445738433001133
85 0.6273640142415478 0.5806267550849038 0.09758859318774996 0.1288642820782579
99 0.7427572100850175 0.5481925917589535 0.11091984016268785 0.13830913325027722
110 0.5220230501495096 0.73006794570875 0.09758859318774996 0.1288642820782579
111 0.6242077188656162 0.7092826812107804 0.11321359318774996 0.1298655775747511
113 0.7372844357863247 0.6813858235603563 0.11880506303532493 0.15130978099852363
8 0.6125349415418614 0.8506691448135859 0.10313006606038702 0.14171473550203045
119 0.5056400469280556 0.8672477706626076 0.09916472872636942 0.1313081616279071
0 0.7311849475919857 0.8410914905869344 0.12114881303532492 0.15145997532299765
131 0.5852371642181067 0.9716871140480812 0.12316531010845858 0.05662577190383757