273 0.6652151176042167 0.14945220026752154 0.2608207307598091 0.2989044005350431
9 0.5537788463868595 0.44145979348173175 0.08983577422028777 0.11732154381093611
35 0.6490621714819997 0.3995785188711255 0.09406035920125966 0.1252477040774928
53 0.753561329086654 0.3535182096207832 0.10622477817462048 0.13652618487716292
72 0.5508050380976333 0.5604371140148452 0.0939011917107738 0.12134145407749272
85 0.6462475306832595 0.5224620894042389 0.10187285920125966 0.1254750246106063
99 0.7602490222803026 0.4792539955141605 0.11550427768032882 0.13445521951689904
110 0.5463642303026987 0.6818036486545813 0.10187285920125966 0.1254750246106063
111 0.6475938078692968 0.6514819996707957 0.11749785920125966 0.1259296656768331
113 0.7594425504549229 0.6130296019406513 0.12382611364988402 0.14718254005001247
8 0.6408875045229864 0.7940332125237771 0.10785094517081487 0.13813414898378565
119 0.5348112594659022 0.8205850038274306 0.10353085969555131 0.12786423871722902
0 0.7589371675648481 0.7733904404204532 0.12616986364988386 0.14725073620994653
131 0.618556201176676 0.9370390664429852 0.12622160178688588 0.09106893236988042