9 0.4552232241857509 0.5471441858164557 0.03755247888272546 0.0693375904181794
35 0.501908508386618 0.5388661122041902 0.03723396046687384 0.06386884041817939
38 0.5969325820500238 0.5208111319758537 0.0355804552052021 0.062242673421985015
39 0.6417368478350394 0.517938141367394 0.0355804552052021 0.062242673421985015
264 0.38946942156903247 0.5601270054743885 0.03755247888272546 0.06933759041817958
275 0.32605936895231397 0.5732053256266129 0.03755247888272546 0.06933759041817958
41 0.4607514293203659 0.4118924353221642 0.04072298151356133 0.07024617441056816
42 0.5102431951053814 0.40921044570228754 0.04072298151356133 0.07024617441056832
43 0.5599169714137406 0.4034034560824108 0.04072298151356133 0.07024617441056816
44 0.6073380029837718 0.3959384659682426 0.040722981513561504 0.07024617441056816
46 0.6532420371846388 0.38762855885787995 0.040722981513561504 0.07024617441056816
273 0.47865010281436254 0.21214710330694175 0.06727777623777201 0.08457792984777565
261 0.6796511606927529 0.20310897881982384 0.06551785516284987 0.1078880958553869
131 0.5455113791227217 0.20704045064520335 0.04416649992941295 0.075842258402957