9 0.473663437976562 0.5358258206135558 0.03517574021635426 0.06855513108743239
35 0.5199935773192357 0.5264741400125909 0.03504845364722229 0.06308638108743239
38 0.6142527235957636 0.5062355523496112 0.033449586056041626 0.06149660754848192
39 0.6588930763693052 0.5023253482096959 0.033449586056041626 0.06149660754848192
264 0.40845601206475646 0.5503189687471167 0.03517574021635426 0.06855513108743239
275 0.3455923361529509 0.564853027189103 0.03517574021635426 0.06855513108743239
41 0.4744654846136802 0.4006286603051302 0.03831892401194459 0.06939092816533296
42 0.5237933373872219 0.396800276782066 0.03831892401194459 0.06939092816533296
43 0.5731939253431246 0.3898468932590016 0.03831892401194459 0.06939092816533296
44 0.620287130890208 0.3812900994275118 0.03831892401194459 0.06939092816533296
46 0.6658360202328817 0.37192478205707175 0.03831892401194459 0.06939092816533296
273 0.4853705362847915 0.2007377544609316 0.06440929853697916 0.08312219155801363
261 0.6857705797877776 0.1870412674465751 0.0618298124046877 0.10650514448011292
131 0.5519586242406943 0.19408437986632104 0.04157121058107638 0.07491422524323363