16 0.5962058147936327 0.6851466716396196 0.09961721826325771 0.1266905735928187
113 0.2953610656515625 0.865673418726435 0.10591268236988043 0.12861709463950605
11 0.2969954249810471 0.7290911766189427 0.1107820387963712 0.13514011042452162
24 0.6056526741231172 0.5481094032237681 0.10761157468974858 0.13339559990117794
23 0.29818951511020175 0.5808356871422864 0.11408889522286199 0.14157212094786545
25 0.30046037193240394 0.4223784450347942 0.12203778754272995 0.1467146472562245
26 0.6209319963055833 0.39825361639206525 0.10634459138279588 0.14346084463950612
36 0.6317738710744741 0.24007709534537777 0.11295830423577727 0.15632486568619353
28 0.30075119160758745 0.2515577108198098 0.12575382092882476 0.16720915777956832
144 0.16954665571421018 0.25763965280024514 0.17966007092882483 0.17034883930724706
144 0.1707046757724699 0.43227563175355777 0.17617135807584336 0.15766682878390342
115 0.17222640868371109 0.5944116107068703 0.16344403754272996 0.1491262866905286
115 0.49120006604727384 0.7021815241716335 0.1460064849563052 0.13953147881213823
144 0.49772651385656064 0.5582950162791257 0.1474553246897486 0.13571623407381014
144 0.5067331039857152 0.40958450049411016 0.15076218111623926 0.1421482445971538
144 0.5161943351810968 0.24524898470909462 0.15742135807584337 0.1565747656438412