9 0.494326447872978 0.5069193410457415 0.04476030133405242 0.0824604769557407
35 0.5387758107178483 0.5014608614981029 0.04476030133405242 0.0824604769557407
53 0.5836379313646347 0.48890278143208443 0.0447603013340526 0.0824604769557407
72 0.49981620929293874 0.596694740527362 0.04476030133405242 0.0824604769557407
85 0.5416761606724197 0.5867538125348621 0.0447603013340526 0.0824604769557407
99 0.5850986120519007 0.5766761835056029 0.0447603013340526 0.0824604769557407
110 0.5056368413596859 0.6778080394906028 0.04200711555840364 0.07444292540060182
111 0.5466745991616019 0.6671542120164824 0.041307752713533576 0.07593707488222208
113 0.5869720505410829 0.6573499850607417 0.041307752713533395 0.07593707488222208
0 0.5094445940732193 0.7504642894906027 0.04200711555840364 0.07444292540060182
8 0.5497420454527002 0.740660062534862 0.04200711555840364 0.07444292540060182
0 0.588558883987311 0.7325550366158806 0.039540534825709094 0.07189412384546294
131 0.5527242825624015 0.8275155135716213 0.11865150271353357 0.08270377620180547
273 0.5311735933958508 0.29649995942458435 0.17356473202131859 0.1808282093781015