9 0.45287815929121483 0.5639162332945951 0.04246156335461819 0.08032490626060226
35 0.49744577688239533 0.5639087988110244 0.04246156335461819 0.08032490626060226
53 0.5429582986338884 0.5568973961786192 0.04246156335461819 0.08032490626060226
72 0.4515682727983329 0.6537872651457605 0.04246156335461819 0.08032490626060226
85 0.493901243163055 0.6490104851086935 0.04246156335461819 0.08032490626060226
99 0.5377967135277772 0.6442882687739575 0.04246156335461819 0.08032490626060226
110 0.4512396580569439 0.7350918288480913 0.039935975398715226 0.07243056070710593
111 0.4928095622172563 0.729506516959859 0.03919109298989589 0.07396577885594055
113 0.5335800325819786 0.7246751732204613 0.03919109298989589 0.07396577885594055
0 0.449548565067048 0.8077480788480914 0.039935975398715226 0.07243056070710593
8 0.4903190354317702 0.8029167351086937 0.039935975398715406 0.07243056070710593
0 0.529490638205312 0.799593327666965 0.03753767401194459 0.0700049651536098
131 0.4867381341212493 0.8895809214063627 0.11653484298989589 0.07666668212131782
273 0.5053349313270483 0.3593304262156861 0.16871689846072932 0.17216272059590523