56 0.6109375 0.14140625 0.0515625 0.09609375
57 0.690625 0.13125 0.0515625 0.09609375
44 0.48984375 0.275 0.0515625 0.09609375
46 0.57109375 0.27109375 0.0515625 0.09609375
47 0.65078125 0.25625 0.0515625 0.09609375
54 0.728125 0.25234375 0.0515625 0.09609375
55 0.8046875 0.2375 0.0515625 0.09609375
38 0.49453125 0.39375 0.0515625 0.09609375
39 0.57109375 0.38515625 0.0515625 0.09609375
41 0.65 0.375 0.0515625 0.09609375
42 0.72578125 0.36015625 0.0515625 0.09609375
43 0.7984375 0.35234375 0.0515625 0.09609375
37 0.79140625 0.4625 0.04921875 0.0875
36 0.72265625 0.47109375 0.0515625 0.09609375
28 0.65078125 0.47890625 0.0515625 0.09609375
26 0.57265625 0.49453125 0.04921875 0.08984375
23 0.49765625 0.50234375 0.0515625 0.09609375
99 0.64609375 0.58359375 0.0515625 0.09609375
272 0.709375 0.85078125 0.0421875 0.08125
264 0.6421875 0.86015625 0.04765625 0.0875
275 0.57578125 0.875 0.0515625 0.09609375
272 0.46796875 0.89453125 0.02890625 0.05625