56 0.620825588251387 0.10938837234426702 0.05828202958519668 0.09879602611928182
57 0.6998028940675857 0.09505587743264968 0.05828202958519668 0.09879602611928182
44 0.5090736232844654 0.24932837686682277 0.05828202958519668 0.09879602611928177
46 0.590050471675311 0.24116399480007572 0.05828202958519668 0.09879602611928177
47 0.6686999955605246 0.22214399988845832 0.05828202958519668 0.09879602611928177
54 0.7457705939513702 0.21418433570953566 0.05828202958519668 0.09879602611928177
55 0.8212951178365838 0.19532811510817777 0.05828202958519668 0.09879602611928177
38 0.5220649322027573 0.36783271540143353 0.05828202958519668 0.09879602611928187
39 0.5980264986626176 0.35522649480007573 0.05828202958519668 0.09879602611928177
41 0.6762225544788164 0.3409349434660232 0.05828202958519668 0.09879602611928177
42 0.7509658283640299 0.3221196664422303 0.05828202958519668 0.09879602611928177
43 0.8230757751457214 0.3104994137286968 0.05828202958519668 0.09879602611928177
37 0.8237474005238734 0.4210241559267807 0.055337346045057245 0.09007944538658705
36 0.7555983340640131 0.4332209407524898 0.05828202958519668 0.09879602611928177
28 0.6842696372823218 0.4448002498884584 0.05828202958519668 0.09879602611928177
26 0.6072372437189391 0.46451960764494593 0.055501237010549785 0.09242319538658723
23 0.5327835469372478 0.476262691091174 0.05828202958519668 0.09879602611928177
99 0.686902600407658 0.5497334113538476 0.05828202958519668 0.09879602611928177
272 0.7688674204738147 0.8136044815710927 0.04786905347041017 0.08346095318850325
264 0.7023354843357851 0.826500629241672 0.053774846045057244 0.08999755823145747
275 0.6369672104505716 0.8448245833346866 0.05828202958519668 0.09879602611928177
272 0.5305204684963434 0.8700060470386394 0.03283963317182241 0.057764912369900404