61 0.4609375 0.2234375 0.0734375 0.10546875
259 0.56875 0.03984375 0.07734375 0.0796875
62 0.565625 0.22734375 0.0734375 0.10546875
59 0.459375 0.3421875 0.0734375 0.10546875
60 0.56640625 0.34453125 0.0734375 0.10546875
56 0.459375 0.46171875 0.0734375 0.10546875
57 0.56796875 0.4640625 0.0734375 0.10546875
55 0.56796875 0.5796875 0.0734375 0.10546875
54 0.4609375 0.5796875 0.0734375 0.10546875
46 0.46015625 0.7046875 0.0734375 0.10546875
47 0.56953125 0.696875 0.0734375 0.10546875
43 0.4609375 0.825 0.0734375 0.10546875
44 0.56875 0.821875 0.0734375 0.10546875
42 0.57109375 0.9359375 0.0734375 0.10546875
41 0.4625 0.946875 0.07109375 0.103125