61 0.4583375693030014 0.25836525519809206 0.07466474001431748 0.11103351099766208
259 0.5682863759945912 0.08294104793934072 0.07827099801081765 0.08554825892306969
62 0.5629796159691377 0.2702042495990147 0.07466474001431748 0.11103351099766216
59 0.4553932879535476 0.37699685602792904 0.07466474001431748 0.11103351099766216
60 0.5623972659532294 0.38745094918409617 0.07466474001431748 0.11103351099766216
56 0.45400241593732105 0.496528106027929 0.07466474001431748 0.11103351099766208
57 0.5625688939370029 0.5071005983542592 0.07466474001431748 0.11103351099766208
55 0.5612234752546399 0.6227255983542592 0.07466474001431748 0.11103351099766208
54 0.4541922252546399 0.614615255198092 0.07466474001431748 0.11103351099766208
46 0.4519564685710044 0.7395560556130105 0.07466474001431748 0.11103351099766208
47 0.5614223752387316 0.7400314975244223 0.07466474001431748 0.11103351099766208
43 0.4513377558880052 0.8599277551980921 0.07466474001431748 0.11103351099766208
44 0.5591866185550961 0.8649722979393408 0.07466474001431748 0.11103351099766208
42 0.5602031312062785 0.9618478205978771 0.07466474001431748 0.07630435880424571
41 0.4514821118714605 0.9638325366235232 0.07229371801399935 0.07233492675295353