61 0.47917654334173854 0.2261191559284872 0.0820468386403311 0.10589599687674198
259 0.5720024168196807 0.04315264070498085 0.08384858363936125 0.08013747277444108
62 0.5841829077358248 0.2306344599868216 0.08204683864033128 0.10589599687674207
59 0.48730752092196317 0.34486006556940757 0.08204683864033128 0.10589599687674198
60 0.594530089558415 0.34782650516636143 0.0820468386403311 0.10589599687674198
56 0.49706477138100524 0.4643913155694076 0.08204683864033128 0.10589599687674216
57 0.605849840017457 0.46736684552544105 0.0820468386403311 0.10589599687674198
55 0.6152882260824126 0.582991845525441 0.0820468386403311 0.10589599687674198
54 0.5082569760824126 0.5823691559284873 0.0820468386403311 0.10589599687674216
46 0.5176793866931755 0.7073646107489474 0.08204683864033128 0.10589599687674198
47 0.6264166579050028 0.7001884358845206 0.0820468386403311 0.10589599687674198
43 0.5282816600310347 0.8276816559284871 0.0820468386403311 0.10589599687674181
44 0.6358390685157655 0.8251838907049809 0.0820468386403311 0.10589599687674181
42 0.6474936588230866 0.9392600262436002 0.08204683864033128 0.10589599687674181
41 0.5397927291265285 0.9488982203092527 0.07951177000387943 0.10220355938149446