273 0.4880929671207266 0.16371769338442727 0.23389777274507892 0.21564239128447782
266 0.49767779052775935 0.319104597830931 0.04308006596343468 0.037383438111767656
85 0.5084163531814252 0.6168699752355927 0.04222604135632899 0.03579365626060227
53 0.5090905953235423 0.6481472570867581 0.04286174214211709 0.03269593811176765
35 0.5098012247692123 0.6802057889379236 0.04215326674922295 0.03423115626060227
168 0.5105118542148824 0.7122643207890891 0.04059076674922295 0.034176592558271324
152 0.5119309590534467 0.742733070789089 0.04059076674922295 0.034176592558271324
120 0.5126052011955637 0.7740103526402544 0.039064654052775795 0.03490327885594056
275 0.47241900289097494 0.8184523226031875 0.039210203266987695 0.03802827885594055
259 0.5127892917661044 0.8115649163425852 0.03824701674922295 0.034094747004775175
264 0.5515606933376811 0.8039508237843138 0.03910104135632899 0.035684528855940555