273 0.5172259451708149 0.15898993382716828 0.39974396790822786 0.2611260144729114
110 0.5847144644853678 0.6479283093438969 0.059867089923887916 0.03397904776646961
99 0.585429388895936 0.6846106720403441 0.062210839923887915 0.034088209677128486
85 0.589237479808407 0.7206573339510027 0.058304589923887915 0.03390627315936392
72 0.5915467377170724 0.7581937212545558 0.06386884041817939 0.036504734284234175
53 0.5906673286295435 0.7940220593438969 0.059867089923887916 0.03397904776646961
35 0.5921316695420145 0.8299595593438969 0.059898923421985016 0.034760297766469606
9 0.5935641769563882 0.8651158093438969 0.055992673421985016 0.03457836124870504
275 0.5021380223174835 0.9177805829175455 0.05046025642579064 0.032761150123834425
264 0.5941345213289003 0.917386784736791 0.0560563404181794 0.03614086124870504
263 0.5809899452079959 0.5565220593438969 0.06386884041817939 0.036504734284234175