9 0.6193978771508042 0.433017420751087 0.23206358713762576 0.14253458736472577
53 0.6263932865953328 0.3049651460852688 0.24462267447164338 0.1528362880330894
85 0.632666533373879 0.16674753075267787 0.25564653288289974 0.16780730736790747
72 0.38659550927157804 0.1599777207192703 0.2603067618056608 0.16317435136854383
35 0.38578646731349203 0.2990402207192703 0.2571363100102628 0.15532548870145294
119 0.3889291271508042 0.43033567405313394 0.24304653893302391 0.15047435669954384
264 0.6041621999486864 0.7688003794159507 0.2210033672900508 0.1213135680299077
288 0.3931974288714475 0.7710333993873157 0.22726700282867043 0.1237300433640895
259 0.39258382963357324 0.8765021493873156 0.21787836729005097 0.12127720536281679
275 0.5957224651721928 0.8765219727482236 0.211605641392352 0.11729823002863497
119 0.8500853166495622 0.26381507678226745 0.1351522257013073 0.13515734468490823
35 0.8731238826117533 0.06406961545190364 0.14437723477649342 0.1094851826861809
267 0.38993204918656055 0.6608316960534522 0.23197722872636942 0.12769083736472595