9 0.34112384083810887 0.780691533191493 0.05650200939154022 0.0483553725281606
110 0.45998658737806775 0.8054562224316157 0.05728325939154004 0.04841000284999168
111 0.46264601376580233 0.7594171027534465 0.05572075939154022 0.04830074220632987
35 0.3412803497353575 0.7383947725478313 0.05484400889724857 0.04590236188449896
113 0.46524177315734255 0.7149404830752774 0.05728325939154004 0.04841000284999168
10 0.467901199545077 0.6689013633971083 0.055657092395345845 0.04673824220632987
53 0.34387610912689764 0.6939181528696621 0.05484400889724857 0.04590236188449914
72 0.3456906185184378 0.649386902869662 0.05393542490485981 0.04272273156266806
11 0.47215495943090885 0.6221902543626008 0.05643834239534584 0.0467928725281606
85 0.34984887790997793 0.6050195438351547 0.055625258897248564 0.04595699220632987
272 0.39341455821486415 0.9394763073288079 0.02582767095052709 0.022060670298587583
275 0.32447348760552924 0.4778889612837508 0.06028092539915138 0.045503524137314955
266 0.509438736616946 0.4955238475576664 0.06028092539915129 0.045503524137314955
259 0.4135041541074321 0.4848980679724697 0.06031275889724856 0.04628477413731495
99 0.35166338730151814 0.5604882938351546 0.06031275889724856 0.04628477413731513
16 0.47250246931674056 0.5752059937189392 0.06031275889724856 0.04628477413731495