9 0.349915836501245 0.7243316096829806 0.055983227038746364 0.048995351517208616
110 0.46896971338170684 0.7309806092239386 0.05676447703874636 0.04905912439602602
111 0.4710921545270759 0.6848230863451213 0.055201977038746367 0.04893157863839139
35 0.3495808673800574 0.6822716554406151 0.05435253087881246 0.04652405575957417
113 0.47316913156582235 0.6402280634663041 0.05676447703874636 0.04905912439602602
10 0.47529157271119155 0.5940705405874869 0.05515651293212365 0.04736907863839139
53 0.3516578444188038 0.6376766325617979 0.05435253087881238 0.04652405575957417
72 0.35295357145755024 0.5931453825617978 0.053480352665567034 0.04333528288075694
11 0.478999245909872 0.547004221951035 0.055937762932123644 0.04743285151720862
85 0.35659304849629664 0.548422813925346 0.05513378087881238 0.046587828638391574
272 0.4040086399455996 0.8742361437716856 0.025591033386094787 0.022353232122152632
275 0.32976142702611116 0.4259099561992195 0.059798548825501105 0.0461892159112951
266 0.5147812847062431 0.41548328391952705 0.059798548825501105 0.0461892159112951
259 0.4188011949727998 0.41942109801405103 0.059821280878812465 0.0469704659112951
99 0.35788877553504306 0.5038915639253461 0.059821280878812375 0.046970465911294924
16 0.4788006691085524 0.5002567677086696 0.05982128087881229 0.046970465911294924