9 0.371875 0.7546875 0.0546875 0.04453125
110 0.49140625 0.77109375 0.05546875 0.04453125
111 0.4921875 0.725 0.05390625 0.04453125
35 0.3703125 0.7125 0.053125 0.0421875
113 0.49296875 0.68046875 0.05546875 0.04453125
10 0.49375 0.634375 0.05390625 0.04296875
53 0.37109375 0.66796875 0.053125 0.0421875
72 0.37109375 0.6234375 0.05234375 0.0390625
11 0.49609375 0.5875 0.0546875 0.04296875
85 0.3734375 0.57890625 0.05390625 0.0421875
272 0.43046875 0.909375 0.025 0.0203125
275 0.34296875 0.45390625 0.05859375 0.04140625
266 0.528125 0.45859375 0.05859375 0.04140625
259 0.43203125 0.4546875 0.05859375 0.0421875
99 0.3734375 0.534375 0.05859375 0.0421875
16 0.49453125 0.540625 0.05859375 0.0421875