272 0.63515625 0.165625 0.11015625 0.09296875
85 0.62578125 0.25859375 0.09765625 0.07421875
53 0.6171875 0.3671875 0.0859375 0.07109375
35 0.4 0.371875 0.08203125 0.06015625
152 0.5109375 0.45703125 0.07890625 0.05546875
309 0.4125 0.56875 0.0671875 0.04609375
309 0.5171875 0.565625 0.071875 0.0546875
309 0.62421875 0.56171875 0.071875 0.059375
272 0.61953125 0.63125 0.08984375 0.059375
272 0.5203125 0.63515625 0.08984375 0.059375
272 0.4234375 0.63671875 0.08984375 0.059375
266 0.384375 0.26640625 0.08984375 0.0703125