272 0.6303370546979958 0.1434448550025071 0.11286136434404952 0.09681549101432534
85 0.6182569403539462 0.23674098721649223 0.09981579506457727 0.07762898139567849
53 0.6065034349436699 0.34563483757931196 0.08800611685133183 0.0740947536281971
35 0.38917954262380194 0.3579066922033009 0.08378161810497317 0.06302084437236992
152 0.4976392488128658 0.4391889193378102 0.08052022578510502 0.05822421696770839
309 0.39595106518934403 0.554345182584654 0.06852869114536908 0.04843998920022674
309 0.5007294934025894 0.5475644145284868 0.07346624373179367 0.05719743030721922
309 0.6078744036691461 0.5399205509188232 0.07360263605166181 0.06188493030721922
272 0.6011637509244367 0.6096154920258157 0.09157138605166182 0.06251241288402412
272 0.5018313406578802 0.616986537123825 0.09157138605166182 0.06251241288402412
272 0.40491087655125746 0.6219319866683382 0.09157138605166182 0.06251241288402412
266 0.37662336982083283 0.25298357922660947 0.09188963479802066 0.07344991288402421