9 0.3449038023562017 0.3183350836733707 0.045622191558013545 0.06483378392119796
35 0.3917651655867266 0.3166597190194781 0.045594918019063256 0.06327128392119796
53 0.4386401655867266 0.31420310436558563 0.04715741801906326 0.06335317107632772
72 0.34536172402871296 0.381534446518241 0.047897757710637735 0.061050364653892505
85 0.39146911079818814 0.37833752544191324 0.0456767386359143 0.06795878392119796
99 0.43831683725923776 0.37744341078802074 0.04796594155801355 0.0649566146538925
110 0.34503839570122424 0.4447747529406761 0.04713014448011297 0.06179067107632772
111 0.391118508931749 0.4431403318643484 0.04564946509696401 0.06639628392119797
113 0.437993508931749 0.44068371721045585 0.047938668019063255 0.06339411465389251
168 0.3439338173737354 0.5080560029406761 0.04715741801906326 0.06335317107632772
8 0.3915900673737355 0.5055584447092187 0.044032418019063255 0.06318939676606802
119 0.4376701806042602 0.503924023632891 0.04478639448011279 0.061667840343633