9 0.32132217657838025 0.353056649295265 0.04999929147037019 0.06457407630251702
35 0.3681288260600007 0.35602113750844067 0.049862590433611055 0.06301157630251701
53 0.4150038260600006 0.3582043757216164 0.051425090433610876 0.06308435090962287
72 0.3173482845896304 0.41641067390237085 0.052001288878472086 0.06077698821317572
85 0.36351038510801004 0.41777627481199364 0.050272693543888816 0.06769907630251701
99 0.4102486840712508 0.42152201302516934 0.05234304147037037 0.06468323821317572
110 0.3125931426008805 0.47972831120592385 0.05128838939685174 0.0615218509096227
111 0.3586185420825009 0.48265641211554655 0.0501359925071295 0.06613657630251701
113 0.4054935420825009 0.4848396503287223 0.052206340433611054 0.06312073821317572
168 0.3070567506121306 0.5430095612059238 0.051425090433611056 0.0630843509096227
8 0.3547130006121306 0.5452291867226524 0.048300090433611054 0.06293880169541097
119 0.40073840009375095 0.5481572876322752 0.048944639396851744 0.061412688998963995