110 0.3921875 0.42734375 0.0609375 0.0421875
111 0.55390625 0.425 0.0609375 0.0421875
85 0.3953125 0.48203125 0.0609375 0.0421875
99 0.5515625 0.47890625 0.0609375 0.0421875
53 0.3921875 0.534375 0.0609375 0.0421875
72 0.55390625 0.53203125 0.0609375 0.0421875
9 0.3921875 0.58671875 0.0609375 0.0421875
35 0.55 0.58359375 0.0609375 0.0421875
152 0.39375 0.6375 0.0609375 0.0421875
186 0.55 0.6359375 0.0609375 0.0421875
343 0.384375 0.81328125 0.04921875 0.0359375
265 0.5609375 0.80234375 0.04921875 0.0359375
272 0.4703125 0.8765625 0.04453125 0.03046875
259 0.3875 0.2046875 0.05859375 0.04375
266 0.5546875 0.2109375 0.06796875 0.053125
266 0.47265625 0.83515625 0.04921875 0.0359375
248 0.3921875 0.7171875 0.04921875 0.0359375
275 0.47265625 0.71328125 0.04921875 0.0359375
134 0.54921875 0.71328125 0.04921875 0.0359375