110 0.3772643274125109 0.42049809172346464 0.062410719962933126 0.04325116801906326
111 0.5390649229660072 0.41533153044210447 0.062410719962933035 0.04325116801906326
85 0.378479597830931 0.475131044645564 0.062410719962933035 0.04325116801906326
99 0.5348387252355927 0.46927869075053 0.062410719962933216 0.04325116801906326
53 0.3735267138028473 0.5275293417234647 0.062410719962933126 0.04325116801906326
72 0.5353273093563435 0.5223627804421045 0.062410719962933035 0.04325116801906326
9 0.37169882977476365 0.5798730917234647 0.062410719962933126 0.04325116801906326
35 0.5296204571794254 0.5739934642894803 0.062410719962933216 0.04325116801906326
152 0.37148800944901084 0.6306270681845143 0.062410719962933035 0.04325116801906326
186 0.5277925731513416 0.6263372142894803 0.062410719962933035 0.04325116801906326
343 0.35597459293678957 0.8065719594182165 0.0504737151536097 0.03679661647693564
265 0.5329190388531055 0.792552549516828 0.05047371515360979 0.03679661647693564
272 0.43970226299238996 0.8683531647759477 0.045595242195451746 0.031246045860084594
259 0.3803521549946579 0.1979236623403157 0.06012153366526398 0.04477275771063773
266 0.5473214001853345 0.2012553936726293 0.06982391587924912 0.054311398944339825
266 0.4434919511041576 0.8269060044675222 0.05047371515360979 0.03679661647693564
248 0.3671427606301372 0.7103418417234646 0.0504737151536097 0.03679661647693564
275 0.4477479198859643 0.7050310044675221 0.050473715153609613 0.03679661647693564
134 0.5243104198859643 0.7036946010589554 0.050473715153609613 0.03679661647693564