110 0.3697913630720129 0.44561017638357026 0.06314845318850333 0.04502570967712849
111 0.5316329438047076 0.45079859821902646 0.06314845318850323 0.04502570967712849
85 0.37005031264247157 0.500443225597782 0.06314845318850323 0.04502570967712849
99 0.5264640869527311 0.5045956863083676 0.06314845318850323 0.04502570967712849
53 0.36418209294562487 0.5526414263835703 0.06314845318850323 0.04502570967712849
72 0.5260236736783195 0.5578298482190265 0.06314845318850323 0.04502570967712849
9 0.36143887324877816 0.6049851763835703 0.06314845318850323 0.04502570967712849
35 0.5194151475590377 0.6092104117012618 0.06314845318850323 0.04502570967712849
152 0.36034004070706127 0.6558392009906762 0.06314845318850323 0.04502570967712849
186 0.516671927862191 0.6615541617012617 0.06314845318850323 0.04502570967712849
343 0.3417527357549642 0.831183803348041 0.0511021545679843 0.038229900123834426
265 0.5188884458408725 0.8284698339510028 0.05110215456798421 0.038229900123834426
272 0.4243738059722092 0.8984676567388631 0.046128049525030156 0.032542826302517015
259 0.3767727826780025 0.22273560256225267 0.060886590343633085 0.046479047766469606
266 0.5436327340574835 0.23677248552257937 0.07075291327441172 0.056290695409104786
266 0.4288875655831476 0.8571705686495218 0.05110215456798421 0.038229900123834426
248 0.3546012957954439 0.7354539263835702 0.0511021545679843 0.038229900123834426
275 0.43527476368326834 0.735295568649522 0.05110215456798421 0.038229900123834426
134 0.5118372636832683 0.7388615243977089 0.05110215456798421 0.038229900123834426