275 0.40234375 0.9476667886702417 0.0875 0.06501287799792799
272 0.50625 0.9443897772977022 0.0875 0.06501287799792799
264 0.61015625 0.9364252659251626 0.0875 0.06501287799792799
9 0.39765625 0.8025726124915593 0.09140625 0.06831981451569255
35 0.50625 0.7975147772977023 0.09140625 0.06831981451569255
53 0.61640625 0.7908216674967392 0.09140625 0.06831981451569273
99 0.62265625 0.7124055690683159 0.09140625 0.06831981451569255
85 0.50625 0.7193897772977023 0.09140625 0.07144481451569255
65 0.39609375 0.7245203870986652 0.09140625 0.07144481451569255
110 0.39453125 0.6456869117057711 0.08984375 0.07605953990858687
111 0.51015625 0.6395203407799375 0.09140625 0.06831981451569255
113 0.625 0.632608907157657 0.09140625 0.06831981451569255
10 0.39296875 0.5621659363128769 0.08984375 0.07449703990858687
11 0.509375 0.5551817280834905 0.08984375 0.07449703990858687
16 0.625 0.551358907157657 0.09140625 0.07456981451569256
20 0.39296875 0.4731034363128769 0.08984375 0.07449703990858687
21 0.509375 0.46924422808349053 0.08984375 0.07449703990858687
23 0.63046875 0.46594794603278655 0.09375 0.07624147642635144
24 0.38984375 0.38653023552708854 0.1 0.08278257485477489
25 0.50859375 0.3825618653870434 0.10390625 0.07983951137253956
26 0.634375 0.3767035095150219 0.09765625 0.08579841294411601
37 0.634375 0.2860785095150219 0.09765625 0.08579841294411601
36 0.51328125 0.2885935415657258 0.09765625 0.0857984129441161
28 0.39296875 0.29575968631287686 0.09765625 0.0857984129441161
38 0.390625 0.20368134822353565 0.09765625 0.0857984129441161
39 0.51328125 0.19796854156572583 0.09765625 0.0857984129441161
40 0.63671875 0.19221934760436313 0.09765625 0.0857984129441161
42 0.390625 0.11071259822353566 0.10234375 0.09070423676543364
43 0.51328125 0.10265604156572583 0.10234375 0.08601673676543369
44 0.640625 0.09828741108659847 0.10234375 0.08601673676543367