275 0.40234375 0.96640625 0.0875 0.0609375
272 0.50625 0.96796875 0.0875 0.0609375
264 0.61015625 0.96484375 0.0875 0.0609375
9 0.39765625 0.82109375 0.09140625 0.0640625
35 0.50625 0.82109375 0.09140625 0.0640625
53 0.61640625 0.81953125 0.09140625 0.0640625
99 0.62265625 0.74140625 0.09140625 0.0640625
85 0.50625 0.74296875 0.09140625 0.0671875
65 0.39609375 0.74296875 0.09140625 0.0671875
110 0.39453125 0.6640625 0.08984375 0.071875
111 0.51015625 0.66328125 0.09140625 0.0640625
113 0.625 0.66171875 0.09140625 0.0640625
10 0.39296875 0.58046875 0.08984375 0.0703125
11 0.509375 0.57890625 0.08984375 0.0703125
16 0.625 0.58046875 0.09140625 0.0703125
20 0.39296875 0.49140625 0.08984375 0.0703125
21 0.509375 0.49296875 0.08984375 0.0703125
23 0.63046875 0.4953125 0.09375 0.071875
24 0.38984375 0.4046875 0.1 0.078125
25 0.50859375 0.40625 0.10390625 0.075
26 0.634375 0.40625 0.09765625 0.08125
37 0.634375 0.315625 0.09765625 0.08125
36 0.51328125 0.3125 0.09765625 0.08125
28 0.39296875 0.3140625 0.09765625 0.08125
38 0.390625 0.221875 0.09765625 0.08125
39 0.51328125 0.221875 0.09765625 0.08125
40 0.63671875 0.221875 0.09765625 0.08125
42 0.390625 0.12890625 0.10234375 0.0859375
43 0.51328125 0.1265625 0.10234375 0.08125
44 0.640625 0.128125 0.10234375 0.08125