275 0.3629657128537689 0.9687470174630015 0.08998301285158128 0.06144656010845893
272 0.4668082958575745 0.9700953731437835 0.08998301285158128 0.05980925371243302
264 0.5708418798499633 0.9683935352205907 0.08998301285158128 0.06144656010845857
9 0.3641992434998473 0.8234072463857627 0.09401659684397004 0.06459428600615773
35 0.47279299349984727 0.824039026341796 0.09401659684397004 0.06459428600615773
53 0.5830129104960416 0.8231173966569092 0.09401659684397004 0.06459428600615773
99 0.5924462603057613 0.7450287580932275 0.09401659684397004 0.06459428600615773
85 0.4759763433095669 0.745914026341796 0.09414393083635879 0.06771928600615773
65 0.3658200933095669 0.745273156026683 0.09414393083635889 0.06771928600615773
110 0.36747277661738365 0.6663578156676035 0.09277243182494192 0.07239769564707803
111 0.48312961011548083 0.6662492522394953 0.09401659684397004 0.06459428600615773
113 0.5980370271116752 0.6653548936318471 0.09401659684397004 0.06459428600615773
10 0.36931646091378356 0.5827549753085239 0.09270876482874754 0.07083519564707803
11 0.48578637790997803 0.5818697070599554 0.09270876482874754 0.07083519564707803
16 0.6013477109137836 0.584104893631847 0.09427126482874755 0.07084428600615773
20 0.37294547969686387 0.4936924753085239 0.09270876482874764 0.07083519564707803
21 0.48928806270066955 0.4959322070599554 0.09270876482874754 0.07083519564707803
23 0.6102863122063779 0.4989804598886257 0.0966786818249421 0.07242042154477701
24 0.3733539979856526 0.4069555445903646 0.10318334980971962 0.07870678298109546
25 0.49204033098945815 0.4092089118804155 0.10696226581733086 0.07560450887879462
26 0.6178215809894583 0.4099406857863247 0.10096693380210837 0.08181814744247617
37 0.621514266768733 0.3193156857863248 0.10096693380210837 0.08181814744247617
36 0.5005478507611217 0.3154861829576544 0.10096693380210837 0.08181814744247609
28 0.3801716837649273 0.31634872530852387 0.10096693380210837 0.08181814744247609
38 0.38158428654039644 0.22414758976990443 0.10096693380210837 0.08181814744247609
39 0.5042405365403965 0.22486118295765442 0.10096693380210837 0.08181814744247609
40 0.6276780365403964 0.22557932132494424 0.10096693380210837 0.08181814744247609
42 0.38537247281396275 0.13117883976990444 0.1058454347906915 0.08653291851971497
43 0.5081242233082544 0.12954868295765443 0.10565443380210837 0.08184541851971497
44 0.6354043063120599 0.13185204722264326 0.10565443380210837 0.08184541851971497