136 0.4374091417892272 0.7572660829666246 0.03498583163720568 0.027931340418179396
135 0.5127809560135784 0.7463657336511966 0.03498583163720568 0.027931340418179573
152 0.4369753725673503 0.6742944154761386 0.03975521879233561 0.02968484140676253
113 0.4334475808442363 0.6368580824723329 0.03975521879233561 0.02968484140676253
10 0.43209976481086265 0.5962012489742359 0.03975521879233561 0.02968484140676253
23 0.5046741276557329 0.5916782336511967 0.03975521879233561 0.02968484140676253
11 0.4293122795101839 0.5579518324723329 0.03975521879233561 0.02968484140676253
24 0.5026678923550542 0.5533969836511966 0.03975521879233561 0.02968484140676253
16 0.4280054070543752 0.5180762489742359 0.03975521879233561 0.02968484140676253
25 0.5013200763216805 0.5127401501530994 0.03975521879233561 0.02968484140676253
20 0.4258763410210015 0.47745124897423585 0.03975521879233561 0.02968484140676253
26 0.4993138410210015 0.4744589001530993 0.03975521879233561 0.02968484140676253
22 0.42378821856519283 0.43760749897423584 0.03975521879233561 0.02968484140676253
28 0.49800696856519283 0.43458331665500227 0.03975521879233561 0.02968484140676253
36 0.4967000961093843 0.394707733156905 0.03975521879233561 0.02968484140676262
258 0.414484060379164 0.3048904994685274 0.03975521879233561 0.02968484140676253
265 0.39970783016686773 0.1872719179475965 0.03749335594746528 0.031151840912470963
343 0.5016388223649516 0.1901648131949611 0.03749335594746519 0.03115184091247101
272 0.4763797885552954 0.7987386585560563 0.03498583163720568 0.027931340418179396
266 0.49507564111185864 0.3039553991645162 0.05126592887824373 0.04106801038012335