136 0.41487695763437565 0.7480045943890724 0.03421199905006951 0.02871528531746037
135 0.49047636967847286 0.7353358112310804 0.03421199905006951 0.02871528531746037
152 0.41685572530180615 0.6649417705149492 0.03893586664125 0.03057817396640843
113 0.4144204031134728 0.6275419000645984 0.03893586664125 0.03057817396640843
10 0.4142560957427783 0.5868668352897737 0.03893586664125 0.03057817396640843
23 0.4868759781515977 0.5806483112310804 0.03893586664125 0.03057817396640843
11 0.4125838397588547 0.5486356500645984 0.03893586664125 0.03057817396640843
24 0.4859849721676741 0.5423670612310805 0.03893586664125 0.03057817396640843
16 0.4124377161837504 0.5087418352897737 0.03893586664125 0.03057817396640843
25 0.4858206647969796 0.5016919964562557 0.03893586664125 0.03057817396640843
20 0.411492158813056 0.4681168352897737 0.03893586664125 0.03057817396640843
26 0.484929658813056 0.46341074645625574 0.03893586664125017 0.03057817396640843
22 0.41056478523795176 0.4282730852897737 0.03893586664125 0.03057817396640843
28 0.48478353523795176 0.42351693168143106 0.03893586664125 0.03057817396640843
36 0.4846374116628476 0.3836231169066064 0.03893586664125 0.03057817396640843
258 0.40512978998760446 0.29561077961424775 0.03893586664125 0.03057817396640843
265 0.3937902868534724 0.17819274213731906 0.03662848423243057 0.0319904796419344
343 0.4955164410137849 0.17871557141011318 0.03662848423243048 0.0319904796419344
272 0.452595816391841 0.7886202999723133 0.03421199905006951 0.02871528531746037
266 0.4856530913743753 0.2927978578073077 0.05012793977951393 0.04221658081395363