136 0.396875 0.7734375 0.03359375 0.0265625
135 0.47265625 0.765625 0.03359375 0.0265625
152 0.40078125 0.690625 0.03828125 0.028125
113 0.39921875 0.653125 0.03828125 0.028125
10 0.4 0.6125 0.03828125 0.028125
23 0.47265625 0.6109375 0.03828125 0.028125
11 0.39921875 0.57421875 0.03828125 0.028125
24 0.47265625 0.57265625 0.03828125 0.028125
16 0.4 0.534375 0.03828125 0.028125
25 0.4734375 0.53203125 0.03828125 0.028125
20 0.4 0.49375 0.03828125 0.028125
26 0.4734375 0.49375 0.03828125 0.028125
22 0.4 0.45390625 0.03828125 0.028125
28 0.47421875 0.45390625 0.03828125 0.028125
36 0.475 0.4140625 0.03828125 0.028125
258 0.39765625 0.32109375 0.03828125 0.028125
265 0.3890625 0.203125 0.0359375 0.0296875
343 0.490625 0.21015625 0.0359375 0.0296875
272 0.43359375 0.81640625 0.03359375 0.0265625
266 0.478125 0.3234375 0.04921875 0.0390625