273 0.533163962965312 0.22868152231783906 0.17119586216700924 0.13960974512873606
60 0.4865741003411922 0.4839360381461516 0.05195908942959626 0.029792640015886107
61 0.5451041833449979 0.4833962958567894 0.05195908942959626 0.029792640015886107
55 0.4878156067669829 0.5144047881461515 0.05195908942959626 0.029792640015886107
56 0.5479718567669829 0.5154548193957398 0.05195908942959626 0.029792640015886107
57 0.6057206897707884 0.5149014403369023 0.04964717292769336 0.030532979707460585
46 0.4898383631927735 0.5448871749156268 0.05195908942959626 0.029792640015886107
47 0.5499627796946763 0.5451559561652148 0.05195908942959626 0.029792640015886107
54 0.6077434461965792 0.5453838271063776 0.05195908942959626 0.029792640015886107
42 0.49033045311666135 0.5761235381461516 0.05195908942959626 0.029792640015886107
43 0.5519537026223696 0.5748570929346901 0.05195908942959626 0.029792640015886107
44 0.6082037026223697 0.5758389403369023 0.05195908942959626 0.029792640015886107
37 0.49154012604435476 0.6058110381461516 0.05195908942959626 0.029792640015886107
38 0.5516327090481603 0.6052985693957398 0.05195908942959626 0.029792640015886107
39 0.608600292051966 0.6047315535674271 0.051799921939110406 0.025886390015886107
26 0.49353104897204825 0.6355121749156268 0.0511141724334017 0.028216503246410875
28 0.552874215473951 0.6357673193957398 0.0511141724334017 0.028216503246410875
36 0.6113724649796594 0.6344463271063775 0.05111417243340188 0.028216503246410875
23 0.49552197189974156 0.665213311685102 0.0511141724334017 0.028216503246410875
24 0.55480147140545 0.663905956165215 0.05258117193911023 0.025900026785361165
25 0.6109878044092556 0.6633253035674271 0.05258117193911023 0.025900026785361165
10 0.49829414482743506 0.6949280852240524 0.05111417243340188 0.028216503246410875
11 0.5551980608350463 0.6927985693957398 0.05111417243340188 0.028216503246410875
16 0.6152906438388519 0.6922861006453278 0.05111417243340188 0.028216503246410875
110 0.4994719842570313 0.7238343352240524 0.04701692144481875 0.02346081939903506
111 0.5571889837627397 0.722499706165215 0.04701692144481875 0.02346081939903506
113 0.6133434832684481 0.7211378035674272 0.04701692144481875 0.02346081939903506
186 0.49986857368662746 0.7527269484545771 0.04701692144481875 0.02346081939903506
85 0.559929323192336 0.7514332297041653 0.04786183844101295 0.025036956168510115
99 0.6161156561961416 0.7508525771063775 0.0432061719391104 0.02573638555165907
53 0.6164485786295434 0.7781826903369022 0.04551808844101313 0.024996045860084592
35 0.5611071626219323 0.7803394797041653 0.0471124219391104 0.02580456939903506
9 0.501859496614321 0.7824280852240524 0.04951983893530461 0.027407979707460582
275 0.50300550254582 0.8105530852240523 0.04802100593149916 0.028943206168510115
264 0.6184076680591397 0.8071025771063776 0.0471760889353046 0.02736706939903506
259 0.5626497579830275 0.8373570929346901 0.04961533942959626 0.029751729707460584
272 0.5261166917851359 0.9179116176914566 0.034421420950527096 0.020898881087432385