273 0.52421875 0.21953125 0.165625 0.13671875
60 0.4671875 0.47578125 0.05078125 0.02890625
61 0.52578125 0.47421875 0.05078125 0.02890625
55 0.4671875 0.50625 0.05078125 0.02890625
56 0.52734375 0.50625 0.05078125 0.02890625
57 0.58515625 0.5046875 0.0484375 0.0296875
46 0.46796875 0.53671875 0.05078125 0.02890625
47 0.528125 0.5359375 0.05078125 0.02890625
54 0.5859375 0.53515625 0.05078125 0.02890625
42 0.4671875 0.56796875 0.05078125 0.02890625
43 0.52890625 0.565625 0.05078125 0.02890625
44 0.58515625 0.565625 0.05078125 0.02890625
37 0.4671875 0.59765625 0.05078125 0.02890625
38 0.52734375 0.59609375 0.05078125 0.02890625
39 0.584375 0.59453125 0.05078125 0.025
26 0.46796875 0.62734375 0.05 0.02734375
28 0.52734375 0.6265625 0.05 0.02734375
36 0.5859375 0.62421875 0.05 0.02734375
23 0.46875 0.65703125 0.05 0.02734375
24 0.528125 0.6546875 0.0515625 0.025
25 0.584375 0.653125 0.0515625 0.025
10 0.4703125 0.68671875 0.05 0.02734375
11 0.52734375 0.68359375 0.05 0.02734375
16 0.5875 0.68203125 0.05 0.02734375
110 0.4703125 0.715625 0.04609375 0.02265625
111 0.528125 0.71328125 0.04609375 0.02265625
113 0.584375 0.7109375 0.04609375 0.02265625
186 0.46953125 0.74453125 0.04609375 0.02265625
85 0.5296875 0.7421875 0.046875 0.02421875
99 0.5859375 0.740625 0.0421875 0.025
53 0.58515625 0.76796875 0.04453125 0.02421875
35 0.5296875 0.77109375 0.04609375 0.025
9 0.4703125 0.77421875 0.0484375 0.0265625
275 0.4703125 0.80234375 0.046875 0.028125
264 0.5859375 0.796875 0.04609375 0.0265625
259 0.52890625 0.828125 0.0484375 0.02890625
272 0.4890625 0.909375 0.03359375 0.0203125