152 0.5586695981577197 0.7929514017809736 0.03946247579950324 0.0705693651776464
168 0.5582332609218981 0.7179514017809735 0.03790906615858276 0.07205909057054072
53 0.5562071526088375 0.6383366763880793 0.04025281615858276 0.07216825248119925
72 0.5557617250139362 0.5617741763880794 0.03868122579950324 0.07053297787409356
85 0.5553072070599553 0.48364917638807936 0.03868122579950324 0.07053297787409356
275 0.5221351169954633 0.2890473058337495 0.04182440651766228 0.0738035270883052
264 0.5830589814568439 0.28386534615662107 0.04104770169720222 0.07454838978475227
263 0.5211806292921035 0.12498480583374949 0.03948065651766246 0.07369436517764641
259 0.5813141533944044 0.11827673346017398 0.03948065651766246 0.07369436517764645
342 0.7559839179305398 0.45632888937497673 0.032431225799503235 0.0702418794456701
342 0.7571787792686624 0.5273862520714239 0.034829517953980905 0.07972604135632881
342 0.7568429568635636 0.6039851393749768 0.034761340260883775 0.06800729135632899
342 0.7556895230221464 0.6743704139820826 0.03400281615858276 0.0718771540527758
342 0.7568843843602691 0.7454277766785296 0.0347613402608836 0.06800729135632899