152 0.5348496322213881 0.81875 0.04066267401194459 0.06875
168 0.536595276598055 0.74375 0.039136541603125075 0.0703125
53 0.5368875237482633 0.6640625 0.04148029160312507 0.0703125
72 0.5386695357161105 0.5875 0.03988142401194459 0.06875
85 0.5404879152751384 0.509375 0.03988142401194459 0.06875
275 0.5130207979682984 0.31328125 0.043079159194305564 0.071875
264 0.5740128493550692 0.3109375 0.042316092989895894 0.07265625
263 0.5168393950422568 0.14921875 0.04073540919430556 0.071875
259 0.5770865640202082 0.1453125 0.04073540919430556 0.071875
342 0.7416873925737149 0.49140625 0.03363142401194459 0.06875
342 0.7408139171749996 0.5625 0.03619337955902786 0.078125
342 0.7382506552071522 0.6390625 0.03592062262517359 0.06640625
342 0.7350516136040272 0.709375 0.035230291603124894 0.0703125
342 0.7341781382053119 0.78046875 0.03592062262517359 0.06640625