265 0.41171875 0.459375 0.0328125 0.0296875
343 0.4734375 0.46015625 0.0328125 0.0296875
35 0.44140625 0.5921875 0.0375 0.03125
152 0.440625 0.65703125 0.03671875 0.0328125
342 0.69140625 0.57265625 0.0296875 0.0265625
342 0.69453125 0.63125 0.034375 0.028125
260 0.403125 0.75546875 0.0375 0.03125
260 0.4765625 0.7453125 0.0375 0.03125
266 0.4453125 0.5578125 0.0484375 0.0390625
260 0.38515625 0.41171875 0.0390625 0.03359375
266 0.496875 0.4171875 0.0390625 0.03359375
266 0.65703125 0.4234375 0.03203125 0.0296875
260 0.73046875 0.42734375 0.02890625 0.0296875
343 0.67421875 0.4625 0.02578125 0.028125
266 0.69765625 0.54453125 0.03828125 0.03125
260 0.66640625 0.71015625 0.034375 0.03125
260 0.71484375 0.7015625 0.03046875 0.03125