265 0.4224108218070837 0.495395723186064 0.03350348423243066 0.03255822177194432
343 0.48414775560267403 0.5015766641380546 0.03350348423243048 0.03255822177194432
35 0.4551895670574311 0.6308055428844899 0.038227351823611144 0.034530824882222075
152 0.4559175720914242 0.6955809423661103 0.03748246941479181 0.03602497436384251
342 0.7047349721676741 0.6331464587659709 0.030305749050069507 0.02915981969842587
342 0.709223756836945 0.6920136108394894 0.03502961664125017 0.03113242280870363
260 0.42070873033579925 0.7907376174838882 0.038227351823611144 0.034530824882222255
260 0.4939098409931256 0.7870063162115732 0.038227351823611144 0.034530824882222075
266 0.4582957300514588 0.5967722954763881 0.04934668977951393 0.043300232139537084
260 0.3947391102760768 0.44541555556115664 0.03984440321038196 0.03701127591898139
266 0.5065851468452086 0.4606584296894435 0.03984440321038214 0.03701127591898139
266 0.666886867209931 0.48092028595726727 0.03272223423243048 0.03248987125356475
260 0.7404152861878822 0.4912514846849524 0.02959723423243048 0.0322164691800463
343 0.6849835569894449 0.5214864973616191 0.026435866641250173 0.03038056710652768
266 0.710330355526424 0.6055682629130079 0.03900860182361114 0.034599175400601825
260 0.6829353201915631 0.7684592421778228 0.03510235182361114 0.03425742280870363
260 0.73117279844007 0.7641032243173598 0.031196101823611145 0.03391567021680544