265 0.4037003295486 0.4329908636674039 0.0333306972400564 0.031790220542635694
343 0.4654054427791248 0.42981699645625576 0.0333306972400564 0.031790220542635694
35 0.43106957873782115 0.5639009022240667 0.038045470779006864 0.03365310919158375
152 0.4291564768713821 0.6287947169988914 0.037291494317957155 0.03516554441675908
342 0.6814104979747004 0.5283489242801754 0.030151150162155815 0.028464961443337166
342 0.6835127402640626 0.5867424151808768 0.034865923701106104 0.030327850092285048
260 0.38993824391751064 0.7296353261904752 0.038045470779006864 0.03365310919158375
260 0.46355302192068776 0.714772987356957 0.038045470779006864 0.03365310919158375
266 0.4355758465947286 0.5292755783499434 0.04911933847375849 0.04216651603912904
260 0.3779696724865854 0.38703681601144235 0.039648881087432385 0.036096988741233016
266 0.4895929651002593 0.38534630321151586 0.039648881087432385 0.036096988741233016
266 0.6496401209444579 0.38133302437246047 0.032549447240056394 0.031740155767811105
260 0.723009437097082 0.3805331855389424 0.029424447240056394 0.03153989666851249
343 0.6661457824706993 0.41929409932631795 0.026272173701106107 0.029777137569213786
266 0.6881514216758065 0.4998234060815781 0.03882672077900686 0.03370317396640843
260 0.6540104265470704 0.6674509970745646 0.03492047077900686 0.03345285009228505
260 0.7025979310112973 0.6557532310354356 0.03101422077900686 0.033202526218161665