9 0.41666392027434684 0.7652861950579029 0.04947358363936125 0.07993748487468935
35 0.4215902784595153 0.6762100595192834 0.04681096924527495 0.07601759933607007
53 0.42645286376586655 0.5879151739806641 0.0466834234876405 0.07445509933607006
22 0.5094882464968422 0.4899140112164856 0.04602971924527495 0.0760130541565303
23 0.5144146046820108 0.4008378756778662 0.04687474212409235 0.07679884933607006
10 0.4364331258938381 0.4082004029034252 0.04843724212409217 0.07680793969514958
11 0.4408333255942757 0.31599472218526586 0.04687474212409217 0.07679884933607006
24 0.5209672357459965 0.31098958049832637 0.04765599212409235 0.07680339451560983
25 0.5260211396887996 0.22035094495970697 0.04687474212409235 0.07679884933607006
16 0.445424843931165 0.22144529146710665 0.04875610651817865 0.08071418969514968
20 0.45086138514687174 0.12611915592848724 0.04837346924527495 0.07602668969514967
26 0.5314576809045063 0.12502480942108754 0.047129833639361254 0.07992384933607007
28 0.45507026621085755 0.036257225210327995 0.04923446757828494 0.0674420300542293