9 0.47447015476914645 0.7234072252850149 0.0434323583130606 0.08319500833494971
35 0.47264455523668475 0.6345360439214668 0.041065882415361445 0.07909743969849785
53 0.47081441052468315 0.5464461125579185 0.04105679205628192 0.07753493969849785
22 0.5463871031466991 0.4418864161914608 0.04028463241536144 0.07903366681968063
23 0.5445615036142373 0.35301523482791264 0.041070427594901204 0.07987868969849785
10 0.4671723018188391 0.36714124983082214 0.042632927594901206 0.08000623545613247
11 0.46458363300453664 0.27520884134609125 0.041070427594901204 0.07987868969849785
24 0.5443029492613153 0.2632352577067299 0.0418516775949012 0.07994246257731526
25 0.5424864400879331 0.1728015763431817 0.041070427594901204 0.07987868969849794
16 0.46200859972885355 0.18093268286136027 0.042655653492600365 0.08391248545613247
20 0.4602193616327102 0.08581150149781208 0.042628382415361446 0.07922498545613246
26 0.5406972019917898 0.0776803949796335 0.041088608313060604 0.08300368969849795
28 0.45761705727978824 0.01580111680998232 0.044140885440423536 0.03160223361996464