42 0.3810987548941414 0.32479980803824454 0.03981895734906136 0.0670608149348082
41 0.3396925048941414 0.3255225568204286 0.042244552902557686 0.06944547524323372
39 0.2976414141499686 0.33016519237208775 0.04138145734906136 0.0670880884737585
38 0.3858160259455337 0.3927276477298191 0.04138145734906136 0.0670880884737585
37 0.34538199890369164 0.3989055097425279 0.0405456436467305 0.06551195170428334
36 0.3033036263083534 0.40276689529418713 0.03981895734906136 0.06706081493480802
28 0.39072426995508386 0.4661242374213936 0.04054564364673059 0.06551195170428344
26 0.3494544292109111 0.4707532362035776 0.04054564364673059 0.06551195170428344
25 0.3089385566155728 0.4745873482162864 0.042943957349061354 0.06711536201270896
24 0.39627735470880693 0.5356009403434928 0.040600207349061355 0.06707445170428343
23 0.3549802321134687 0.5394486891256769 0.04138145734906136 0.0670880884737585
22 0.31460076877395754 0.5471890511383858 0.0422172710513923 0.06866422524323354
16 0.40110375316486097 0.6066537800350674 0.039764393646730414 0.0654983149348082
11 0.3605605987183572 0.6097066420477762 0.04216270734906136 0.06710172524323355
10 0.3193726035276806 0.6166793908299603 0.04138145734906136 0.0670880884737585
113 0.4034499923650877 0.6738412800350674 0.039546138837407166 0.0592483149348082
110 0.36452390162091486 0.6784293685088258 0.04146330290255769 0.06943183847375849
99 0.3233631882814037 0.6861833672910099 0.04143602105139221 0.06865058847375849
275 0.3371776955377978 0.8579219995962581 0.042998521051392305 0.06867786201270895
264 0.4163468403656547 0.8416872991097909 0.04138145734906136 0.0670880884737585
266 0.2911706701404183 0.25679587621946365 0.03976439364673059 0.0654983149348082
266 0.2774553666048885 0.06551235714474016 0.04143602105139221 0.06865058847375852
266 0.3196701484560539 0.06555722159308099 0.04138145734906136 0.06708808847375851
266 0.3625843347537231 0.06324469927194663 0.04138145734906136 0.0670880884737585