120 0.5347199450009382 0.8941938195398766 0.02928876291777769 0.051473968792335255
9 0.5326658293096187 0.8395472631174414 0.026200130508958353 0.0528726944820761
23 0.5773789172655215 0.8450259791962434 0.02847114532659738 0.049870525214770825
24 0.5760878677786118 0.7895572291962434 0.026908645326597203 0.049788638059640886
186 0.5306117136182993 0.7849007066950062 0.026072843939826385 0.0474039444820761
35 0.5278127155181604 0.731857593850136 0.028416593939826384 0.047526775214770646
25 0.5731979507005215 0.7326078663513732 0.028507512917777866 0.051433025214770646
26 0.570362585009202 0.6780022535065029 0.026200130508958353 0.0528726944820761
53 0.5265398498268409 0.6771700938501359 0.02925239532659738 0.049911468792335614
72 0.5236317489531602 0.6194394810052657 0.029325130508958352 0.05303646879233561
28 0.5698164179311116 0.6209300599289381 0.029325130508958352 0.05303646879233561
36 0.5677077508530213 0.5639397535065029 0.028543880508958352 0.05299552521477065
85 0.5207600156706602 0.5632713681603956 0.028416593939826384 0.047526775214770646
99 0.5186149810013893 0.5047185617379604 0.02847114532659738 0.049870525214770645
37 0.5655445323881602 0.5046056970840678 0.028543880508958352 0.05299552521477065
38 0.5633631301277087 0.4444903906616327 0.02937968189572917 0.05538021879233561
110 0.5164335787409379 0.4446032553155253 0.028416593939826384 0.047526775214770646
111 0.5135436616628476 0.38765389247065507 0.030070012917777868 0.0515149123699004
39 0.5611453602760768 0.38281258423919756 0.02937968189572917 0.05538021879233561
41 0.5597452080156253 0.3226563342391976 0.029325130508958352 0.05303646879233561
113 0.5105628256068059 0.3267982796257848 0.029288762917777867 0.051473968792335525
10 0.5091263057551739 0.26507952962578474 0.030160931895729347 0.0554211623699004
42 0.5582905043684031 0.2601563342391976 0.029416049486909658 0.05694271879233561
43 0.5552369331300002 0.19617572139432732 0.03023366707809032 0.0585461623699004
11 0.5060909183123613 0.20188016678091453 0.030106380508958353 0.0530774123699004
16 0.5045816632783682 0.13703641678091452 0.029325130508958352 0.05303646879233552
44 0.5529282443004169 0.1305916649718922 0.029416049486909658 0.05694271879233552
46 0.5513462540840626 0.06262291497189222 0.03257741707809032 0.05866899310259503
20 0.5022002392664237 0.0683273603584794 0.030106380508958353 0.0530774123699004
22 0.49831086664125 0.015267886138062117 0.030197299486909655 0.030535772276124234
47 0.5490193814588888 0.011028004155986088 0.03163251291777769 0.022056008311972176