120 0.556181880888903 0.9360287090255508 0.030453787427387448 0.05081835391920819
9 0.5528535196401979 0.8813184769722394 0.02740156203449331 0.05228992570596276
23 0.5977486426757272 0.8904267040109858 0.029599762820281584 0.04923312186589683
24 0.5951651441234692 0.8349579540109857 0.028037262820281583 0.04918765775927412
186 0.5495251583914929 0.826608244918928 0.0271468509096227 0.04682117570596276
35 0.5454883217498938 0.7734377808123053 0.029490600909622876 0.04688937186589683
25 0.5909463709641055 0.7778812399043632 0.029672537427387447 0.05079562186589683
26 0.5868367597154005 0.7231482757977405 0.02740156203449331 0.05228992570596276
53 0.5429412105011887 0.7187502808123053 0.030381012820281585 0.04925585391920819
72 0.5386860500382721 0.6608923167056828 0.03052656203449331 0.052380853919208194
28 0.5849617365560367 0.6661397578510518 0.03052656203449331 0.052380853919208194
36 0.5815242133966729 0.6090857757977405 0.02974531203449331 0.052358121865896834
85 0.5345036641824612 0.60459685259906 0.0294906009096227 0.04688937186589683
99 0.5309933664159916 0.5459803705457487 0.029599762820281584 0.04923312186589683
37 0.5779775283266503 0.5496880437444291 0.02974531203449331 0.052358121865896834
38 0.5743944559530748 0.4895090616911178 0.030635723945152016 0.05472460391920819
110 0.5274102940424161 0.48580138849243737 0.0294906009096227 0.04688937186589683
111 0.5231915208830522 0.42872467438581463 0.031235037427387268 0.05084108597251955
39 0.5707386089723935 0.4277675796378064 0.030635723945152193 0.05472460391920819
41 0.5679367865988179 0.3676113296378064 0.03052656203449331 0.052380853919208284
113 0.5187908112059237 0.367741710279192 0.030453787427387448 0.05081835391920819
10 0.5159162142252424 0.306022960279192 0.03141697394515219 0.05474733597251955
42 0.5650258023145837 0.3051113296378064 0.03070849855225788 0.056287103919208284
43 0.5604795434232435 0.24100336553118376 0.03156252315936392 0.05787233597251964
11 0.5114063426374551 0.2426962461725693 0.03130781203449331 0.052403585972519554
16 0.5083861964425621 0.1778524961725693 0.03052656203449331 0.052380853919208284
44 0.5566417599247975 0.1753556334778724 0.03070849855225788 0.056287103919208284
46 0.5534760645156926 0.10738688347787242 0.033906273159363745 0.05794053213245363
20 0.5044028637299044 0.10907976411925797 0.03130781203449331 0.052403585972519595
22 0.49896619292790534 0.04260531795932394 0.031489748552257876 0.056309835972519595
47 0.5496018937136937 0.04095790142456107 0.032797537427387446 0.05088655007914229