11 0.6023134080999044 0.7670546189493057 0.05685907467377227 0.05529168758467122
22 0.6032759240929048 0.7155740061044356 0.058467028007635945 0.0592798247398008
23 0.6018765087523598 0.6624080625268706 0.05844884667409041 0.057717324739800804
26 0.60205777474536 0.6108865061044355 0.059230096674090404 0.057758268317365594
28 0.5478424420750875 0.581498899252459 0.060819868674408716 0.060183905472495525
260 0.6022299500715876 0.5585836996820003 0.05688634667409058 0.057635437584671226
37 0.548014617401315 0.5291960928300239 0.061619300007954084 0.061787349050060315
38 0.6016026940642698 0.5046774496820003 0.05843066534054522 0.0561548247398008
39 0.5466061113939972 0.475248899252459 0.060029528007635946 0.05936171189493056
41 0.6025379380569519 0.45085308683713005 0.05769486867440872 0.060020131162236014
42 0.5467510147199066 0.4206023428300239 0.06081077800763594 0.05940265547249553
43 0.6034731820496341 0.39702872399225986 0.059230096674090585 0.05775826831736568
44 0.546895918045816 0.36595578640758875 0.060029528007635946 0.05936171189493056
259 0.5746641926718634 0.06837477951018381 0.06164657200827221 0.06413109905006031
47 0.5462595713717255 0.31126828640758875 0.06238236867440872 0.06026579262762519
46 0.6020555853755435 0.34230028041469496 0.060029528007635946 0.05936171189493056
54 0.6029726480346802 0.2869134175698247 0.06003861867440872 0.060142961894930555
55 0.5463953840308623 0.25584047998515363 0.06240055000795408 0.061828292627625195
56 0.6031084606938169 0.23148561114738958 0.06005680000795408 0.061705461894930556
57 0.5465130153564536 0.19885017356271853 0.061619300007954084 0.061787349050060315
59 0.6032170013526355 0.1737140547249545 0.06005680000795408 0.061705461894930556
60 0.5481749653484993 0.14037925429541315 0.06398123134149962 0.06347267978275495
266 0.6021503234404497 0.8201386753717408 0.05529657467377227 0.05520980042954129
266 0.5476520854153144 0.6322392056748941 0.056041462006681544 0.052125744007106255
266 0.5482702507558596 0.6853642056748941 0.055278393340227085 0.053647300429541286
266 0.5481162567631774 0.7392295120973292 0.052171574673772446 0.05504602611928178
266 0.5479531721037225 0.7923135685197644 0.05373407467377245 0.055127913274411536
266 0.5485713374442677 0.8454385685197643 0.052934643340227086 0.05352446969684692
266 0.5491440494509491 0.8946573185197643 0.053688621339908774 0.051221663274411355
266 0.5489536927911761 0.9453976249421995 0.05536930000795408 0.061459800429541286
266 0.6019599667806765 0.870878981794176 0.05298009667409058 0.05743071969684692
266 0.601787791454449 0.923181788216611 0.05135396200668154 0.051880082541716985
266 0.6023786847946759 0.9726136032897028 0.053761346674090583 0.05477279342059447
266 0.5480366301320394 0.9866307373637145 0.052171574673772446 0.02673852527257097