264 0.6836286915418615 0.8354266786627569 0.042664743851679884 0.08350446996293286
275 0.6242264204646226 0.8286657579741842 0.042655653492600365 0.08194196996293286
152 0.6210599929679171 0.687177662420688 0.04419542759490121 0.07809028366526398
99 0.6804622640451561 0.6939385831092606 0.04501758421075941 0.08514881551642936
110 0.679962294295777 0.6080010831092606 0.04578065349260037 0.08205109736759475
9 0.620587294295777 0.6059276624206881 0.04421360831306061 0.08121528366526398
35 0.6193197100850174 0.5223066305695226 0.044976677594901204 0.07811756551642937
111 0.680243574546398 0.522090864960426 0.04578974385167989 0.08361359736759474
113 0.6789759903356385 0.4384698331092606 0.0473386083130606 0.08132441106992569
53 0.6180566710537978 0.4394668487183572 0.04261020169720222 0.07412946996293304
245 0.6183606772021177 0.35746288056952263 0.0457670179539809 0.07970734736759484
10 0.6777174964839586 0.3564113012580951 0.04811985831306061 0.08135169292109108
11 0.6756550267345796 0.27041923755576425 0.04577610831306043 0.08126984736759475
72 0.6170930929913583 0.2738418487183572 0.046548267953980905 0.07973462921876022
85 0.6150260780624395 0.18706853501602633 0.044994858313060423 0.08124256551642936
16 0.6751414214465812 0.18213798755576427 0.04736133421075959 0.08523066106992569
259 0.6751636264634332 0.05169651940692972 0.04720225292686635 0.057886911069925676
272 0.6593968268840891 0.9665849094254633 0.03550622882456533 0.061383933302444404