265 0.3578324589323585 0.4520245456705192 0.09372761182749904 0.07238860528799833
9 0.44490825167360715 0.5593779825369984 0.04036581348717298 0.06895453307929138
35 0.4791056529183626 0.556834244637247 0.03880331348717299 0.06894544272021186
53 0.512403404992955 0.5527325519170351 0.03862571473192844 0.06660169272021185
72 0.5440794574824659 0.5478586995559029 0.03772606556176541 0.06503464754067192
85 0.5758739091421399 0.5445473471947707 0.03586756763635783 0.0611193071815924
99 0.6077275603868953 0.5420172448336386 0.035985966806520865 0.0626818071815924
110 0.6378411128764062 0.537152482831586 0.034305067636357836 0.0611102168225127
111 0.6675286128764062 0.5369797660090733 0.033227819710950256 0.05719942164297294
113 0.6969793145360802 0.5336820491865606 0.03316862012586874 0.056418171642972935
10 0.7264892157808357 0.5311655823640479 0.03305022095570589 0.054855671642972934
11 0.4342173601771139 0.4492353680756178 0.04096946473192844 0.06661532825883114
16 0.46925521100695083 0.44746833499632643 0.03940696473192844 0.06660623789975162
20 0.5028489610069509 0.44727289227611466 0.03940696473192844 0.06660623789975162
22 0.5345250134964619 0.44239903991498253 0.03754846680652087 0.06269089754067192
23 0.5664378643262988 0.4406501875538503 0.03754846680652087 0.06269089754067192
24 0.5975102655710544 0.438124630372258 0.03502711805127632 0.06033351200205246
25 0.6270201668158097 0.43560816354974535 0.034908718881113285 0.05877101200205246
26 0.6573705176456468 0.4338684015476927 0.03502711805127632 0.06033351200205246
28 0.6869396184754837 0.43213318472518003 0.03244656971095026 0.05719487646343317
36 0.7165087193053207 0.4303979679026672 0.03334621888111329 0.058761921642972934
273 0.5341553927458931 0.2931166574014252 0.052273817636357835 0.06121475595192836
263 0.7028461931608115 0.29135364862082647 0.027782380498831038 0.036864195745273866
275 0.34405614669458523 0.5693438558771735 0.044686460582743594 0.07444600897699054
316 0.3937601487691777 0.5651467143866258 0.04270956348717307 0.06896816861791066