343 0.44921875 0.4125 0.090625 0.05
264 0.63828125 0.5796875 0.09453125 0.05546875
275 0.4421875 0.57734375 0.09296875 0.05703125
9 0.4375 0.9546875 0.09453125 0.05546875
260 0.6375 0.89453125 0.09296875 0.05390625
53 0.4375 0.89765625 0.09453125 0.053125
72 0.44140625 0.83984375 0.090625 0.053125
111 0.6375 0.8375 0.09296875 0.05234375
113 0.6375 0.78046875 0.0890625 0.05390625
85 0.440625 0.78203125 0.09296875 0.05234375
99 0.44140625 0.72421875 0.09453125 0.05234375
10 0.63828125 0.72265625 0.09453125 0.053125
11 0.63984375 0.66484375 0.090625 0.053125
263 0.63828125 0.48359375 0.0984375 0.03984375
266 0.44296875 0.484375 0.08359375 0.04765625