9 0.537879929575872 0.8360773390248983 0.06026756242753404 0.0905941788968427
35 0.6106320323010287 0.7843320994776549 0.06026756242753386 0.09059417889684304
53 0.5282820468448963 0.7375488337632266 0.06026756242753404 0.09059417889684288
72 0.604159149570053 0.6859856047393268 0.06026756242753386 0.09059417889684288
85 0.517966686992738 0.6397560758707188 0.06026756242753386 0.09059417889684288
99 0.5959962210814428 0.5859856047393268 0.06026756242753386 0.09059417889684288
110 0.5092935754735894 0.5335060758707189 0.06026756242753386 0.09059417889684288
111 0.586143246835198 0.48433209947765493 0.06026756242753386 0.09059417889684288
113 0.5025018283485274 0.4312533311323906 0.06026756242753386 0.09059417889684288
10 0.5775976810736841 0.37964459947765494 0.06026756242753404 0.09059417889684288
11 0.4897949210717444 0.323213317978211 0.05433642682162017 0.09413640785015547
259 0.5158956801556002 0.13812495741251501 0.06096906409452387 0.09918792889684287