272 0.49932038690959174 0.10098369955590289 0.05862850541027633 0.10891645774732642
272 0.5970221010162143 0.09885305211342679 0.09872831967518358 0.17163917154477706
272 0.5906942300082473 0.28948259729296655 0.04700904381093611 0.08541532523376905
272 0.4968078376883792 0.29471551883774366 0.03943222453146404 0.06662441861791084
272 0.40301237358175657 0.2968234403825207 0.043770383544379496 0.08149089451560983
85 0.39726351260291937 0.5749348048439014 0.051878400237426806 0.09169259631100797
99 0.5817067087628534 0.5715183924725065 0.05603470282385157 0.10030907220870695
72 0.5793054712992657 0.6808888472929666 0.05440400666391767 0.09795623184962743
35 0.57554632231548 0.7832371424725064 0.055739186130804086 0.09015282220870695
9 0.39429632231548 0.784291624125742 0.05194659639736088 0.09403634631100796
53 0.3966520956724451 0.6764836693052819 0.054222150237426804 0.09170623184962742
320 0.4007919586963463 0.1046813921779188 0.06336146951689905 0.11050622882456529
275 0.3929945835982511 0.8827200337666625 0.0533272399708701 0.08779543667008767
264 0.5719008335982512 0.8816791876520462 0.05332723997087001 0.08779543667008767