272 0.5096095828035054 0.0980609512651395 0.06306236473449064 0.10923918734086328
272 0.6071565721598436 0.0953621179185492 0.10571404048095996 0.17218463001272669
272 0.6197051206865754 0.28599620858532193 0.05048595507956453 0.08567441800604518
272 0.5262829026175606 0.2917745885980486 0.042143577355623664 0.06684260200509069
272 0.4326421632612222 0.2944279686107753 0.04708780347041035 0.08173180533895427
85 0.4544343078330111 0.5725256966104572 0.05561049765421142 0.09197896200668154
99 0.6386454168675184 0.5680365492520947 0.060117681194351034 0.10061816534054521
72 0.6470749119238399 0.6774024585853219 0.05839129022885849 0.09825623400699968
35 0.6534502340836836 0.7797552992520946 0.059407487010549785 0.09046191534054522
9 0.4722002340836836 0.7818643339433662 0.05577438861970414 0.09432271200668155
53 0.46387999967102383 0.674060924610139 0.0579542476542116 0.09200623400699967
320 0.41139060409082884 0.10233137527850253 0.06785912537815228 0.11085623134149962
275 0.4806461546343728 0.8802836526098208 0.05689984604505725 0.08809089334022709
264 0.6595524046343728 0.8782018899188675 0.05689984604505725 0.08809089334022673