108 0.5444515618236295 0.7033071372387961 0.02343484140676253 0.0389177474927175
107 0.5671078118236295 0.7039663667848249 0.02343484140676253 0.0389177474927175
106 0.5461069037246837 0.7439321372387961 0.02343484140676253 0.0389177474927175
105 0.5695444037246837 0.7446140988381363 0.02343484140676253 0.0389177474927175
104 0.548575329123835 0.7853611192921075 0.02343484140676253 0.0389177474927175
103 0.5711997456257378 0.7852390988381364 0.02343484140676253 0.0389177474927175
102 0.5510119210248892 0.8260088513454189 0.02343484140676253 0.03891774749271733
101 0.5736681710248892 0.8266680808914476 0.02343484140676253 0.03891774749271733
100 0.5534803464240406 0.8674378333987303 0.02343484140676253 0.03891774749271733
95 0.5768860129259433 0.8673385449980703 0.02343484140676253 0.03891774749271733
94 0.5559169383250948 0.9080855654520417 0.02343484140676253 0.03891774749271733
93 0.5785731883250949 0.9087447949980703 0.02343484140676253 0.03891774749271733
92 0.5584171972223434 0.9502957975053528 0.02343484140676253 0.03891774749271768
91 0.5810097802261489 0.9493925270513817 0.02343484140676253 0.03891774749271733
89 0.5608856226214947 0.9861329529061527 0.02343484140676253 0.02773409418769468
88 0.5835100391233975 0.9860719426791672 0.02343484140676253 0.027856114641665642
266 0.5463921107213155 0.5402759398252208 0.026782675893442943 0.044477425705962935
273 0.5368539901513494 0.3636452436652869 0.125351462965312 0.22291832594338973