108 0.51640625 0.68828125 0.021875 0.03828125
107 0.5390625 0.68828125 0.021875 0.03828125
106 0.51640625 0.72890625 0.021875 0.03828125
105 0.53984375 0.72890625 0.021875 0.03828125
104 0.5171875 0.7703125 0.021875 0.03828125
103 0.53984375 0.76953125 0.021875 0.03828125
102 0.51796875 0.8109375 0.021875 0.03828125
101 0.540625 0.8109375 0.021875 0.03828125
100 0.51875 0.85234375 0.021875 0.03828125
95 0.5421875 0.8515625 0.021875 0.03828125
94 0.51953125 0.89296875 0.021875 0.03828125
93 0.5421875 0.89296875 0.021875 0.03828125
92 0.5203125 0.93515625 0.021875 0.03828125
91 0.54296875 0.93359375 0.021875 0.03828125
89 0.52109375 0.9765625 0.021875 0.03828125
88 0.54375 0.97578125 0.021875 0.03828125
266 0.525 0.525 0.025 0.04375
273 0.52265625 0.3484375 0.11640625 0.21953125