343 0.3595138984560539 0.052382535052851696 0.047321433302444225 0.037571921076327675
343 0.44464286660488844 0.04713843509828022 0.047321433302444406 0.037571921076327675
342 0.35961559137714505 0.10012067220798145 0.047321433302444225 0.037571921076327716
342 0.44560765507947586 0.0971793786758451 0.047321433302444406 0.037571921076327675
37 0.35960815689357445 0.1447338093631112 0.047321433302444225 0.037571921076327675
37 0.44554565689357445 0.14023001583097486 0.047321433302444225 0.037571921076327675
28 0.359546158707673 0.18778444651824094 0.047321433302444225 0.037571921076327716
28 0.44551094055883844 0.18406190298610461 0.047321433302444406 0.037571921076327675
25 0.4454762242241023 0.2278937901412344 0.047321433302444225 0.037571921076327716
25 0.36029269237293693 0.23157539009580583 0.047321433302444225 0.037571921076327716
23 0.3618204760382009 0.2753253900958058 0.047321433302444225 0.037571921076327716
23 0.44619547603820087 0.27090348371879924 0.047321433302444406 0.037571921076327716
20 0.4477505415546303 0.31543473371879927 0.047321433302444225 0.037571921076327716
20 0.36019597785229945 0.31845791440606536 0.047321433302444225 0.037571921076327716
11 0.36169647966639795 0.36142666440606536 0.047321433302444225 0.037571921076327716
11 0.4484970752198942 0.3592256772963641 0.047321433302444406 0.037571921076327716
113 0.44918904518282743 0.401454120873929 0.047321433302444406 0.03757192107632754
113 0.36166176333166195 0.4052585515611951 0.047321433302444225 0.037571921076327716
110 0.36238101514576043 0.44826824513875996 0.047321433302444225 0.037571921076327716
110 0.4499628606992568 0.4460263144514938 0.047321433302444225 0.03757192107632754
85 0.36312754881102444 0.49205918871632487 0.047321433302444225 0.037571921076327716
85 0.4498735806621898 0.48829570160662356 0.047321433302444406 0.03757192107632754
53 0.4506201143274538 0.5320866451841886 0.047321433302444225 0.03757192107632754
53 0.36309283247628843 0.5358910758714546 0.047321433302444225 0.037571921076327716
35 0.36453877058805606 0.5772973258714547 0.047321433302444225 0.037571921076327716
35 0.4505853979927178 0.5759185323393183 0.047321433302444225 0.03757192107632754
9 0.45208589980681635 0.6188872823393183 0.047321433302444406 0.03757192107632754
9 0.36450405425332005 0.6211292130265843 0.047321433302444225 0.03757192107632754
152 0.366031837918584 0.6648792130265843 0.047321433302444225 0.03757192107632754
152 0.4520239016209149 0.661937919494448 0.047321433302444225 0.03757192107632754
265 0.45296140824433684 0.7111976130720128 0.047321433302444225 0.03757192107632754
265 0.3677233126908405 0.7133167130265843 0.047321433302444225 0.03757192107632754
266 0.41212313183546706 0.8416973405707757 0.04969246515360979 0.03847600180902262