343 0.3524753554909559 0.09814796038225097 0.04834666486710972 0.03864902551980922
343 0.43768167026578053 0.10381946515613578 0.04834666486710972 0.03864902551980922
342 0.3478589042266516 0.14568581121208796 0.04834666486710972 0.03864902551980922
342 0.4336962746770022 0.1537602655710543 0.04834666486710972 0.03864902551980922
37 0.34344271206164595 0.19009866204192494 0.04834666486710972 0.03864902551980922
37 0.42938021206164595 0.19661061640089125 0.04834666486710972 0.03864902551980922
28 0.3391266494462896 0.2329490128717619 0.04834666486710972 0.03864902551980922
28 0.42501408467146495 0.24024221723072822 0.04834666486710972 0.03864902551980922
25 0.42064795728128396 0.2838738180605652 0.04834666486710972 0.03864902551980922
25 0.3355417720561086 0.2766398132866804 0.04834666486710972 0.03864902551980922
23 0.3327381446659276 0.32038981328668037 0.04834666486710972 0.03864902551980922
23 0.41711314466592764 0.32678336847548367 0.04834666486710972 0.03864902551980922
20 0.414259452500922 0.3713146184754837 0.04834666486710972 0.03864902551980922
20 0.3268595820505713 0.3631217649463544 0.04834666486710972 0.03864902551980922
11 0.32410601943521494 0.4060905149463544 0.04834666486710972 0.03864902551980922
11 0.410674575110741 0.4150054188904021 0.04834666486710972 0.03864902551980922
113 0.4071898272702093 0.4571337193053207 0.04834666486710972 0.03864902551980922
113 0.31973989204503395 0.44972211577619137 0.04834666486710972 0.03864902551980922
110 0.3162050794296777 0.4926316661911098 0.04834666486710972 0.03864902551980922
110 0.40355488510520365 0.5016057697202392 0.04834666486710972 0.03864902551980922
85 0.3126202020394967 0.5363224666060283 0.04834666486710972 0.03864902551980922
85 0.399288887264672 0.5436748705500761 0.04834666486710972 0.03864902551980922
53 0.395704009874491 0.5873656709649946 0.04834666486710972 0.03864902551980922
53 0.30825407464931565 0.5799540674358653 0.04834666486710972 0.03864902551980922
35 0.30560064158360867 0.6213603174358653 0.04834666486710972 0.03864902551980922
35 0.39133788248431 0.6309972717948316 0.04834666486710972 0.03864902551980922
9 0.3885843198689537 0.6739660217948316 0.04834666486710972 0.03864902551980922
9 0.30123451419342767 0.6649919182657023 0.04834666486710972 0.03864902551980922
152 0.2984308868032467 0.7087419182657022 0.04834666486710972 0.03864902551980922
152 0.3842682572535973 0.7168163726246686 0.04834666486710972 0.03864902551980922
265 0.38033292643964367 0.7659759230395871 0.04834666486710972 0.03864902551980922
265 0.29532687076411773 0.7571794182657022 0.04834666486710972 0.03864902551980922
266 0.3268098033683994 0.8906673471048594 0.0507404796419344 0.03960787427505359