343 0.35703125 0.07109375 0.04609375 0.03515625
343 0.4421875 0.0703125 0.04609375 0.03515625
342 0.35546875 0.11875 0.04609375 0.03515625
342 0.44140625 0.1203125 0.04609375 0.03515625
37 0.35390625 0.16328125 0.04609375 0.03515625
37 0.43984375 0.16328125 0.04609375 0.03515625
28 0.35234375 0.20625 0.04609375 0.03515625
28 0.43828125 0.20703125 0.04609375 0.03515625
25 0.43671875 0.25078125 0.04609375 0.03515625
25 0.3515625 0.25 0.04609375 0.03515625
23 0.3515625 0.29375 0.04609375 0.03515625
23 0.4359375 0.29375 0.04609375 0.03515625
20 0.4359375 0.33828125 0.04609375 0.03515625
20 0.3484375 0.33671875 0.04609375 0.03515625
11 0.3484375 0.3796875 0.04609375 0.03515625
11 0.43515625 0.38203125 0.04609375 0.03515625
113 0.434375 0.42421875 0.04609375 0.03515625
113 0.346875 0.4234375 0.04609375 0.03515625
110 0.34609375 0.46640625 0.04609375 0.03515625
110 0.43359375 0.46875 0.04609375 0.03515625
85 0.3453125 0.51015625 0.04609375 0.03515625
85 0.43203125 0.5109375 0.04609375 0.03515625
53 0.43125 0.5546875 0.04609375 0.03515625
53 0.34375 0.55390625 0.04609375 0.03515625
35 0.34375 0.5953125 0.04609375 0.03515625
35 0.4296875 0.5984375 0.04609375 0.03515625
9 0.4296875 0.64140625 0.04609375 0.03515625
9 0.3421875 0.6390625 0.04609375 0.03515625
152 0.3421875 0.6828125 0.04609375 0.03515625
152 0.428125 0.684375 0.04609375 0.03515625
265 0.42734375 0.73359375 0.04609375 0.03515625
265 0.3421875 0.73125 0.04609375 0.03515625
266 0.38203125 0.86171875 0.0484375 0.0359375