258 0.415625 0.31171875 0.03515625 0.0296875
265 0.44296875 0.3703125 0.034375 0.0265625
343 0.50859375 0.3703125 0.034375 0.0265625
10 0.44140625 0.42734375 0.034375 0.0265625
11 0.51953125 0.425 0.034375 0.0265625
113 0.52109375 0.46171875 0.034375 0.0265625
111 0.44296875 0.46484375 0.034375 0.0265625
99 0.44453125 0.503125 0.034375 0.0265625
110 0.52109375 0.4984375 0.034375 0.0265625
85 0.5234375 0.53515625 0.034375 0.0265625
72 0.44609375 0.540625 0.034375 0.0265625
35 0.44765625 0.57890625 0.034375 0.0265625
266 0.52265625 0.5703125 0.034375 0.0265625
9 0.52578125 0.6078125 0.034375 0.0265625
186 0.4484375 0.61640625 0.034375 0.0265625
142 0.4359375 0.67109375 0.034375 0.0265625
136 0.54140625 0.65703125 0.034375 0.0265625
266 0.53359375 0.315625 0.05 0.04296875