258 0.39928851255161446 0.3480812257779622 0.03671210594746528 0.032763273327083196
265 0.4235614942342488 0.40906724392124916 0.035767081637205676 0.02956992280870363
343 0.48918649423424887 0.4148086874651379 0.035767081637205676 0.02956992280870363
10 0.41901011307201286 0.46596179288448986 0.035767081637205676 0.02956992280870363
11 0.49725794380470756 0.4704530947224527 0.035767081637205676 0.02956992280870363
113 0.4968960956591584 0.5073085457592119 0.035767081637205676 0.02956992280870363
111 0.4186073213488989 0.5035984939212492 0.035767081637205676 0.02956992280870363
99 0.4181635860482199 0.5420164449580084 0.035767081637205676 0.02956992280870363
110 0.4949717475136092 0.5440272957592119 0.035767081637205676 0.02956992280870363
85 0.49539114936806 0.5809510973143508 0.035767081637205676 0.02956992280870363
72 0.4177607943251059 0.5796531459947676 0.035767081637205676 0.02956992280870363
35 0.41731705902442695 0.618071097031527 0.03576708163720586 0.02956992280870363
266 0.4927674383776406 0.6160389967959712 0.035767081637205676 0.02956992280870363
9 0.4939271466545265 0.6538123988694897 0.03576708163720586 0.02956992280870363
186 0.41613301730131286 0.6556394475499066 0.03576708163720586 0.029569922808703807
142 0.4007669668717716 0.7092333392558325 0.03576708163720586 0.029569922808703807
136 0.5069727012679394 0.7043981592370823 0.035767081637205676 0.02956992280870363
266 0.5170525446637901 0.362308404053286 0.05225189676606821 0.047343183176296225