258 0.43378054970353386 0.331076795490158 0.03688534997176518 0.03132492865988183
265 0.4645369970162282 0.3909441011145106 0.035922089448421346 0.028163541356328904
343 0.5301619970162281 0.39400063461295665 0.035922089448421346 0.028163541356328814
10 0.46629618906725073 0.44790257650740467 0.035922089448421346 0.02816354135632899
11 0.5442846811747429 0.4491975568626976 0.035922089448421346 0.028163541356328814
113 0.5479858048240314 0.48598908146980346 0.035922089448421346 0.028163541356328814
111 0.47004281534737513 0.48547535111451057 0.035922089448421346 0.02816354135632899
99 0.47383494425833544 0.5238293757216164 0.035922089448421346 0.02816354135632899
110 0.5501244284733199 0.5227078314698035 0.035922089448421346 0.028163541356328814
85 0.5546068021226083 0.5595357433804622 0.035922089448421346 0.028163541356328814
72 0.47758157053845984 0.5614021503287223 0.035922089448421346 0.028163541356328814
35 0.4813736994494201 0.5997561749358281 0.035922089448421346 0.028163541356328814
266 0.5558731705102249 0.5946556060769093 0.035922089448421346 0.028163541356328814
9 0.5611822967903493 0.6323011552911211 0.035922089448421346 0.028163541356328814
186 0.48433907572954454 0.637292562239381 0.035922089448421346 0.028163541356328814
142 0.47502425988805913 0.6913978653825342 0.035922089448421346 0.02816354135632899
136 0.5796739625330126 0.6822476513621796 0.035922089448421346 0.028163541356328814
266 0.5519768128577135 0.3404775283266503 0.052502644695975854 0.045297537427387444