26 0.425795202503779 0.12951149327659353 0.09568276827467717 0.1549153140117722
25 0.43618521288594836 0.2810558119430481 0.0952732445971538 0.14788406401177223
24 0.446393212744774 0.42947513060950265 0.09500022881213824 0.14319656401177222
23 0.45651020734192793 0.5763319492759572 0.09265647881213823 0.1431692920114541
22 0.4678711835232302 0.7177018366088663 0.08163567882625564 0.1282073633434086
16 0.47854191496620435 0.8606433146085483 0.08159017619541978 0.12742611334340878
266 0.3647370201996414 0.8932387332909111 0.09481821828879458 0.14007156401177207
72 0.3534747545558002 0.7401410052912292 0.10230449459715381 0.1479658800127268
85 0.34244000206613856 0.5909495272915474 0.10574801301300525 0.15347099267981754
99 0.3304874916839692 0.4394233899586383 0.10552049985882564 0.14956474267981754
111 0.3182164628859484 0.28242850262572916 0.10639275512049755 0.15113633334659032