259 0.5248081656117327 0.13586902302776058 0.12861869182452992 0.17209161183676708
110 0.4230220092530336 0.2703924387045936 0.11119207576345361 0.15911423871722885
111 0.5424733819820696 0.3139030948145152 0.12568501046098177 0.17434443362352167
113 0.680403687741644 0.363140913698276 0.14370155788560607 0.1850007887963711
72 0.4420425604706799 0.4170628502247916 0.10286939273291544 0.15263691818411546
85 0.5570455492607923 0.47323263070789257 0.1158795757634536 0.159250631037097
99 0.6871473795661738 0.5320955021780781 0.12815630621861623 0.17597512978345584
53 0.6922329765414545 0.6807375906578802 0.12088594015753991 0.16329327335696497
275 0.6978766829098519 0.8074364829777482 0.1138546901575399 0.1630886848771631
8 0.5796371238162978 0.7403973986545813 0.10345932409646359 0.1503159002374268
35 0.5668983945690831 0.6131218448145151 0.1085294613693673 0.15513979255729496
9 0.4597079057789709 0.5567247437983008 0.09950527667183913 0.14006872202418136
152 0.47571515623801286 0.6760741373718101 0.09579034530829098 0.14229881175762477