259 0.5125 0.15078125 0.11484375 0.16875
110 0.4 0.28203125 0.0984375 0.15625
111 0.515625 0.32890625 0.11171875 0.17109375
113 0.64921875 0.38203125 0.12890625 0.18125
72 0.40703125 0.42890625 0.090625 0.15
85 0.5171875 0.48828125 0.103125 0.15625
99 0.6421875 0.55078125 0.1140625 0.17265625
53 0.63515625 0.69921875 0.1078125 0.16015625
275 0.63046875 0.82578125 0.10078125 0.16015625
8 0.51796875 0.75546875 0.09140625 0.14765625
35 0.515625 0.628125 0.09609375 0.15234375
9 0.41328125 0.56875 0.08828125 0.1375
152 0.41953125 0.68828125 0.084375 0.13984375