273 0.3938074874635877 0.13669016091543376 0.11648045783841657 0.06428065730913754
273 0.39637620948776914 0.22497141091543377 0.11652592194503927 0.06584315730913755
265 0.360686413565262 0.3113570251457213 0.06363660266556703 0.0434329257464694
343 0.43646766356526195 0.3166561663633154 0.06588942445232178 0.040471816711962025
113 0.437959618896396 0.39472653604148455 0.06354567445232177 0.040307925746469485
72 0.3646190587881239 0.44651327514572114 0.06359113855894431 0.041870425746469306
111 0.43961905878812396 0.45175778604148453 0.06350021034569905 0.03874542574646948
343 0.41997076616432205 0.8215022034900807 0.09138952962517113 0.059407487010549785
53 0.3662557666265404 0.5027632751457212 0.06359113855894431 0.041870425746469306
110 0.4413012307331631 0.5095702860414846 0.0635911385589445 0.041870425746469486
35 0.36789247446495693 0.5590132751457212 0.06359113855894431 0.041870425746469306
99 0.4429379385715796 0.5658202860414845 0.06359113855894431 0.041870425746469486
85 0.44452918230337346 0.6205077860414845 0.06359113855894431 0.041870425746469486
9 0.37338996819675085 0.6139739267548755 0.06359113855894431 0.041870425746469306
186 0.37263746192854463 0.668497535789383 0.06359113855894441 0.041870425746469306