273 0.390625 0.109375 0.11484375 0.05625
273 0.390625 0.19765625 0.11484375 0.0578125
265 0.35234375 0.28671875 0.0625 0.0390625
343 0.428125 0.28671875 0.06484375 0.0359375
113 0.42734375 0.36484375 0.0625 0.0359375
72 0.35234375 0.421875 0.0625 0.0375
111 0.42734375 0.421875 0.0625 0.034375
343 0.396875 0.79375 0.08984375 0.053125
53 0.35234375 0.478125 0.0625 0.0375
110 0.42734375 0.4796875 0.0625 0.0375
35 0.35234375 0.534375 0.0625 0.0375
99 0.42734375 0.5359375 0.0625 0.0375
85 0.42734375 0.590625 0.0625 0.0375
9 0.35625 0.5890625 0.0625 0.0375
186 0.35390625 0.64375 0.0625 0.0375