26 0.33359375 0.16875 0.1453125 0.17578125
26 0.5078125 0.15703125 0.128125 0.178125
28 0.68203125 0.06640625 0.14140625 0.13203125
28 0.86015625 0.0625 0.1390625 0.12421875
25 0.8625 0.25390625 0.1390625 0.1734375
25 0.684375 0.265625 0.14375 0.17109375
24 0.51015625 0.375 0.13125 0.17578125
24 0.3421875 0.37890625 0.14453125 0.1734375
22 0.346875 0.60546875 0.1390625 0.1625
22 0.5140625 0.59296875 0.13046875 0.17890625
266 0.5171875 0.80390625 0.128125 0.17109375
23 0.6875 0.48359375 0.14375 0.16875
23 0.8640625 0.475 0.13515625 0.17734375
20 0.69296875 0.6953125 0.14375 0.1640625
20 0.8640625 0.6875 0.13125 0.17578125
53 0.6953125 0.90859375 0.14453125 0.16015625
53 0.8640625 0.90078125 0.13046875 0.171875