26 0.3424375627540132 0.19402822282980564 0.15452480495209714 0.1867923728251612
26 0.5160421590905401 0.19551098030298278 0.13746013568479168 0.18783373195336797
28 0.6855114540930144 0.11808748777615996 0.14832571460846394 0.14274637489975367
28 0.8634317362051901 0.1276787431747447 0.14557252883281535 0.13475627614450914
25 0.8758066627085845 0.31926259192998924 0.1481519742194024 0.18397502614450909
25 0.6982958163720578 0.3174838365314045 0.15271664348670785 0.1819864736549981
24 0.5298091672311405 0.41365732905822733 0.14046230495209713 0.18572678029369402
24 0.3620451351189648 0.4048356682657023 0.1536207242194024 0.1843894232400798
22 0.37860627261277885 0.6317533657761913 0.1475787641334943 0.173037526144509
22 0.5451386753717408 0.6319220769836349 0.13984482926235664 0.18879258070861252
266 0.5593184413142573 0.843096375323961 0.13709164348670785 0.1808024819533678
23 0.7128440745126582 0.5356893848717306 0.15259381275401313 0.1796427236549981
23 0.8889561951594445 0.5404747411001523 0.1444504421072267 0.18758527821910143
20 0.7294085340327395 0.7478225319673012 0.15234815128862386 0.1749552236549981
20 0.9000928482570908 0.7529747411001523 0.14046230495209713 0.18572678029369385
53 0.7429298807079506 0.9378636470512529 0.15292468340079957 0.12427270589749426
53 0.9112704449323019 0.9376876628729229 0.13947633706427282 0.12462467425415405