26 0.3247499372459868 0.14932037663306025 0.15452480495209714 0.18424473933548197
26 0.4995828409094599 0.12745453995664907 0.13746013568479168 0.18558743145709164
28 0.6785510459069857 0.048408033185444524 0.14832571460846394 0.09681606637088905
28 0.8568807637948099 0.03928035629702219 0.14557252883281535 0.07856071259404437
25 0.8491933372914154 0.20367134555713934 0.1481519742194024 0.18153696828879456
25 0.6704541836279422 0.22576469538773009 0.15271664348670785 0.17946623407381015
24 0.4905033327688596 0.3452867820641413 0.14046230495209713 0.18342569198043535
24 0.3223298648810352 0.35897609769386507 0.1536207242194024 0.18185548670464602
22 0.3151437273872212 0.5852655819088495 0.1475787641334942 0.17059946828879458
22 0.4829863246282592 0.5630280189099617 0.13984482926235664 0.18650518934959948
266 0.47505655868574265 0.773783508386618 0.13709164348670785 0.1785561814570915
23 0.6621559254873418 0.44355143486438636 0.15259381275401313 0.17712248407380998
23 0.8391688048405556 0.42467409029546743 0.1444504421072267 0.18521570513461488
20 0.6565289659672604 0.6549516664485349 0.15234815128862386 0.17243498407380997
20 0.8280321517429092 0.6371740902954675 0.14046230495209713 0.18342569198043535
53 0.6476951192920493 0.8680964085560271 0.15292468340079957 0.1685742367046462
53 0.8168545550676981 0.8504553402954673 0.13947633706427282 0.1794739393495995