289 0.427348540254706 0.27472539247810185 0.033072118290882455 0.04275558255140375
289 0.4860924845791798 0.27647891661541696 0.033072118290882455 0.04275558255140384
289 0.5478112345791798 0.28079471204005546 0.033072118290882455 0.04275558255140384
272 0.42526919880029423 0.478615216983734 0.03884125693983016 0.047825494804219916
53 0.5245485055555543 0.509100028499916 0.03214067396640843 0.04035720222957302
186 0.5213944247416007 0.558318778499916 0.03214067396640843 0.04035720222957302
35 0.4236275532115158 0.5287244776273958 0.03214067396640843 0.04035720222957302
9 0.4212547223975623 0.5779978579492265 0.03214067396640843 0.04035720222957302
272 0.5181902791528225 0.608318778499916 0.037278756939830335 0.047716234160558105
164 0.4043804981542987 0.718857804730918 0.03155968306570696 0.043427571907742116
191 0.4615118777039481 0.7212833182245713 0.03155968306570713 0.043427571907742116
162 0.5201556924787727 0.7245993423618863 0.03155968306570713 0.043427571907741935
142 0.39837272517533945 0.8126078047309179 0.03155968306570704 0.043427571907741935
136 0.5140978547249888 0.8191305923618863 0.03155968306570696 0.043427571907741935
115 0.4537029703949774 0.9043689698337257 0.03155968306570696 0.043427571907741935
342 0.4563354194998134 0.814306698546402 0.038941386489479514 0.04938799480421992