289 0.4244984794545682 0.24890440806013361 0.03354712842423861 0.040979536004136105
289 0.4832698282098128 0.24724245806808778 0.03354712842423861 0.040979536004136195
289 0.5449885782098127 0.24796062074313285 0.03354712842423861 0.040979536004136195
272 0.42004408733337517 0.4521566773949518 0.0393710759347277 0.04573067067154533
53 0.5190493497809298 0.4767668734086329 0.032588279668994066 0.038626695337363515
186 0.5153197759207945 0.5259856234086329 0.032588279668994066 0.038626695337363515
35 0.41781781388815836 0.5021748587284971 0.032588279668994066 0.038626695337363515
9 0.41486949002802315 0.5514026993952699 0.032588279668994066 0.038626695337363515
272 0.5115310024755778 0.5759856234086329 0.03780857593472771 0.04571248933799978
164 0.3963418651282694 0.6927180427275427 0.03204382800932013 0.041742604670590745
191 0.4534915142984325 0.6918191614019513 0.03204382800932013 0.041742604670590745
162 0.512144463883514 0.6917197114099055 0.03204382800932013 0.041742604670590745
142 0.389237914918488 0.7864680427275427 0.03204382800932013 0.041742604670590745
136 0.5049813140886511 0.7862509614099056 0.03204382800932013 0.04174260467059092
115 0.4435450613893587 0.874677114735815 0.03204382800932013 0.041742604670590565
342 0.4472280136737325 0.784797002068724 0.03948947510489056 0.04729317067154533