312 0.39583820007943027 0.28127604123726463 0.0657574135548364 0.05687806671196203
309 0.5520200162320543 0.2882958556034382 0.09119379017804193 0.08362623701054979
20 0.3961166639585782 0.3866355305936029 0.06176934293798535 0.051917415102807674
113 0.39567237905554214 0.45058876994994107 0.056286956168510115 0.05075375284999169
85 0.39754457061355575 0.513143400271772 0.06494889001588602 0.05526093639013112
23 0.5484604139585783 0.3972884433506221 0.06176934293798535 0.051917415102807674
11 0.5464809025944926 0.46269492206329854 0.06176934293798553 0.05191741510280749
110 0.5491616176914564 0.5268666827069604 0.06176934293798535 0.051917415102807674
53 0.5471411960189452 0.5899294114196368 0.06176934293798553 0.051917415102807674
152 0.5458883875769588 0.6522655204541443 0.06176934293798535 0.051917415102807674
9 0.399389488632619 0.5741355305936029 0.06176934293798535 0.051917415102807674
290 0.468768554378206 0.7490916079492267 0.06176934293798535 0.051917415102807674
289 0.46955553286785057 0.8388807276273959 0.04524036201270896 0.04373892834435935