312 0.39140625 0.25390625 0.06484375 0.05234375
309 0.54765625 0.25 0.08984375 0.07734375
20 0.38984375 0.359375 0.0609375 0.04765625
113 0.38828125 0.4234375 0.05546875 0.046875
85 0.3890625 0.4859375 0.0640625 0.05078125
23 0.5421875 0.359375 0.0609375 0.04765625
11 0.5390625 0.425 0.0609375 0.04765625
110 0.540625 0.4890625 0.0609375 0.04765625
53 0.5375 0.55234375 0.0609375 0.04765625
152 0.53515625 0.61484375 0.0609375 0.04765625
9 0.38984375 0.546875 0.0609375 0.04765625
290 0.45625 0.7171875 0.0609375 0.04765625
289 0.45546875 0.80703125 0.04453125 0.040625