10 0.5043893058439806 0.4257729464615819 0.04461872436384251 0.03985632800932013
37 0.5749068573991195 0.4227887338042458 0.04794877591898157 0.04243687634964619
113 0.5079045765791658 0.4569637468765004 0.04461872436384251 0.03985632800932013
36 0.5777092286526843 0.4548199838042458 0.047812074882222076 0.04087437634964619
28 0.5810877983511101 0.4844482842191643 0.04788042540060182 0.04165562634964619
111 0.5103651952408323 0.4850887468765004 0.04461872436384251 0.03985632800932013
275 0.5003566252595826 0.3796791964615819 0.04209931710652768 0.0288004288391571
316 0.5707374757779622 0.3751324838042458 0.04692351814328699 0.030718126349646192
110 0.5130308654576379 0.5155574968765004 0.0437007733270832 0.038234628424238616
99 0.5163410846376841 0.5444045472914188 0.0437007733270832 0.038234628424238616
85 0.5195829532993507 0.5724703477063373 0.0437007733270832 0.038234628424238616
72 0.5237427729977766 0.6020394485361743 0.0437007733270832 0.038234628424238616
53 0.5262033916594431 0.6301644485361744 0.0437007733270832 0.038234628424238616
35 0.5287323608394894 0.6590706985361743 0.0437007733270832 0.038234628424238616
9 0.531974229501156 0.6871364989510929 0.04312457488222208 0.0405191788391571
152 0.5353527991995819 0.7167647993660113 0.04305622436384251 0.0397379288391571
26 0.5846030690862952 0.5156390846340828 0.048661675400601824 0.04171482593472771
25 0.5872687393031008 0.5461078346340827 0.04859332488222208 0.040933575934727705
24 0.5898660590015267 0.5757953346340827 0.04859332488222208 0.040933575934727705
23 0.5923266776631932 0.6039203346340828 0.047812074882222076 0.04087437634964619
22 0.5957052473616191 0.6335486350490013 0.04696247436384251 0.04003392676456467
20 0.5983709175784246 0.6640173850490012 0.04696247436384251 0.04003392676456467
16 0.6009682372768503 0.6937048850490013 0.046317925400601825 0.04153722717948316
11 0.6043468069752762 0.7233331854639198 0.04801712643736096 0.04321812634964619