265 0.5875 0.5583007749860638 0.05390625 0.04250111738824671
343 0.66015625 0.5594405732888615 0.05390625 0.04250111738824671
263 0.66015625 0.5141280732888616 0.05390625 0.04250111738824671
99 0.5875 0.6973632749860638 0.05390625 0.04250111738824671
85 0.58984375 0.7442246394474443 0.05390625 0.04250111738824671
72 0.58984375 0.7910996394474443 0.05390625 0.04250111738824671
53 0.58984375 0.8379746394474443 0.05390625 0.04250111738824671
35 0.58984375 0.8864121394474443 0.05390625 0.04250111738824671
9 0.58984375 0.9332871394474443 0.05390625 0.04250111738824671
110 0.66640625 0.8844042118525429 0.05390625 0.04250111738824671
111 0.66640625 0.8359667118525429 0.05390625 0.04250111738824671
113 0.66640625 0.7890917118525431 0.05390625 0.04250111738824671
10 0.66484375 0.7422258022116226 0.05390625 0.04250111738824671
11 0.6625 0.6953644377502421 0.05390625 0.04250111738824671