265 0.5875 0.56171875 0.05390625 0.0421875
343 0.66015625 0.56328125 0.05390625 0.0421875
263 0.66015625 0.51796875 0.05390625 0.0421875
99 0.5875 0.70078125 0.05390625 0.0421875
85 0.58984375 0.74765625 0.05390625 0.0421875
72 0.58984375 0.79453125 0.05390625 0.0421875
53 0.58984375 0.84140625 0.05390625 0.0421875
35 0.58984375 0.88984375 0.05390625 0.0421875
9 0.58984375 0.93671875 0.05390625 0.0421875
110 0.66640625 0.88828125 0.05390625 0.0421875
111 0.66640625 0.83984375 0.05390625 0.0421875
113 0.66640625 0.79296875 0.05390625 0.0421875
10 0.66484375 0.74609375 0.05390625 0.0421875
11 0.6625 0.69921875 0.05390625 0.0421875