9 0.4491422524323367 0.4113038421742187 0.12512845941492098 0.10046666442319178
35 0.5670973656628615 0.4139551322242312 0.12512845941492118 0.10046666442319178
53 0.6850388421239112 0.41582517227424365 0.12512845941492118 0.10046666442319178
72 0.45010650892515847 0.5112811101209074 0.12363414326229698 0.10432745031656906
85 0.5712002589251585 0.5148045783841653 0.12363414326229698 0.10432745031656906
99 0.6907178721556833 0.5175013325408002 0.12363414326229698 0.10432745031656906
110 0.451920199265356 0.6151873601209074 0.1236341432622968 0.10432745031656906
111 0.576138949265356 0.6188017565974105 0.1236341432622968 0.10432745031656906
113 0.694888949265356 0.6222570287007343 0.1236341432622968 0.10432745031656906
0 0.4538293469918798 0.7245623601209074 0.12377051095704861 0.11213995031656906
8 0.5780480969918799 0.7281767565974105 0.12847164772652384 0.11305759263643722
131 0.7022668469918798 0.7317911530739136 0.12847164772652384 0.11305759263643722
273 0.5634251205341255 0.24830740017091985 0.38261149715733095 0.26803356380268883