264 0.2994374394987579 0.14926075849886242 0.12400110226293623 0.10622853444287887
275 0.5924152798578376 0.12862341409329542 0.12400110226293641 0.10622853444287887
111 0.3055652405320302 0.2621276114032918 0.12006758118569749 0.1012450365174713
113 0.4469714905320302 0.2514124865035382 0.12006758118569749 0.1012450365174713
10 0.5891589905320302 0.24063816201870297 0.12006758118569749 0.10124503651747138
85 0.3116430445903646 0.36640071430772125 0.11690621974937895 0.09475823817714532
99 0.449156680128984 0.3583253373333751 0.11690621974937905 0.09475823817714524
110 0.5850987253085238 0.348805859529192 0.11690621974937905 0.09475823817714524
35 0.3184748275714602 0.46592711762706907 0.11454428903121974 0.09145563942190087
53 0.45050153239192037 0.4551411377482936 0.11454428903121965 0.09145563942190069
72 0.5825464179305397 0.4474801578695181 0.11454428903121965 0.09145563942190069
9 0.5791764991162373 0.5399636557949257 0.1090482679539809 0.08635374232633009
152 0.32369865875715764 0.5577594201165801 0.1090482679539809 0.08635374232633009
276 0.21747138465485666 0.5697168136876657 0.09490849990180417 0.072006899794863
334 0.2948312318496274 0.04233633692658434 0.12324712334017515 0.08467267385316868
287 0.44327782220870704 0.03753802603265183 0.12559087334017516 0.07507605206530366
266 0.5956261173882468 0.03215669148720442 0.12559087334017516 0.06431338297440883