264 0.2864188291972091 0.19099974398302036 0.1302116599070276 0.10478523442229637
275 0.5792783185535474 0.21133653454226806 0.1302116599070276 0.10478523442229637
111 0.28396618253173334 0.30463144740679293 0.12597762797604234 0.09984741054817307
113 0.4253724325317334 0.3136931716500565 0.12597762797604234 0.09984741054817307
10 0.5675599325317334 0.32280496066814474 0.12597762797604234 0.09984741054817307
85 0.2821144694063971 0.4096694008305656 0.12241558540139544 0.09339715144887446
99 0.4194505784409045 0.4208245511997058 0.12241558540139544 0.09339715144887428
110 0.5553334481190737 0.4303170720191968 0.12241558540139544 0.09339715144887446
35 0.28137178821204606 0.5100699190291629 0.11985331411407199 0.09012195712440044
53 0.4134576685338769 0.5177496159745305 0.11985331411407199 0.0901219571244006
72 0.5453250275683843 0.5285543129198981 0.11985331411407199 0.0901219571244006
9 0.5349723995923419 0.6204914890457749 0.11405678218308672 0.08508400370062788
152 0.2796129102360037 0.6025578076781108 0.11405678218308672 0.08508400370062788
276 0.17308975862684936 0.599655248301957 0.09906556671196198 0.07090158775378405
334 0.29092564875916277 0.07043692010889703 0.12975819183801285 0.10942266964747172
287 0.43925388811550103 0.08151172732558254 0.13210194183801285 0.10957286397194568
266 0.5915430077936701 0.09205560841639135 0.13210194183801285 0.10957286397194568