72 0.53515625 0.4609375 0.02734375 0.02890625
53 0.5328125 0.4921875 0.02734375 0.02890625
35 0.53125 0.5234375 0.02734375 0.02890625
2 0.52890625 0.55390625 0.02734375 0.02890625
3 0.52734375 0.58359375 0.02734375 0.02890625
5 0.52578125 0.6125 0.02734375 0.02890625
68 0.4875 0.46796875 0.03046875 0.03125
50 0.4859375 0.50078125 0.0296875 0.03046875
9 0.484375 0.5328125 0.0296875 0.03046875
1 0.4828125 0.5640625 0.0296875 0.03046875
4 0.48125 0.5953125 0.0296875 0.03046875
275 0.4765625 0.71484375 0.04140625 0.0359375
264 0.5203125 0.69765625 0.02734375 0.03125
259 0.51796875 0.36484375 0.03125 0.0296875