72 0.5271105560096497 0.44536604348173175 0.02784831047058134 0.029701871865896835
53 0.5242213352306428 0.47668423964166584 0.02784831047058134 0.029701871865896835
35 0.5221133644516361 0.5079797037482884 0.02784831047058134 0.029701871865896835
2 0.5192377804421044 0.5385166499082225 0.02784831047058134 0.029701871865896835
3 0.517157083202048 0.5682496140148452 0.02784831047058134 0.029701871865896835
5 0.5150900227314666 0.5972013281214679 0.02784831047058134 0.029701871865896835
68 0.4793315750843732 0.4537839487337235 0.03101422077900686 0.03213655007914227
50 0.47719633076641604 0.4866419128403462 0.03021933400953163 0.03133256802583091
9 0.47507472321793404 0.5187186269469688 0.03021933400953163 0.03133256802583091
1 0.4729667524389273 0.5500140910535916 0.03021933400953163 0.03133256802583091
4 0.47085878165992046 0.5813095551602142 0.03021933400953163 0.03133256802583091
275 0.4640848559302194 0.7009771974800822 0.04203354139585791 0.03714229882550093
264 0.5081348648586732 0.6825167024946472 0.027889220779006862 0.03204562186589684
259 0.5116003786550957 0.3497723986545812 0.031768197240056396 0.030596782132453627