72 0.6435804669462497 0.2524390181897697 0.08192345364722228 0.06954010339310165
35 0.6229393522048607 0.33532943063088083 0.08185071846486114 0.06641510339310167
280 0.6047874578281941 0.411764791516853 0.07705411569131951 0.0613175002828239
177 0.5875804676118398 0.4811005518844456 0.07460126291777787 0.05642494872768502
264 0.5728626977602078 0.5439812606968992 0.07140352773541672 0.053026546654166395
275 0.7275677283454162 0.5631920075393533 0.0776898953265972 0.055135850801203645
133 0.7509337995838189 0.4972156930247237 0.07850751291777769 0.05676670131958321
9 0.7744271573913537 0.42577062851009406 0.0833041156913195 0.061864304429860975
53 0.8020086031547914 0.3461713114035664 0.08650185087368065 0.06526270650337943
259 0.7641670303008679 0.1631434893960663 0.09544109298989589 0.08085831220555537
342 0.04863294927881926 0.22184631423180567 0.07325696846486116 0.0656632476909258
342 0.05700718731097197 0.2975202574928705 0.07238479948690976 0.06168864717254614
342 0.06321951329902746 0.3655867523090742 0.07233024810013892 0.05934489717254614
342 0.07262957446944408 0.4302548450517595 0.06511716014423616 0.0509172425071295
342 0.0767345398001732 0.48837014142310203 0.06511716014423614 0.0509172425071295