72 0.6291476425549766 0.33210078202080145 0.0848391757464693 0.06531003067003907
35 0.6047160890845662 0.41269601759283125 0.08462065445914604 0.06218503067003915
280 0.583065328188803 0.4871230987183572 0.0796053725281606 0.057333839563046496
177 0.5626874901895175 0.5545462116950486 0.07693384059717552 0.05256449400955017
264 0.545090444764879 0.6158011702252363 0.07359031930985208 0.04933036660488845
275 0.6982647212479826 0.6540427586071565 0.0799495799535137 0.05111112141421188
133 0.7246194076381137 0.5907441504397886 0.08084009059717552 0.05270090326537726
9 0.7513565062810608 0.5219767922724204 0.0858553725281606 0.057552094372369925
53 0.7825461581423168 0.44553334336087963 0.08919889381548422 0.060786221777031815
259 0.7534153050598941 0.2573413733979465 0.09883061993027073 0.0759300721398514
342 0.03806345666904842 0.22844494773041452 0.07602690445914592 0.0618849303072194
342 0.0428659351296234 0.3053621117955651 0.07497250284999159 0.057951398456054015
342 0.045870966808507066 0.37438493030721937 0.07480861188449899 0.055607648456053926
342 0.052219519774714195 0.4403918762235353 0.06723105866619031 0.04754961179556503
342 0.05359099563739913 0.4991765991816933 0.06723105866619032 0.04754961179556503