10 0.36743331971207016 0.2653555977175091 0.08192992288667415 0.06164820533113406
110 0.36535158313030547 0.34651466950426374 0.08016716378737562 0.05847774122451135
72 0.36122648519748873 0.4230544374509524 0.07606065468807692 0.05523908095795473
9 0.35989572023809396 0.492494759237707 0.07185401603912896 0.05043792069139794
178 0.3573028439276471 0.5572930451310845 0.07087250693983034 0.04729018863808676
11 0.5869145049372454 0.2597491407370224 0.07714229333702498 0.059949313011266006
259 0.7993143753875962 0.25512852223633775 0.0771422933370248 0.05994931301126609
111 0.5755078331303054 0.3403997471635131 0.07308584901255095 0.0574919027447093
85 0.564451614747138 0.41558160359000385 0.07205427513842758 0.05356292069139812
35 0.555358414562568 0.484467995909872 0.06784763648947952 0.04876176042484133
177 0.5457843530269457 0.5486896202830513 0.06842862739018099 0.04565949247815269
113 0.7817578331303053 0.33439848508931924 0.07308584901255095 0.0574919027447093
99 0.7637704942967873 0.40822242999561204 0.07044171036360289 0.0527362065847754
53 0.7460835441122173 0.47735887490190476 0.06941013648947951 0.04880722453146404
152 0.7310907973514198 0.5409583736482636 0.06769744216500566 0.046418010424841324
275 0.7179108744647456 0.6006061582879997 0.06598474784053163 0.04402879631821861
264 0.3550103562661483 0.6174038310244617 0.06598474784053163 0.04402879631821861
276 0.6667279087024718 0.5475099020197935 0.059734747840531635 0.04384693989172792