10 0.3738871916735927 0.3012444339885577 0.0805443458553869 0.06438147748246603
110 0.3737015078714844 0.3826946930878563 0.07885451186299805 0.06115634793281668
72 0.3713630750579592 0.459307257862681 0.07482092787060939 0.057781024058693474
9 0.37165489372730875 0.5290387669619796 0.07072367688202616 0.052843200184570095
178 0.37057521338524146 0.5939826465116289 0.06981509288963732 0.04966813540974542
11 0.5933866081754955 0.3160938857142873 0.07579317885919253 0.06251858883351816
259 0.8058229411793011 0.33127400446659494 0.07579317885919253 0.06251858883351806
111 0.5838577578714844 0.39616211751568997 0.07179142836490086 0.05992451495939477
85 0.5745517420541535 0.4707615993170927 0.070851010874415 0.05596820018457009
35 0.5670628942216004 0.5392112106681447 0.0667537598858317 0.05103037631044671
177 0.5589837973776304 0.6029232572443721 0.06740767589344294 0.04795544108527139
113 0.7901077578714844 0.4093792180694004 0.07179142836490086 0.05992451495939477
99 0.7738341590503479 0.4819656168973811 0.06925667737631791 0.05508682063492074
53 0.7577515612177947 0.549864515725362 0.0683162598858317 0.051130505860096064
152 0.7442355478719218 0.6124448588778166 0.06665825939154005 0.04868662631044689
275 0.732441202016535 0.6712190815799207 0.06500025889724856 0.04624274676079754
264 0.3696865340317574 0.6542390260612783 0.06500025889724856 0.04624274676079736
276 0.6799820468833386 0.6130270473421945 0.05875025889724857 0.045842228562200306