10 0.38515625 0.2765625 0.078125 0.059375
110 0.38828125 0.3578125 0.0765625 0.05625
72 0.3890625 0.434375 0.07265625 0.053125
9 0.3921875 0.50390625 0.06875 0.0484375
178 0.39375 0.56875 0.06796875 0.0453125
11 0.6046875 0.27734375 0.0734375 0.0578125
259 0.8171875 0.27890625 0.0734375 0.0578125
111 0.5984375 0.3578125 0.06953125 0.05546875
85 0.5921875 0.4328125 0.06875 0.0515625
35 0.5875 0.5015625 0.06484375 0.046875
177 0.58203125 0.565625 0.065625 0.04375
113 0.8046875 0.3578125 0.06953125 0.05546875
99 0.79140625 0.43125 0.0671875 0.05078125
53 0.778125 0.5 0.06640625 0.046875
152 0.7671875 0.56328125 0.06484375 0.04453125
275 0.7578125 0.62265625 0.06328125 0.0421875
264 0.3953125 0.62890625 0.06328125 0.0421875
276 0.703125 0.56796875 0.05703125 0.0421875