259 0.6348580154212755 0.15773996760797507 0.09282447402541756 0.08710757865448526
113 0.45185637499835235 0.26931211597453053 0.08320401217486459 0.07244430135658933
10 0.6229501249983523 0.2802763016611312 0.08708298863591431 0.07113212523071262
11 0.7917001249983523 0.29109029302325784 0.0956767386359143 0.07168283775378388
99 0.4560683624164506 0.3764935602990045 0.0791750312495882 0.06516272748246603
53 0.4592945482924214 0.47190618984865385 0.07594093709378669 0.0587124683831675
152 0.46153493262626455 0.5555500046234785 0.07193922970746058 0.052993394509044126
9 0.6021326590873143 0.5629991640919174 0.07193922970746058 0.052993394509044126
35 0.7442928855483639 0.5705484531100056 0.07743525324641087 0.05490634793281668
72 0.6077184115229463 0.48063724706533933 0.07906593709378669 0.05891272748246603
85 0.756128637983996 0.4885870542820248 0.08295855032431163 0.058381801356589234
110 0.6154297256469755 0.38592552436323524 0.07833923417168727 0.061987662707641354
111 0.7732285888775003 0.39525735887781666 0.08460287094116267 0.06316943090623858
264 0.4643929257264057 0.6298688841731278 0.06636138555165924 0.04639294108527157
275 0.7307309918790299 0.643034722388337 0.06867786201270895 0.044980635409745416