259 0.6321307230690286 0.10982405991409486 0.09187894867214012 0.0823136080124085
113 0.44625633470173887 0.23541604793923007 0.08242213544042354 0.06814202001113587
10 0.6173500847017388 0.2334251919160039 0.08631929508134384 0.06662497334499946
11 0.7861000847017389 0.23146160789309583 0.09491304508134384 0.06672497067949941
99 0.447977395104785 0.3424200259389119 0.07847497882456515 0.06106531667727229
53 0.4489853832009284 0.43771434460536646 0.07531361738824689 0.05477895401018138
152 0.44928029899016886 0.5212990039385937 0.07137555113146803 0.049264750676317706
9 0.5899143893492484 0.5181001839195037 0.07137555113146803 0.049264750676317706
35 0.7321109797083281 0.5148831825668683 0.0768533914905479 0.050890885343726745
72 0.5974274283804683 0.43520586791854915 0.07843861738824671 0.05481531667727211
85 0.7458740187395477 0.43191614123173194 0.08234032220870695 0.054079520011135786
110 0.6073569402843249 0.3397842799172765 0.07767554810640612 0.05793122601049951
111 0.7651739854638647 0.33716671522918656 0.08393009328594588 0.05878520134468133
264 0.45041100693388697 0.5954995726050483 0.06587043969514958 0.04295111600890866
275 0.716839982831586 0.5884934052355499 0.06820509933607007 0.04141588800922698