173 0.5419714460282774 0.33247774953666387 0.05009635339082212 0.08754712921876022
171 0.5523910233642516 0.47245790879249105 0.04980525496239867 0.08129712921876013
119 0.5696128724118475 0.724992631750649 0.047988043837528235 0.07577381551642937
259 0.540860787837163 0.8612649484482049 0.043009445409104785 0.0693601244094367
275 0.6163316687305751 0.8405010698624167 0.04379069540910478 0.0693874062606021
264 0.6903128242310931 0.8212451275742977 0.039738896194893056 0.06612599700477517
260 0.5308605099247974 0.1776538402808367 0.051314251033457305 0.09694941106992569
260 0.6206849892466331 0.16363103501602633 0.049569814515692735 0.09298859736759484
260 0.6286345380465599 0.31756456686719176 0.04846107878371626 0.08593006551642937
260 0.6358563407754284 0.4558730987183572 0.04419095574818712 0.07798115626060227
260 0.5617382522718024 0.6061607861971527 0.0472795684446341 0.07730903366526398
260 0.6418966331652145 0.5855605987183572 0.0433733184446341 0.07717262440943688
260 0.6475002779123656 0.7058730987183572 0.04397263192686936 0.07329365626060227