264 0.5568932816346616 0.15 0.07434076680591381 0.0796875
275 0.7467078567298018 0.1109375 0.10238485376405215 0.096875
266 0.5528822608744149 0.0515625 0.0745636012925944 0.08515625
287 0.6413080909124711 0.0359375 0.08730368182494211 0.071875
111 0.5601203938016708 0.28671875 0.07336851581733086 0.075
113 0.6450538093149905 0.28125 0.08215326680591399 0.0796875
10 0.7463616413302129 0.275 0.09806476828878878 0.08671875
85 0.5644351620904595 0.3734375 0.07242809832684483 0.07109375
99 0.6474068295809456 0.37734375 0.08358843281352506 0.0765625
110 0.7467210800752372 0.3796875 0.09556185079830275 0.0828125
72 0.7436371838392895 0.4765625 0.09390385030401109 0.08046875
35 0.5671237633830539 0.45859375 0.06920759783255334 0.06875
53 0.6487239318621231 0.4671875 0.07952301532303921 0.07265625
152 0.5695895301889679 0.53828125 0.06908026384016441 0.065625
9 0.7443958706071474 0.571875 0.09390385030401127 0.08046875
276 0.5075842787060931 0.53125 0.04857676285158128 0.0609375
276 0.3547166052841081 0.49921875 0.03778384288963732 0.0453125
342 0.24819734984690064 0.4734375 0.032251425893442945 0.04375
342 0.3167709363107473 0.48828125 0.03722542737631773 0.05078125
342 0.3119760069572633 0.428125 0.03956917737631773 0.05078125
342 0.2750980894667773 0.42421875 0.03478617688202616 0.0484375
342 0.2413133384781941 0.41953125 0.03387759288963732 0.0453125
342 0.30555491060758483 0.36640625 0.0396646778706093 0.053125
342 0.2688043271094876 0.365625 0.036412343878220454 0.05
342 0.2351469101132932 0.3640625 0.0323787598858317 0.046875
342 0.29981956376361474 0.30234375 0.04129084486680377 0.0546875
342 0.2616338142579063 0.3046875 0.036412343878220545 0.05
342 0.22810373125410077 0.30625 0.0339412598858317 0.046875
264 0.2903397930033681 0.20390625 0.040636928859192525 0.0578125
264 0.2198508794672148 0.21875 0.03566292737631773 0.05078125
266 0.21189911661563357 0.1578125 0.0349771778706093 0.053125
287 0.24660969764227278 0.146875 0.03735276136870649 0.05390625
266 0.2843816116727177 0.134375 0.04223126235728971 0.05859375