259 0.5949727425367681 0.2116789890305908 0.09323874491161739 0.08279763103285873
72 0.5287136567156908 0.29147810563547927 0.06672051051544958 0.06783482994439964
35 0.5361377323600028 0.3734002282308176 0.06404921189493056 0.061502984390903404
280 0.5422073479184066 0.44441213267732127 0.061459800429541286 0.05673363883740716
177 0.5494709712787265 0.5083382234214942 0.05590916327441171 0.05498016587924894
264 0.5565298767512218 0.568358064165667 0.05644475180902227 0.050319947730414503
275 0.6805715643358929 0.6203793772350257 0.0661063568519765 0.05611607994439964
133 0.6812842152858326 0.5593054679791986 0.06935418758467105 0.058568957349061354
9 0.6824096240376883 0.491173026872206 0.07186171189493056 0.061775802902557686
53 0.6837840162812008 0.412857053914048 0.07757612336031983 0.06665427586071573
264 0.22930123416902512 0.432641341292327 0.03790279172311397 0.038754965153609613
342 0.16771195895425448 0.40739829383206494 0.0339146545679843 0.03705605589778251
342 0.21426273236000287 0.38464035091097387 0.038765928878243726 0.040344747004775174
342 0.15119284430036192 0.3610143671530427 0.03481873530067894 0.039427087748947987
342 0.1950313755080264 0.33130701978544785 0.039011590343633086 0.04503224700477517
342 0.1305218181810801 0.3100793497298475 0.037285316033373574 0.041852683302444224
342 0.11042732417397394 0.25521080045548694 0.037367203188503284 0.043415183302444225
342 0.17559530076822558 0.2740674386599219 0.0406559774987628 0.04664931070710594
342 0.15431012098547064 0.21141367123672666 0.04081975180902231 0.04977431070710594
342 0.09096359396167766 0.13770584192529922 0.0457119696968467 0.05384425181409851