10 0.28984375 0.4296875 0.0703125 0.0515625
11 0.496875 0.4265625 0.07265625 0.05
259 0.7046875 0.425 0.07265625 0.05
110 0.30234375 0.496875 0.0671875 0.04609375
111 0.4984375 0.49375 0.0671875 0.04609375
113 0.69609375 0.490625 0.0671875 0.04609375
72 0.3125 0.5578125 0.06640625 0.04296875
85 0.5 0.5546875 0.0640625 0.04140625
99 0.6890625 0.5515625 0.0640625 0.04140625
9 0.32109375 0.6125 0.06171875 0.0375
35 0.50078125 0.609375 0.06171875 0.0390625
53 0.68359375 0.60703125 0.06171875 0.0390625
178 0.32890625 0.6625 0.06171875 0.0359375
177 0.503125 0.6609375 0.06171875 0.0359375
152 0.67734375 0.6578125 0.06171875 0.0359375
275 0.67265625 0.7046875 0.05546875 0.034375
264 0.33828125 0.71015625 0.05546875 0.034375
276 0.61796875 0.6609375 0.05234375 0.0328125