10 0.2973439732113435 0.4178772722059404 0.07121252678536116 0.054427514828747546
11 0.5043206761334428 0.4063163952101835 0.07352900324641087 0.052960515323039206
259 0.7121059025944925 0.3962861847163294 0.07352900324641087 0.052960515323039206
110 0.3110167353862081 0.48455543623638525 0.06799206939903506 0.04883143083635879
111 0.5070559383083074 0.4734402282139891 0.06799206939903506 0.04883143083635879
113 0.7046576412304068 0.4622613531953986 0.06799206939903506 0.04883143083635879
72 0.3222366534052714 0.5450791007611218 0.0671562723211343 0.045674597338261694
85 0.5096821063273707 0.5343140612177948 0.06478524878218402 0.04401659684397004
99 0.69869005924947 0.5234853546782734 0.06478524878218402 0.04401659684397004
9 0.33178497726853323 0.5994164322820525 0.0623733149348082 0.040014846349678376
35 0.5114179301906325 0.5889697277196975 0.06240058847375849 0.04157734634967838
53 0.694189519882207 0.5791769391649538 0.06240058847375849 0.04157734634967838
178 0.3404702305149442 0.6490980973010807 0.062346041395857824 0.03845234634967838
177 0.5146617069759938 0.640436727225406 0.06234604139585791 0.03845234634967838
152 0.6888259098980931 0.6302128571497313 0.06234604139585791 0.03845234634967838
275 0.6849566160666033 0.6772788581383145 0.05606876785690744 0.036635178364900864
264 0.35067707345292953 0.6963723453239142 0.05606876785690744 0.036635178364900864
276 0.6295054569759938 0.6357572030051182 0.052916494317957155 0.03494534437251211