10 0.16451019953125973 0.3739345576312075 0.08089905575957416 0.054461403408566686
11 0.36618414089674756 0.3212657049539895 0.0836892159112951 0.059971063716992214
259 0.5871182652927736 0.2620195698093674 0.08804187606301603 0.06550799756436802
113 0.6132346130169605 0.3434780754914103 0.0852517159112951 0.0599983372559425
99 0.6354287352869546 0.4156434017903042 0.08077151000193972 0.05289890340856669
53 0.6611304948298523 0.4830666810112973 0.0734213956078534 0.04886992248329029
152 0.6817461416456536 0.5458979176186167 0.0734213956078534 0.04886992248329012
275 0.7004644486131758 0.6033013145343616 0.0715400312137671 0.04493639894433983
264 0.3424289369442462 0.6696213843371386 0.06503493969849794 0.041702304788538314
178 0.31141792406736857 0.6194537889635211 0.0617823939408634 0.040085257710637735
9 0.28078954846339454 0.5645986935899038 0.06672498545613248 0.043292078327488784
72 0.245011287253507 0.5059328056026127 0.07010507697140156 0.046471625405389363
110 0.20649066331652294 0.4426339646932222 0.0751752142443051 0.051240946022240406
111 0.40068694453028986 0.39555659294128065 0.07608401000193972 0.05281708279171564
85 0.4333561811943703 0.46363839123699735 0.07361271424430527 0.0512136724832903
35 0.46100307801017165 0.5263468969190402 0.070232622729036 0.04803412540538936
177 0.48825136209887654 0.5843815393705583 0.07075878121376693 0.04492276217486459