10 0.19311717828227232 0.39100133045771684 0.07687157220870704 0.058478771539425004
11 0.3910597745932803 0.35560405188092636 0.07924713846548563 0.06411141250491763
259 0.6077887323406067 0.31526790102807667 0.08318520472226432 0.06985331411407199
113 0.6401239884889268 0.3995936245449731 0.08080963846548564 0.06422067314857927
99 0.6678262867917246 0.4742165661308843 0.07686248184962743 0.05691627153942509
53 0.6986808561717612 0.5443705290041191 0.06980850595192827 0.052518348642947285
152 0.7240939466290367 0.6094545796245378 0.06980850595192827 0.052518348642947285
275 0.7471951033430908 0.6689059892794637 0.06822328005422947 0.048502837999285474
264 0.3937201245185255 0.7043693338119116 0.06195509933607006 0.04494079542463858
178 0.3588593111886131 0.6511297193295226 0.058821008976990455 0.043159774137314956
9 0.3240257689359395 0.5932026048471335 0.06352668969514977 0.04661255606830021
72 0.283746202580965 0.5309868281119284 0.06666987041330899 0.049956077355623664
110 0.2403689073032293 0.4638650300893998 0.07138464149054773 0.05497135928660892
111 0.4312484373574586 0.43344482861613154 0.07217498184962742 0.05658848960843983
85 0.46912971155795546 0.504871714385844 0.06982214149054773 0.05486209864294729
35 0.501574052015231 0.5704474379027404 0.06667896077238851 0.051518577355623665
177 0.5332644135497453 0.631281031097806 0.06744203005422929 0.04844820767745457