10 0.33046875 0.17578125 0.08203125 0.0671875
11 0.55859375 0.1734375 0.08203125 0.0671875
259 0.803125 0.17109375 0.09140625 0.0703125
113 0.79609375 0.2671875 0.09140625 0.0703125
111 0.553125 0.265625 0.08515625 0.0640625
110 0.33046875 0.2640625 0.08046875 0.0625
72 0.33125 0.35078125 0.08046875 0.0625
85 0.55078125 0.3546875 0.08046875 0.0625
99 0.78671875 0.36015625 0.0890625 0.0640625
9 0.33125 0.43515625 0.07578125 0.0578125
35 0.5453125 0.4421875 0.078125 0.059375
53 0.778125 0.44921875 0.08046875 0.0625
178 0.33125 0.5125 0.07578125 0.0546875
177 0.540625 0.52421875 0.07890625 0.05625
152 0.76953125 0.5359375 0.084375 0.059375
275 0.7625 0.6171875 0.08203125 0.0578125
264 0.33125 0.590625 0.07109375 0.05859375
276 0.6890625 0.53359375 0.07109375 0.0546875