10 0.34070684193808304 0.1680895044653122 0.0859444762518895 0.06909679853697925
11 0.5686953340455754 0.16043608615295094 0.08594447625188942 0.06909679853697925
259 0.8130900761530675 0.15240080813319376 0.09550148677523325 0.07244000408406256
113 0.8116556497458861 0.24865821229350624 0.09550148677523325 0.07244000408406262
111 0.5685958944842143 0.25275087272208285 0.08888746572854575 0.06604453371934031
110 0.3458486392225425 0.2563707544653122 0.08410896046687402 0.06437293094579868
72 0.3516806812453301 0.3430713206697219 0.08410896046687402 0.06437293094579868
85 0.5714394443995097 0.3418679241088537 0.08410896046687384 0.06437293094579868
99 0.8076954628153612 0.3418451678405896 0.09279371572854593 0.06613545269729179
9 0.35659496537561 0.42744632066972194 0.07914844468185844 0.05957632817225704
35 0.5710669890531334 0.42949521067798563 0.08158319994353036 0.06119337955902786
53 0.8042890127306567 0.43110768959208273 0.08410896046687384 0.06437293094579868
178 0.36109972582836647 0.5047900706697219 0.07896643415851479 0.056451328172257044
177 0.5711572652909054 0.5116355634515273 0.08218243942018652 0.05808656335461819
152 0.8007460547534443 0.5180264613435757 0.08783319994353037 0.06133884992375016
275 0.7984470783603804 0.5994401155038883 0.08539844468185827 0.05972179853697916
264 0.365649988911959 0.582915070669722 0.07450644731269432 0.06024847539871523
276 0.7201407968609365 0.5175556422893745 0.07427893415851479 0.056342225398715404