259 0.4445261304120492 0.658613852732074 0.03261313145888885 0.025932014185764983
259 0.6914004772016671 0.6178140418323791 0.027852896276527872 0.022670621865896835
72 0.404937606760695 0.7043271695042638 0.030251197663298514 0.02508256802583091
53 0.48598823821958403 0.7269857680131956 0.030251197663298514 0.02508256802583091
35 0.4073911127446187 0.7425629553976411 0.03025119766329869 0.02508256802583091
280 0.41062586872854234 0.7807760092377071 0.030251197663298514 0.02508256802583091
9 0.4876059428167368 0.7629005359598843 0.029433580072118205 0.023497335972519552
264 0.48926001500507016 0.8003778039065729 0.027889263867708357 0.024233121865896833
275 0.41229812471246596 0.8190345271843956 0.028706881458888844 0.02581835391920819
342 0.6626410039871533 0.6921380919115213 0.02549096248093754 0.021821175705962936
342 0.6642041571975353 0.72570910985821 0.024727896276527873 0.0225796936526514
264 0.6649860604079173 0.75930285985821 0.02312902868534721 0.02097172954602904
275 0.7256326196784728 0.7450297596999255 0.02312902868534721 0.020971729546028862
342 0.7256501502636812 0.7121945276466141 0.02312902868534721 0.020971729546028862
342 0.7241051808488894 0.6794047596999254 0.02312902868534721 0.020971729546028862
342 0.7225602114340978 0.6466149917532368 0.02312902868534721 0.020971729546028862