259 0.415625 0.1234375 0.08671875 0.0703125
113 0.27578125 0.2265625 0.078125 0.05625
10 0.42578125 0.22734375 0.07890625 0.059375
11 0.58046875 0.2296875 0.0765625 0.0609375
99 0.29375 0.315625 0.07890625 0.053125
110 0.434375 0.31875 0.0734375 0.05390625
111 0.57578125 0.31953125 0.07109375 0.053125
53 0.3125 0.39453125 0.0671875 0.04609375
72 0.44140625 0.396875 0.06875 0.046875
85 0.57265625 0.4 0.06640625 0.04921875
152 0.3265625 0.46171875 0.0703125 0.0421875
9 0.4484375 0.46484375 0.06328125 0.040625
35 0.57109375 0.46796875 0.06484375 0.040625
264 0.340625 0.52265625 0.06171875 0.0375
275 0.56796875 0.52734375 0.059375 0.03515625