259 0.4062714655571211 0.0895103284692136 0.09204671265733602 0.0773912895487167
113 0.25861337032636156 0.20405067377750452 0.08238737012586891 0.0626272878817268
10 0.40855417074128 0.19258753104458912 0.0834054184661948 0.06581606076054403
11 0.5630640719860354 0.18230425103877013 0.08118006763635784 0.06718724212409222
99 0.26983336762706917 0.29164639756470734 0.08293182178554286 0.05956606076054403
110 0.41022156928674314 0.28329227937759915 0.07752227137062437 0.059900900608823096
111 0.5515686197016616 0.27253063831167373 0.07511932178554286 0.05892833197237133
53 0.28260420953383647 0.3690220984730929 0.07068027551980922 0.05157821757828503
72 0.41133286077859194 0.36084332346824377 0.07230197510489074 0.05248701333591956
85 0.5423460624382659 0.3532544798269428 0.07013582386013528 0.05463944469946771
152 0.2915755452168264 0.4350616866543821 0.07350927759440165 0.04792705909355401
9 0.41321374687650037 0.4282381175588883 0.06635962842423862 0.04579060318419863
35 0.5356331985361743 0.42135077558457734 0.06792212842423861 0.045918148941833256
264 0.30102047758046846 0.49485127483567126 0.06456033008391256 0.04253805742656418
275 0.5280090300699795 0.48098086709984644 0.06203898132866801 0.040002988790112326