266 0.196875 0.10078125 0.08203125 0.0625
266 0.48515625 0.11015625 0.065625 0.05625
259 0.4859375 0.1953125 0.06796875 0.059375
287 0.20859375 0.19375 0.07265625 0.05703125
10 0.2171875 0.28203125 0.07734375 0.059375
11 0.48671875 0.275 0.06875 0.05546875
111 0.22734375 0.3640625 0.078125 0.0578125
113 0.4890625 0.35 0.06484375 0.0515625
110 0.48984375 0.42109375 0.06015625 0.04765625
85 0.4890625 0.48984375 0.05859375 0.046875
53 0.48984375 0.54921875 0.05625 0.04296875
9 0.49140625 0.609375 0.05546875 0.04140625
177 0.49140625 0.665625 0.05390625 0.0390625
264 0.4921875 0.7203125 0.05390625 0.040625
99 0.23671875 0.44140625 0.071875 0.05078125
72 0.24453125 0.5140625 0.06953125 0.04921875
35 0.25234375 0.58203125 0.06953125 0.046875
152 0.26015625 0.6453125 0.065625 0.04375
260 0.26640625 0.70625 0.065625 0.04375
275 0.2734375 0.76484375 0.06328125 0.0421875
276 0.19921875 0.6546875 0.06171875 0.04453125
287 0.48515625 0.0265625 0.06796875 0.05234375
273 0.3875 0.840625 0.1859375 0.15390625