266 0.20098152125453822 0.09505277256554218 0.08457792984777565 0.06488686559769075
266 0.48964477323170463 0.09603964489365752 0.06791701186299796 0.05815949247815262
259 0.49389587452429895 0.18117316284034618 0.0703880958553869 0.06135268863808667
287 0.21648845752810458 0.18768054176587207 0.07498009536109525 0.05914533095795469
10 0.22867939281308763 0.27571173917944736 0.0797630958553869 0.06162547327782271
11 0.49792414133021284 0.2608379307870348 0.07101017836490087 0.05746917069139794
111 0.2421781601132932 0.3574474724863999 0.08048067885919252 0.06008570533113407
113 0.5033239071475437 0.3357697346271008 0.066944760874415 0.05344926042484133
110 0.5070020054743886 0.4068407525737895 0.0620980933839288 0.049406618104973175
85 0.5090221033069418 0.47561348462710085 0.0605037598858317 0.04857990399835046
53 0.5122226991623287 0.5349657525737894 0.05800084239534584 0.04460545783841656
9 0.5162363785158126 0.5950765384671668 0.057155925399151285 0.043020225785105025
177 0.5185283903788107 0.6513265384671667 0.05549792490485981 0.04063101167848267
264 0.5215379852456146 0.7059913064138554 0.05556159190105418 0.04219351167848249
99 0.25470467642491557 0.43451843784666383 0.07394417737631773 0.052872598904643374
72 0.26547769174795477 0.5069473673135504 0.07153676038012335 0.0512419027447093
35 0.2760597060824108 0.574688796780437 0.07144125988583169 0.0488981527447093
152 0.28645071942828365 0.6377427262473235 0.06740767589344294 0.04565949247815269
260 0.29518373227986494 0.6984983698208328 0.06740767589344294 0.04565949247815269
275 0.30460249463715466 0.7568875313410308 0.06500025889724856 0.04402879631821861
276 0.22589522140545001 0.6488908264056081 0.06353325939154023 0.04632708221159589
287 0.4862385889353047 0.019803307106350414 0.07010159437251211 0.03960661421270083
273 0.4217528439525826 0.8293499015575752 0.19220869912514757 0.15931647868809903