263 0.2609614273391367 0.338130553952222 0.03773476334587293 0.06409952080156253
273 0.6342145380232711 0.19987848622920085 0.09333084733826169 0.06851557028847229
275 0.6060975138029834 0.31526775009690916 0.0461693458553869 0.06039329255305557
264 0.6561293473010805 0.3133227371791314 0.03763926285158128 0.06175577080156254
43 0.2618461536131405 0.45050326738309004 0.03773476334587285 0.06409952080156245
44 0.3095660706093349 0.447831555852083 0.03773476334587285 0.06409952080156245
46 0.35809907110362643 0.4443604105254858 0.039360930342067314 0.06569838839274311
47 0.4074133215979181 0.4408710814032982 0.037017180342067135 0.06564383700597229
25 0.26057813087572745 0.5582430322007289 0.03773476334587285 0.06409952080156245
26 0.30907929787192184 0.5555531368741317 0.036953513345872845 0.0640813370059723
28 0.3568310483662135 0.5521001753431246 0.036953513345872845 0.06408133700597211
36 0.40455096536240787 0.5494284638121177 0.0367943458553869 0.060175087005972114
37 0.45223904886050503 0.5475380022811107 0.03763926285158128 0.06175577080156245
38 0.500835716350991 0.5425043569545134 0.03920176285158128 0.06179213839274311
39 0.549273216350991 0.5413769616279163 0.03591759536109542 0.05781315321038196
41 0.5985556333471854 0.5386688825057286 0.03763926285158128 0.06175577080156245
42 0.647088633841477 0.5351977371791314 0.03920176285158128 0.06179213839274311
111 0.25934194163641167 0.6652015470183679 0.036953513345872845 0.0640813370059723
113 0.30712552562880047 0.6609673354873609 0.03773476334587285 0.06409952080156245
10 0.35481360912689763 0.6590768739563538 0.03763926285158128 0.06175577080156245
11 0.40175227612309206 0.6564233462209371 0.0360130958553869 0.06015690321038214
16 0.4502852766173836 0.6529522008943399 0.036698845361095245 0.057831337005972296
20 0.4971921101154808 0.6510799231589232 0.0367943458553869 0.060175087005972294
22 0.5456932771116751 0.6483900278323259 0.036076762851581276 0.06171940321038196
23 0.5941944441078696 0.6457001325057286 0.03920176285158128 0.06179213839274311
24 0.6426637776059667 0.6437914871791314 0.03773476334587293 0.06409952080156245
120 0.2582330863894846 0.7690350618360068 0.0344505958553869 0.06012053561920148
9 0.3059211698875818 0.7671446003049998 0.03763926285158128 0.06175577080156245
186 0.3537365873780678 0.7621291387739928 0.03685801285158128 0.061737587005972296
35 0.40061158737806785 0.761038111038576 0.03685801285158128 0.061737587005972296
53 0.4475820878723594 0.7576033333031593 0.03929726334587293 0.06413588839274312
72 0.4952701713704566 0.7557128717721524 0.039360930342067314 0.06569838839274311
85 0.5429264213704565 0.7546036602411453 0.03779843034206731 0.06566202080156244
99 0.5898650883666511 0.7519501325057286 0.03929726334587293 0.06413588839274312
110 0.6383344218647482 0.7500414871791314 0.039983012851581276 0.06181032218833345
131 0.45883253604610486 0.2133266564414232 0.03617226334587294 0.06406315321038196