263 0.275 0.34613115319801274 0.03515625 0.06348578307929138
273 0.64296875 0.21858443276126271 0.090625 0.06693349082661779
275 0.61953125 0.3332918273750684 0.04375 0.05962953005422929
264 0.66953125 0.3328014688656162 0.03515625 0.06114203307929138
43 0.28046875 0.45866296945479135 0.03515625 0.06348578307929138
44 0.328125 0.4573777254067197 0.03515625 0.06348578307929138
46 0.3765625 0.45531577653818794 0.03671875 0.0650573734383709
47 0.42578125 0.4532583728491958 0.034375 0.06504373789975162
25 0.28359375 0.5664936501729506 0.03515625 0.06348578307929138
26 0.33203125 0.5652129513044187 0.034375 0.06348123789975162
28 0.3796875 0.5631464572563472 0.034375 0.06348123789975162
36 0.42734375 0.5618612132082754 0.034375 0.059574987899751616
37 0.475 0.5613572191602038 0.03515625 0.06114203307929138
38 0.5234375 0.5577327702916719 0.03671875 0.061151123438370904
39 0.571875 0.5580145714231401 0.03359375 0.05722669272021186
41 0.62109375 0.5567384177341481 0.03515625 0.06114203307929138
42 0.66953125 0.5546764688656162 0.03671875 0.06115112343837108
111 0.28671875 0.6735430808911099 0.034375 0.06348123789975162
113 0.334375 0.6706953368430382 0.03515625 0.06348578307929138
10 0.38203125 0.6701913427949665 0.03515625 0.06114203307929138
11 0.42890625 0.6689015535673551 0.03359375 0.05957044272021186
16 0.47734375 0.6668396046988232 0.034375 0.05723123789975162
20 0.52421875 0.6663310654712118 0.034375 0.059574987899751616
22 0.57265625 0.6650503666026799 0.03359375 0.06113294272021186
23 0.62109375 0.663769667734148 0.03671875 0.061151123438370904
24 0.66953125 0.6632702188656162 0.03515625 0.06348578307929138
120 0.28984375 0.7774675116092691 0.03203125 0.05956135236113198
9 0.3375 0.7769635175611974 0.03515625 0.06114203307929138
186 0.38515625 0.7733345235131258 0.034375 0.06113748789975162
35 0.43203125 0.7736072342855144 0.034375 0.06113748789975162
53 0.47890625 0.7715361950579028 0.03671875 0.0634948734383709
72 0.5265625 0.7710322010098312 0.03671875 0.06505737343837108
85 0.57421875 0.7713094569617596 0.03515625 0.06504828307929138
99 0.62109375 0.7700196677341481 0.03671875 0.0634948734383709
110 0.66953125 0.7695202188656162 0.0375 0.061155668617910844
131 0.46796875 0.22694131254434552 0.03359375 0.06347669272021177