335 0.3921875 0.1921875 0.065625 0.0734375
287 0.46953125 0.18125 0.071875 0.0765625
266 0.56015625 0.1703125 0.08359375 0.08359375
275 0.56171875 0.26875 0.08046875 0.0796875
264 0.39921875 0.278125 0.06796875 0.0703125
10 0.5609375 0.3640625 0.0828125 0.0765625
113 0.4765625 0.3609375 0.06875 0.071875
111 0.403125 0.3609375 0.06328125 0.0671875
85 0.40546875 0.43984375 0.0625 0.065625
99 0.4796875 0.44609375 0.0671875 0.0671875
110 0.5625 0.453125 0.0796875 0.0734375
35 0.4109375 0.5140625 0.0609375 0.0625
53 0.4828125 0.525 0.0671875 0.06640625
72 0.56484375 0.5375 0.075 0.0703125
9 0.56484375 0.6203125 0.075 0.0703125
152 0.41484375 0.58515625 0.05703125 0.0609375
276 0.35625 0.5765625 0.0515625 0.053125