335 0.38547616461330475 0.2264994602265733 0.06818949400955017 0.07917894354388881
287 0.46320186052962076 0.22232866154615652 0.07454862141421188 0.08285074769092579
266 0.5542088064459367 0.21931982167819336 0.08651290807470069 0.09090725546662029
275 0.5523337931990928 0.31789402271495265 0.08325149881887377 0.08672760339310166
264 0.3895064109851077 0.3130521148919899 0.07042411660488854 0.0762589950990277
10 0.5482241573569105 0.413138172196573 0.08548612141421189 0.08380765494824054
113 0.4639582847615723 0.40263131621157316 0.0712599303072194 0.07788984561740726
111 0.3905207847615723 0.39620636748388816 0.06562748920022674 0.07272389198874993
85 0.39010906779386406 0.475317669039027 0.06479167549789588 0.07109304147037018
99 0.4641095629845406 0.4880609682850917 0.06953373920022692 0.07306564458064813
110 0.5466765263240518 0.5023373732333323 0.08225199400955034 0.08040925287472209
35 0.3929860419331484 0.5500148726676845 0.06312004809323427 0.06783134043361087
53 0.4644790960168324 0.5672406203586101 0.06950645734906154 0.07228439458064813
72 0.5460738363981855 0.5869174247884711 0.07745536660488846 0.07687414976444415
9 0.5431819601746503 0.6697299247884712 0.07745536660488846 0.07687414976444415
152 0.3944096434770945 0.6214503752595826 0.059159234390903405 0.06592708784171286
276 0.3361159938399142 0.6077303363811104 0.05341766587924912 0.05763613421305536