259 0.3147960345632301 0.22559074066780446 0.08052709980971962 0.07947504017804183
72 0.2093843398867068 0.3601487471606262 0.08990209980971961 0.07963868141174384
35 0.2214466466930583 0.4856299882321725 0.08424234882113639 0.07485572402541756
280 0.2292352889746733 0.6010367999205697 0.08099001482874764 0.07167617694751698
275 0.2372149322448715 0.711756111608967 0.08099001482874764 0.07167617694751698
53 0.4048467371112377 0.44885887094445787 0.06576426285158128 0.06204207832748878
9 0.40786696635099096 0.5471736400191813 0.05941876235728962 0.059589234171687266
264 0.4111100300774247 0.6400196590939048 0.05941876235728962 0.05958923417168745
259 0.739749613612703 0.2384712013038368 0.0401912598858317 0.04754320170428335
342 0.7671623477953722 0.31293936729430516 0.02906275889724874 0.04266478693163096
342 0.7620809169590134 0.3801677776027307 0.030593425399151285 0.04191081047058134
342 0.758657486616946 0.44502516437220585 0.030593425399151285 0.04191081047058134
275 0.7530176402672677 0.5067984614501067 0.030593425399151285 0.04191081047058134
264 0.680841551331963 0.534601907472347 0.03140650889724857 0.04270569724005639
342 0.6852053991645162 0.46582463393339674 0.03690709239534584 0.0435824046263825
342 0.6866034144875555 0.393195657472347 0.03693892589344294 0.04436365462638268
272 0.28002587886138003 0.9639538112846555 0.0557844263877346 0.047034687093786685