259 0.3282552337646503 0.24824158468942353 0.07870742694751698 0.08217841417892266
72 0.2305734845754292 0.3758133067611194 0.08808242694751697 0.0826697371097012
35 0.2499565044609316 0.5024953154675467 0.08253185633066602 0.07769563206674697
280 0.26447474634325674 0.6187754127085847 0.07935230925276535 0.07440685775648763
275 0.2789111676087309 0.7303680099496226 0.07935230925276535 0.07440685775648745
53 0.43140137337349926 0.4784414190401627 0.06434491801906325 0.06425392978275504
9 0.44015085632737067 0.5772474112382466 0.058054007710637734 0.061582631162236015
264 0.4488048818949159 0.6705846534363304 0.058054007710637734 0.061582631162236015
259 0.7543910397710046 0.2908683344622809 0.03909945616851011 0.048881235300678935
342 0.7861689196406211 0.36746513398731107 0.028080135551659068 0.043620525214770646
342 0.7849979318154856 0.43452980325461643 0.029628998782184012 0.0429211623699004
342 0.7853485336819247 0.49933260967705156 0.029628998782184012 0.0429211623699004
275 0.7833008384704632 0.5608875853667921 0.029628998782184012 0.0429211623699004
264 0.712670738632619 0.5837242198083883 0.03042388555165907 0.04374335594746519
342 0.713033202918804 0.5150561069635181 0.03590627232113448 0.044811210990419424
342 0.7102024833576133 0.44231796980838833 0.035919909090609534 0.04559246099041943
272 0.3364544809186859 0.980908872399023 0.05471081939903506 0.03818225520195391