259 0.4132376970946178 0.33418447007500085 0.08355868882958344 0.07280180442986098
85 0.24466757541937462 0.44171188048986154 0.09202515226045146 0.06808491013203692
72 0.2498804458603468 0.5192217258244449 0.08492116707809032 0.06434475546662029
53 0.25291322046163145 0.5899053727141672 0.08092399810013892 0.06009675287472209
35 0.2583988478364578 0.6556964680487505 0.07699956430454868 0.0589737502828239
9 0.2631941441892355 0.7176496639017135 0.07538251291777787 0.05649329924606476
99 0.5382493487863883 0.657721131950464 0.06591659393982638 0.05176684302550925
110 0.5443006334556592 0.5987172788401862 0.06989557912218754 0.05523359561740726
111 0.5496615871028815 0.5358755262482882 0.06995013050895835 0.05757734561740726
113 0.5559310773192356 0.46749667313801035 0.07233024810013902 0.05934489717254614
10 0.5638903541047219 0.3935123689909733 0.07709048328249998 0.06288000028282399
272 0.3279612397445826 0.9162539677659266 0.046112587005972296 0.03833933006601846