259 0.5974360848217708 0.07170650293466069 0.07957970364722229 0.06750647748246605
113 0.44103865482590265 0.1886005135751188 0.07318423328249998 0.060855959283868756
10 0.5795744779641665 0.16880154843115389 0.08106946846486114 0.06448160703211539
11 0.7353523524892013 0.14555740824104646 0.0866655050339931 0.07030081045588803
99 0.4224503493550692 0.28340187384643667 0.0747103656913195 0.059393588833518064
110 0.5600594521286109 0.26990297347729647 0.07950696846486113 0.06438147748246603
111 0.7172543562889233 0.2528087037375396 0.09287913744281262 0.06913882865448535
53 0.4022631762930552 0.3798658636674039 0.07550979948690983 0.06022490360834274
72 0.540526242497465 0.371785648523439 0.08106946846486132 0.06448160703211539
85 0.6982841911106941 0.3640163140088576 0.08822800503399311 0.07040094000553729
152 0.38274815045749955 0.48096728871354644 0.07560071846486113 0.06413115360834283
9 0.520920297683958 0.4767933235695815 0.08192345364722228 0.06765667180694006
35 0.6808583421368746 0.47590504473052614 0.08746493882958344 0.07113212523071262
264 0.35772800703076335 0.5839816671834616 0.07492857123840277 0.06876858883351815
275 0.6616699714115619 0.596487655001844 0.08846439437666671 0.0805571900055373