259 0.6 0.11015625 0.078125 0.0625
113 0.44609375 0.2171875 0.071875 0.05625
10 0.584375 0.20625 0.0796875 0.059375
11 0.73984375 0.19296875 0.08515625 0.06484375
99 0.4296875 0.3109375 0.0734375 0.0546875
110 0.5671875 0.30625 0.078125 0.059375
111 0.72421875 0.29921875 0.09140625 0.06328125
53 0.41171875 0.40625 0.07421875 0.05546875
72 0.55 0.40703125 0.0796875 0.059375
85 0.7078125 0.409375 0.08671875 0.06484375
152 0.39453125 0.50625 0.07421875 0.059375
9 0.5328125 0.5109375 0.08046875 0.0625
35 0.69296875 0.5203125 0.0859375 0.065625
264 0.371875 0.6078125 0.0734375 0.0640625
275 0.6765625 0.63984375 0.08671875 0.075