10 0.515625 0.16875 0.03828125 0.071875
111 0.45703125 0.2984375 0.040625 0.0703125
113 0.571875 0.2984375 0.0375 0.06796875
99 0.45859375 0.3890625 0.03984375 0.06875
110 0.57109375 0.38671875 0.040625 0.07265625
72 0.45703125 0.47890625 0.040625 0.0703125
85 0.5703125 0.47265625 0.040625 0.06796875
35 0.4578125 0.5671875 0.040625 0.07421875
53 0.56953125 0.55703125 0.03984375 0.07265625
152 0.4578125 0.65546875 0.040625 0.06875
186 0.56875 0.64609375 0.040625 0.06484375
275 0.5125 0.775 0.0359375 0.0625