273 0.5275350004622184 0.35629511495099875 0.31814590940862697 0.19092653361768636
9 0.41645143329431733 0.5412719209649947 0.0717673514119257 0.05532796265733601
35 0.510178701241006 0.5491571211747761 0.0732616552519918 0.05310261182749905
53 0.6047099512410059 0.556320270969639 0.07406563730530316 0.05394306141258056
72 0.41619536902941007 0.6038903201351576 0.07167642319868044 0.05220296265733602
85 0.5068203690294101 0.6107574720046131 0.07089517319868044 0.052143763072254504
99 0.5990078690294101 0.6177430230442316 0.07243494114536908 0.051480912242417534
110 0.41529444708437085 0.6617620197202392 0.07082697703874637 0.0498000130722545
111 0.5059194470843709 0.6686291715896946 0.07238947703874636 0.04991841224241753
113 0.5949592150310595 0.676159174288987 0.07395197703874637 0.05003681141258056
168 0.4152202392459543 0.7181304188904022 0.0676110488255011 0.04643821473192844
8 0.5019389892459543 0.72470157283445 0.0691280847188784 0.04499411390209147
0 0.5894162571926429 0.7321131763635794 0.06997753087881228 0.047397063487172986
131 0.49837606855455635 0.793333173664287 0.06673887061225567 0.04325401514684692
273 0.4946767555432904 0.866652274494124 0.3009691181049732 0.08282969108621926