334 0.6765625 0.3734375 0.09765625 0.0734375
117 0.54375 0.3578125 0.04921875 0.03828125
10 0.54296875 0.45703125 0.0484375 0.03515625
111 0.5421875 0.52109375 0.04765625 0.03671875
113 0.67265625 0.52421875 0.05 0.03828125
99 0.54296875 0.58203125 0.04609375 0.03671875
110 0.67109375 0.58671875 0.04609375 0.03671875
72 0.54296875 0.640625 0.04609375 0.0359375
85 0.66875 0.646875 0.04765625 0.03671875
152 0.54296875 0.6984375 0.04609375 0.0359375
53 0.6671875 0.70546875 0.046875 0.03515625
309 0.54296875 0.78203125 0.04296875 0.03359375
142 0.6625 0.7890625 0.04609375 0.03359375
272 0.540625 0.86875 0.06015625 0.0546875
272 0.66171875 0.878125 0.0625 0.053125