274 0.41346622967828284 0.390362075110741 0.05497276514684692 0.06882914558877821
274 0.5069794313379568 0.38122930213178174 0.05497276514684692 0.06882914558877821
272 0.6005518325827122 0.3728777791528225 0.05497276514684692 0.06882914558877831
272 0.5146394886013524 0.4615979225821324 0.05497276514684692 0.06882914558877821
272 0.605631341505782 0.4502715939276471 0.05497276514684692 0.06882914558877821
110 0.3788795873565971 0.4726529434016234 0.05581321473192844 0.06966046036360289
110 0.4225111881864341 0.4682868160114424 0.050533718881113465 0.06154757171465484
72 0.38991309835425925 0.5457399899778508 0.05696131763635792 0.06429183991325224
72 0.43276344918409626 0.5414239273624943 0.050533718881113285 0.06154757171465484
85 0.4771171004288517 0.5362264851974887 0.050533718881113285 0.06154757171465484
85 0.5207487012586887 0.5318603578073077 0.050533718881113285 0.06154757171465484
99 0.5666648525034441 0.5265627860926527 0.053954716806520864 0.06565408081395355
99 0.6085563545780366 0.519953038252121 0.047290319710950435 0.05978481261535649
9 0.3980108635011062 0.611164730878552 0.05696131763635801 0.06429183991325224
9 0.43947631308618773 0.609292547812845 0.05696131763635783 0.06429183991325224
35 0.4847296135011062 0.6056075408730147 0.05696131763635783 0.06429183991325224
35 0.5265619159906171 0.5982165430324831 0.05696131763635783 0.06429183991325224
53 0.5725964664055356 0.5944814713178281 0.05696131763635783 0.06429183991325224
53 0.6123218172353726 0.5903656678017704 0.04584621888111329 0.06124718306570696
275 0.4092336286479532 0.6763892126799548 0.05000092261537983 0.054516321714655015
260 0.4502846811374642 0.6690482796142477 0.04699432178554268 0.05587856261535631
260 0.45802724877382206 0.7297855205149492 0.04699432178554268 0.05587856261535631
259 0.4166801983589036 0.7332202035806562 0.05000092261537965 0.054516321714654835
288 0.578765801263333 0.7173379804171267 0.0482491684661948 0.062178627390180985
340 0.618846349603659 0.7179096769010691 0.05112571473192844 0.06936007171465483