11 0.33471485165502957 0.17310447082850045 0.05605093568763433 0.12355036465389255
11 0.40154715414454045 0.17427082315792114 0.10264251577154689 0.16334320499752558
16 0.5396983495804372 0.15847100350650298 0.06758043153844948 0.1319360747398008
16 0.6141538979207632 0.15145636363783974 0.10917685830301416 0.17769231004047975
113 0.32315927717019444 0.31533291440606537 0.06663323817714524 0.11943607473980081
113 0.38902107551052045 0.30876865389061575 0.09777741701630242 0.16075379353213642
10 0.5277875775851129 0.30538694708406783 0.06853928029369402 0.13432076831736578
10 0.5985853296597053 0.3055673315256641 0.10715241701630233 0.16124511646291487
110 0.31652800102568523 0.45419069651824096 0.05930599025173766 0.11516133254171698
110 0.3813717510256852 0.45079237958035623 0.09574132033565039 0.15442190637700665
111 0.5190610051748702 0.4513578663513732 0.06589953236828645 0.13029168758467105
111 0.590817606004707 0.44915355721540456 0.10025122158040567 0.15232381784239593
85 0.30929307363642067 0.5907456722079815 0.06182733900698221 0.11762791327441154
85 0.37329637405133914 0.5881695488476616 0.0933975703356503 0.15429907564431194
99 0.5083458802751164 0.5927641163513732 0.06915458693238978 0.12190265547249553
99 0.576918281519872 0.5915048315256641 0.09777741701630234 0.16075379353213642
309 0.36479494458748213 0.7209001616925319 0.09009497158040566 0.15179155133405242
309 0.5645814570350367 0.733774218680794 0.09574132033565022 0.15442190637700665
309 0.2922193597296847 0.8468728414752867 0.05851308485779736 0.12523569538658705
309 0.5570505317203646 0.8742354443705345 0.10216891909089476 0.1570932049975255
9 0.35316851512362507 0.8537945488476616 0.096866112452199 0.16926565637700647