72 0.629972047382225 0.3893024801458959 0.09616702267663584 0.0778767510334573
35 0.5731413393936791 0.47098481968297917 0.09690281934277234 0.07400688833701015
53 0.6817532707272245 0.4776051548768362 0.09613066000954511 0.0747517510334573
186 0.5718066534054513 0.5575944077723204 0.09456816000954511 0.07467897642635143
186 0.6788379034054512 0.5625794683590717 0.09454088800922697 0.07233522642635144
168 0.6243691267504508 0.6459334698068137 0.0945045253421359 0.06921022642635144
119 0.5690736467615866 0.7253448339510028 0.09138861600890866 0.06984592721213971
119 0.6745151247612684 0.7279133699306481 0.09137952534213589 0.06906467721213971
275 0.6207912354391769 0.8081787586819432 0.09138861600890866 0.06984592721213971
259 0.5459372334499946 0.8843366902373091 0.04279657467377227 0.05430866439185813
260 0.5873434834499947 0.8862652173256143 0.03967157467377227 0.0541631151776464
288 0.6490167801161311 0.8852335643062957 0.04278748400699968 0.053527414391858485
340 0.6927758707829037 0.8880525033052595 0.03968975600731781 0.055725615177646404