273 0.5219811173680317 0.3094248320734966 0.09245521514396486 0.13925395134468133
273 0.513189503396086 0.43441574140672384 0.0679675524363235 0.0616829346753633
272 0.4540567304171267 0.5275475760661787 0.036467228562200305 0.057413058004454245
272 0.5592751565430035 0.5326810660804963 0.036467228562200305 0.057413058004454245
272 0.5519156346437784 0.6475248160804963 0.036467228562200305 0.057413058004454245
272 0.4443534585179016 0.6423640540658606 0.036467228562200305 0.057413058004454245
272 0.4359623627445533 0.7611049633990878 0.036467228562200305 0.05741305800445442
309 0.5465994740956053 0.7670833380808144 0.03553578423772628 0.05506021733768165
273 0.8384584161037274 0.36079916478354007 0.07786178901808824 0.14298747867599956
273 0.8380300146548529 0.47728723078449453 0.05826188540974542 0.06859600600731781
272 0.798197954198965 0.5620434914464948 0.036467228562200124 0.057413058004454245
272 0.8776654087024717 0.5786048301240851 0.03646722856219995 0.057413058004454245
272 0.7966576357235124 0.6714821261139038 0.036467228562200305 0.057413058004454245
272 0.8764755436507918 0.6825747147914942 0.036467228562200305 0.057413058004454245
272 0.8773791047249887 0.7904781214592215 0.03646722856219995 0.05741305800445442
309 0.7964294933739368 0.7848451921148584 0.03553578423772628 0.05506021733768165