310 0.4376399772438223 0.6931187634964618 0.14445107602640786 0.20530557448483525
341 0.4403217239417755 0.46265001349646184 0.14916584802672617 0.20800452199532432
337 0.8053189205920035 0.611508368899691 0.13510334802672616 0.20693892946385706
53 0.6338091892902746 0.36549436142651376 0.16164766669318062 0.2073892153566284
53 0.8103353266231839 0.3819984676549355 0.14208005402608953 0.2027842257295907
20 0.8176318479869551 0.15813491516542455 0.13422210069222587 0.19828597987877555
20 0.6357005953214551 0.13574766184143228 0.16374596869031705 0.18647306411187298
266 0.4445932426400467 0.22995591266662485 0.14603175735995322 0.20698647365499817
129 0.26381376794241174 0.4445834072680402 0.15840448802513524 0.19699616701630235
242 0.26108656791059504 0.6789584072680401 0.15691471335931695 0.2031277678461393
228 0.6302461952578217 0.6044976618414323 0.15847721335931694 0.20324616701630233