273 0.32890625 0.05625 0.1265625 0.10546875
309 0.28125 0.5625 0.06953125 0.03828125
309 0.3828125 0.56015625 0.06640625 0.0375
260 0.27890625 0.76875 0.0640625 0.02734375
111 0.27890625 0.6234375 0.06328125 0.0390625
110 0.2796875 0.65546875 0.0625 0.03203125
99 0.2796875 0.68359375 0.06171875 0.0328125
85 0.2796875 0.7125 0.06328125 0.03203125
72 0.27890625 0.740625 0.06171875 0.0328125
22 0.38046875 0.6203125 0.06328125 0.0375
20 0.3796875 0.6515625 0.05859375 0.0328125
16 0.3796875 0.6796875 0.0578125 0.03046875
11 0.37890625 0.70625 0.059375 0.03046875
10 0.378125 0.734375 0.0578125 0.03046875
113 0.378125 0.7640625 0.059375 0.0328125
272 0.221875 0.96953125 0.03984375 0.03359375