273 0.3256300605798134 0.08309838198206969 0.1327053551628498 0.11579995636839735
309 0.24848810579813435 0.5854582363742165 0.07176087891096028 0.04395703621473679
309 0.3501871136906421 0.5914049606204612 0.0685903762801244 0.04292069469946789
260 0.23413166125745027 0.7915169177377646 0.06565509207925739 0.03257312606301603
111 0.24259515059293218 0.6462044177377646 0.06555638154179615 0.04422810318419863
110 0.24151079272865933 0.6782994406165818 0.06436560786427288 0.03713308030538158
99 0.23987269801856606 0.7064244406165818 0.06362986049510884 0.03785055742656418
85 0.23818910067763682 0.7353306906165817 0.06514685786427296 0.03719685318419863
72 0.23576975596754352 0.7633919177377646 0.06362986049510884 0.03785055742656418
22 0.34433966111627595 0.6513698919840094 0.06546537628012442 0.04266560318419863
20 0.34173830588283893 0.6825561191051921 0.060504860495108836 0.03759546591129492
16 0.3401002111727457 0.7106811191051922 0.05958710260260105 0.035187943032477874
11 0.3377718717243242 0.7371798462263748 0.06114960260260105 0.03531548879011233
10 0.3353525270142309 0.7652410733475575 0.05958710260260105 0.035187943032477874
113 0.3336234270424658 0.7949285733475575 0.061286110495108834 0.03765923879011233
272 0.16540623513261765 0.9846098320871318 0.04180036312594475 0.030780335825736315