99 0.5780832096609255 0.2438657130118837 0.04351484561740726 0.06896816861791084
84 0.5857289057967124 0.3134060533709634 0.03984304147037036 0.06269998789975162
85 0.6218325011312957 0.30658842680933435 0.038485593025509246 0.06503464754067192
53 0.5937457488222215 0.37826343890958275 0.039061791470370366 0.06269544272021185
83 0.6283551946751844 0.37221797198887413 0.039706340433610876 0.06113748789975162
48 0.5999950402925918 0.4407679840891226 0.03984304147037019 0.06269998789975162
49 0.6355224371823139 0.4362895623479538 0.039706340433610876 0.06113748789975162
9 0.6085880817629621 0.5032861648072818 0.04120048991523149 0.06036532825883114
186 0.6424846281343046 0.4980174027070333 0.03858333784171286 0.05722669272021186
275 0.5989485330825453 0.5805344660369458 0.038143840433610875 0.0611283975406721
259 0.6336263294538877 0.5752702491162373 0.03828054147037037 0.06269089754067192
264 0.6690853758252304 0.5700105773750684 0.03729423991523149 0.06034260236113216
272 0.6564171549017578 0.7643691105525556 0.03950128887847217 0.05879373789975162