99 0.55703125 0.240625 0.0375 0.06875
84 0.55859375 0.31015625 0.034375 0.0625
85 0.5953125 0.303125 0.0328125 0.06484375
53 0.5609375 0.375 0.03359375 0.0625
83 0.59609375 0.36875 0.034375 0.0609375
48 0.56171875 0.4375 0.034375 0.0625
49 0.59765625 0.4328125 0.034375 0.0609375
9 0.56484375 0.5 0.0359375 0.06015625
186 0.59921875 0.49453125 0.03359375 0.05703125
275 0.5484375 0.57734375 0.0328125 0.0609375
259 0.58359375 0.571875 0.0328125 0.0625
264 0.61953125 0.56640625 0.03203125 0.06015625
272 0.58984375 0.7609375 0.034375 0.05859375