263 0.5109375 0.059375 0.06328125 0.1109375
110 0.38125 0.2 0.05390625 0.0859375
260 0.43125 0.2015625 0.04453125 0.078125
111 0.540625 0.20546875 0.05546875 0.08046875
111 0.5921875 0.21015625 0.04375 0.07890625
85 0.38671875 0.32890625 0.0515625 0.075
85 0.434375 0.33359375 0.0421875 0.071875
99 0.53828125 0.33828125 0.0515625 0.0734375
99 0.5875 0.34140625 0.04296875 0.071875
53 0.390625 0.45234375 0.04921875 0.07109375
53 0.43671875 0.45234375 0.0390625 0.06796875
72 0.53671875 0.459375 0.0484375 0.06953125
72 0.5828125 0.46328125 0.03984375 0.06796875
9 0.3953125 0.56015625 0.04921875 0.065625
9 0.43828125 0.56328125 0.0390625 0.0625
35 0.53515625 0.5703125 0.05 0.06796875
35 0.57890625 0.5734375 0.0390625 0.0640625
275 0.3984375 0.659375 0.04609375 0.05859375
275 0.440625 0.665625 0.0359375 0.05546875
264 0.5328125 0.67421875 0.04609375 0.0625
316 0.57578125 0.6765625 0.0375 0.05859375
259 0.4015625 0.753125 0.04453125 0.0625
258 0.4421875 0.7578125 0.0375 0.05390625
288 0.53125 0.765625 0.04453125 0.05859375
262 0.571875 0.7703125 0.0359375 0.05703125