263 0.5088640793114274 0.06532029606936043 0.0671552728654909 0.11167384400859051
110 0.3742658461016505 0.20443624538508853 0.05690725362819702 0.0865647560073178
260 0.4242112823993196 0.20658054805854276 0.047259435116542826 0.07864316800604518
111 0.5334498731434925 0.21175949140672393 0.05827878067003915 0.08111418734086336
111 0.5848486820364999 0.2170469754137236 0.04650546696770839 0.0794153273392725
85 0.37523309065935484 0.3334061300524976 0.054181557711881115 0.07559998400699967
85 0.42272564955236225 0.33864816072563364 0.0446974303072194 0.07236589600572696
99 0.5264682084453697 0.34454471940640574 0.054126994009550164 0.07403748400699968
99 0.575577831040708 0.34824243141308725 0.045478680307219396 0.07237498667249972
53 0.37482880817521724 0.45688908338636125 0.051701398456053926 0.07166646200668154
53 0.4209225581752172 0.4574254327259519 0.041436021051392304 0.06842328333863605
72 0.5206770215147284 0.4656202880728603 0.05086558475372307 0.07009487133990895
72 0.5666343622589013 0.4700628874124509 0.0422172710513923 0.06843237400540883
9 0.37575141271438817 0.5647561273869975 0.05151042549789597 0.06619771200668154
9 0.41861103530972643 0.5683811140594972 0.04124504809323426 0.06295453333863606
35 0.5152404986492376 0.5765396067393148 0.0523735210513923 0.06855055267345414
35 0.5588813712445759 0.5801736840785873 0.04129961179556503 0.06451703333863605
275 0.3754116176163788 0.6640112400540884 0.04813988883740716 0.05913009933959064
275 0.4173808628070554 0.6707521360598154 0.03787451143274545 0.055886920671545326
264 0.5092682624442357 0.6804185847389966 0.04827629809323426 0.06303634933959064
316 0.5521551668907394 0.6832623214114963 0.039546138837406986 0.05903010200509069
259 0.3752627954765275 0.7577976027211794 0.04671379809323426 0.06301816800604527
258 0.41572410436953494 0.7629578173933609 0.03938244773041451 0.05434260200509069
288 0.5045137858578806 0.7718066534054512 0.04657738883740699 0.059111918006045094
262 0.5449750947508881 0.7769668680776327 0.03792907513507622 0.05744942067154533