53 0.4043516296505579 0.4580324458601039 0.10347606451569255 0.09892459730535208
72 0.6171041867226524 0.4461281321724382 0.09500859305173996 0.08427010145453692
9 0.40757298304138 0.5439107462750223 0.10720037799792799 0.09531434523075966
35 0.6136752797743924 0.5229390859067046 0.09032109305173996 0.08391490394404784
284 0.4104304633966729 0.6219765466899408 0.10282109305173996 0.08486209730535207
275 0.4169951406088126 0.7127791454451854 0.09802443114108125 0.08216314979486299
264 0.6055096770027427 0.6819113442050744 0.08229026923042237 0.07863540809323269
259 0.42012444871436444 0.7799666454451855 0.09735234305173997 0.08444770020978147
263 0.5181424176971179 0.7617037427505375 0.09021193114108109 0.08157115394404783
260 0.6063316224118476 0.7497024954498298 0.07887417080199892 0.07214860975290663
309 0.5157665884991168 0.8276955956549669 0.08846749462331652 0.0775465047738848