259 0.42858302342347193 0.3294540091310525 0.08704301042484133 0.07079845507956453
22 0.3693491127612039 0.48952813165921316 0.0779491552519918 0.05301002153942509
24 0.49756504097444926 0.47744375887895085 0.07558267319868044 0.05206488057393237
10 0.3733175472426554 0.5407082194063971 0.07395197703874637 0.04961186993027074
16 0.49606472545590086 0.5290062588789509 0.07229854882550094 0.046377609286608924
99 0.3773769099373523 0.5887633071535812 0.07073604882550102 0.046268348642947286
111 0.4946326060972863 0.5782250088789509 0.06995479882550111 0.046213718321116204
53 0.37996470084529455 0.6338026555444267 0.06756558471887839 0.04448732735562366
72 0.4926010931651626 0.6212483892007817 0.06756558471887839 0.04448732735562366
9 0.38264341996648216 0.6757170039352725 0.06591215650563295 0.04125306671196185
35 0.4913735622863502 0.6634358892007818 0.06437238855894431 0.041925056068300395
186 0.4917994596207832 0.70238912855712 0.06271896034569906 0.03869079542463858
275 0.392310273489979 0.7990070384641477 0.05789506802583091 0.03367551349365332
264 0.4885631478631584 0.7868187588789509 0.05787233597251955 0.03289426349365332
272 0.44301130397308003 0.9053937962578178 0.03255408722616089 0.02020859319506556