259 0.4222879530620999 0.36015625 0.08817639619489306 0.06484375
22 0.36032299235151416 0.51640625 0.07878212551672865 0.04765625
24 0.4885935415657259 0.51328125 0.07640198821317572 0.046875
10 0.36339018031702086 0.56796875 0.07473032630251701 0.04453125
16 0.4861919795312325 0.56484375 0.07302227708830529 0.04140625
99 0.36660291749673923 0.61640625 0.07145977708830528 0.04140625
111 0.48389957940739803 0.6140625 0.07067852708830528 0.04140625
53 0.3683987038906694 0.66171875 0.06826200248119943 0.03984375
72 0.4811170277119869 0.65703125 0.06826200248119925 0.03984375
9 0.3703400394988112 0.70390625 0.06655395326698761 0.03671875
35 0.47915211332012875 0.69921875 0.06502784057054072 0.0375
186 0.47889524814248235 0.73828125 0.06331979135632881 0.034375
275 0.37783570823389556 0.828125 0.05841396753501123 0.0296875
264 0.4741841693587661 0.82265625 0.05837758023145838 0.02890625
272 0.4266113484329326 0.93828125 0.032868157981717515 0.01796875