259 0.45322182295127267 0.3536648384132951 0.07869549892026591 0.023344223277822707
270 0.4169152806939819 0.43166180628084144 0.014032221622369967 0.012105194906292738
275 0.44416939312476805 0.458284142253361 0.0794767489202659 0.023366955331134066
264 0.44251725555555427 0.484065392253361 0.07962694324473993 0.025710705331134065
272 0.4334974992340328 0.7225284986798518 0.024007998920265904 0.02175297954602886
272 0.42642787400332016 0.8084205345732289 0.0206827398209672 0.01853705133278325
152 0.43171375617386315 0.6770796063599838 0.07851502621816167 0.03269649122451135
186 0.4331656346437784 0.6544233563599837 0.07934634099298635 0.033500473277822705
9 0.43393639266334283 0.6301818743066724 0.07914608189368781 0.030375473277822706
35 0.43626965068290724 0.6059858563599837 0.07909601711886313 0.029594223277822705
53 0.43699034392764713 0.5825256243066723 0.07738332279438911 0.02720500917119999
72 0.4386424814968609 0.5567443743066723 0.07811450801956443 0.02644649122451135
85 0.44014442474160076 0.5333068743066723 0.07655200801956444 0.02640102711788863