259 0.475 0.33984375 0.07734375 0.02109375
270 0.44375 0.41875 0.01328125 0.01171875
275 0.47265625 0.44453125 0.078125 0.02109375
264 0.47265625 0.4703125 0.078125 0.0234375
272 0.47890625 0.70859375 0.02265625 0.02109375
272 0.47734375 0.79453125 0.01953125 0.01796875
152 0.47421875 0.66328125 0.0765625 0.03046875
186 0.47421875 0.640625 0.07734375 0.03125
9 0.4734375 0.61640625 0.07734375 0.028125
35 0.47421875 0.5921875 0.07734375 0.02734375
53 0.4734375 0.56875 0.07578125 0.025
72 0.4734375 0.54296875 0.0765625 0.02421875
85 0.4734375 0.51953125 0.075 0.02421875