273 0.5192656563770066 0.08737027331673404 0.1651580105154496 0.06656585216474045
263 0.45583167740790576 0.21821120715815123 0.04958059814554918 0.036996005951928354
266 0.5972755489592032 0.23465433947531683 0.047114017412854634 0.034638620413308896
289 0.45388407507848516 0.28536689090137257 0.034122694482076096 0.02519089754067192
289 0.5997697851643934 0.29714979429577704 0.03330050090451113 0.024405102361132157
10 0.46229079658435407 0.3861663216195318 0.04629182383528967 0.03385282523376913
11 0.609534288782438 0.39405206537301585 0.0446883802577247 0.033062484874689435
111 0.46359766904016275 0.426005526439992 0.048717460990419424 0.03542896077238851
113 0.609978024083117 0.4323242250139362 0.044606493102595124 0.031499984874689343
99 0.4649045414959714 0.4658447312604522 0.047813380257724705 0.033080665592848744
110 0.6127655093837958 0.4706100201934761 0.044606493102595124 0.031499984874689524
72 0.46547110752934506 0.5064606409013725 0.0509383802577247 0.03309884631100797
85 0.6140314382620395 0.5096679750139362 0.04452460594746519 0.029937484874689346
35 0.46677797998515363 0.5462998457218328 0.04855368668015991 0.03230396077238851
260 0.6144342299851537 0.5471588846548567 0.04608710594746519 0.029946575233769222
152 0.46730360244096225 0.5861345053627531 0.0485946302577247 0.033085210772388504
9 0.6172626588633975 0.5862259298343965 0.04690929952503016 0.030732370413308986
309 0.4723020409301446 0.6666078005422931 0.0470321302577247 0.033076120413308985
275 0.6189313794647553 0.662774794295777 0.046209936680159915 0.03229032523376922
248 0.4736498569635181 0.7072282553627531 0.050279960990419426 0.03543805113146803
134 0.6209376147654343 0.701056044295777 0.04695024310259512 0.03151362041330898
191 0.5546242972617226 0.836566297419035 0.04793621099041943 0.03542441559284874
272 0.5523524683380503 0.882632776341796 0.04789526741285464 0.034643165592848746
266 0.6319337477366924 0.8065566105525557 0.03593085594746537 0.029887487899751618
343 0.46145415140016566 0.8172799662333375 0.0390149123699004 0.029124418617910663