110 0.5945092995102373 0.44608058798129696 0.03801424310014116 0.07700113049883121
85 0.5960366176914564 0.5335805879812969 0.03641083279171564 0.07453898132866818
53 0.5974821152558244 0.616393087981297 0.03399889894433983 0.07045513257342365
9 0.5981190892812421 0.6975838883962154 0.03323128571381488 0.07117718298834212
275 0.6355254062446452 0.8291541197248836 0.03484833279171564 0.0744205821585048
264 0.563940732543539 0.7956419574824659 0.03238185186643925 0.06721173340326062
259 0.49787935592033356 0.765669192335619 0.030778441558013726 0.06474958423309758
119 0.5282196465054125 0.671221375323961 0.03084662540538936 0.06865583423309758
35 0.5268559695578956 0.593096375323961 0.03084662540538936 0.06865583423309758
72 0.5246701323019531 0.5125684257388794 0.03240912540538936 0.06877423340326061
99 0.5232109979681099 0.42897467573887943 0.03319037540538936 0.06883343298834195
111 0.5209297033258411 0.34297797615379794 0.03084662540538936 0.0686558342330974
111 0.3017024163942102 0.29905834233097456 0.02441934740221221 0.05802598755244537
342 0.30694506980277686 0.3759168402563821 0.02285684740221221 0.05790758838228225
342 0.3113382893639677 0.4488098885967082 0.022048323863261922 0.05628588879720091
342 0.31573150892515844 0.5217029369370343 0.02280230032431154 0.05478258838228243
342 0.32002927110002305 0.5891272352773603 0.021980140015886107 0.05237963879720091
259 0.3492685320570717 0.6997929707552132 0.02517332386326192 0.05652268713752697
272 0.35083676054671625 0.7896367207552132 0.02664036647693573 0.051172336307690004
272 0.3556390831921622 0.8859672690955392 0.026667640015886108 0.052734836307690006
272 0.5059703197994816 0.871611539016271 0.032985823863261744 0.05711468298834177
272 0.5085243498312536 0.9720361229312131 0.02832559740221221 0.05592775413757387
272 0.6296084172016938 0.9371558738740685 0.0346437812495882 0.0627018321585048
272 0.56763629707131 0.9870579329941475 0.033149465096963836 0.02588413401170513
342 0.20423312702694724 0.347067944610704 0.022788663554836396 0.05400133838228234
342 0.21010702597128703 0.4153918921211931 0.024282979707460583 0.05021348755244546
342 0.21439115137667647 0.4820349404615191 0.021911956168510206 0.04847338879720091
342 0.22019686647364045 0.5464526379720083 0.022761390015886108 0.05243883838228243
275 0.20834747726853328 0.6274774950256224 0.021884682629559827 0.046910888797200914
272 0.21929070575817783 0.7180316400466007 0.025105140015886106 0.05261643713752697
272 0.22542370332254585 0.8011993375570897 0.02507786647693564 0.05105393713752697