110 0.5898362222834617 0.4083986814130872 0.03715054205628192 0.07464601133831791
85 0.5903452823919204 0.49589868141308724 0.03557440651766246 0.07228408000477256
53 0.5908270714231401 0.5787111814130872 0.03320793061996348 0.06835055800445441
9 0.5905185200952803 0.6599520907463144 0.032431225799503235 0.06912271733768165
275 0.6264247247193486 0.789267420751087 0.03401190651766228 0.0722658986712272
264 0.5551673482559155 0.7603151700747693 0.03162724990180408 0.06520737667090888
259 0.48939690251064166 0.7345515540658607 0.030051114363184795 0.06284544533736351
119 0.5208645502477054 0.6380492714035422 0.030073840260883777 0.06675169533736351
35 0.5204100322937245 0.5599242714035422 0.0300738402608836 0.06675169533736351
72 0.5191606288011241 0.4794464307367695 0.03163634026088378 0.06676987667090888
99 0.5186742945903646 0.3958526807367695 0.0324175902608836 0.06677896733768156
111 0.5173930748409856 0.30990609006999675 0.030073840260883777 0.06675169533736351
111 0.2984839935570923 0.2800169533736345 0.02376475292686626 0.0565227200031817
342 0.3028356711519936 0.35662490670749813 0.022202252926866173 0.05650453866963625
342 0.3063833728491958 0.429317519374589 0.02141191256778665 0.054932948002863566
342 0.309931074546398 0.5020101320416799 0.02218407220870695 0.05337953866963616
342 0.3134469599868216 0.5692339947087708 0.02138918667008758 0.051026698002863566
259 0.341422489942855 0.678145918045816 0.024536912567786652 0.054969310669954294
272 0.34194518558993303 0.767989668045816 0.026067596311007968 0.04951874200349984
272 0.34562924267332956 0.864119780712907 0.026076686670087577 0.05108124200349984
272 0.4962605017485158 0.8400930294000425 0.03234941256778647 0.05506021733768165
272 0.497632625088691 0.9416646200668151 0.02767100292686635 0.05656817333704538
272 0.6192440046753822 0.8977702640833598 0.03394372882456516 0.06054714867122683
272 0.5563990919112037 0.9699081557029643 0.032403954722264317 0.060183688594071326
342 0.20036920130441876 0.3343402793602715 0.02217952702916719 0.05259828866963625
342 0.20545213192438214 0.4023635733609078 0.02371930113146812 0.0487102200031817
342 0.20896347218526587 0.46880618602799873 0.021366460772388508 0.047120448002863566
342 0.21402367690753024 0.532923230028635 0.022170436670087577 0.051035788669636165
275 0.20121967075921016 0.6147999386934988 0.021357370413308895 0.04555794800286357
272 0.21111736640628814 0.7047527766947714 0.02451418667008758 0.051063060669954294
272 0.21628665543750789 0.7876198206954077 0.024505096311007966 0.0495005606699543