259 0.5059472162236991 0.16079513072620275 0.10396441162790708 0.10698131479745351
110 0.6176833574935408 0.30419239915231366 0.10000809685308258 0.10585831220555537
99 0.6304510726375057 0.4428154017442118 0.09985790252860874 0.10351456220555537
85 0.6449314821059445 0.5839188553728691 0.10142040252860873 0.10365126324231469
72 0.6599428177002601 0.7211844095199063 0.09751415252860873 0.10330951065041649
53 0.4228715052417873 0.2949172695574066 0.1038642820782579 0.10541881479745348
35 0.4374019794850509 0.436801973186064 0.10318316162790726 0.10691296427907382
9 0.4532446298541911 0.5749171278514806 0.10376415252860856 0.10385631479745357
120 0.46908728022333135 0.7130322825168973 0.10142040252860873 0.10365126324231469
275 0.6725102737449264 0.8566824121118042 0.09731389342931003 0.10018451065041631
264 0.48374816239387436 0.8448290866639343 0.09476988433001132 0.09685445909527779