260 0.32653659537032204 0.4200744154425548 0.013485801542127617 0.012802888939893542
260 0.34450534537032207 0.41860763922975763 0.012704551542127619 0.012739116061076316
35 0.3617064821397972 0.41798588589577773 0.013472164772652385 0.012021638939893543
53 0.37968886890927245 0.41730035968298057 0.013485801542127617 0.012802888939893542
72 0.3960951189092724 0.4159611292278179 0.013485801542127529 0.012802888939893542
85 0.41329625567874756 0.41533937589383807 0.012704551542127619 0.012739116061076316
99 0.42814000567874755 0.41412769119631 0.013485801542127617 0.012802888939893542
110 0.44454625567874756 0.4127884607411474 0.011909664772652383 0.011894093182258914
260 0.4609661424482227 0.41223048028598475 0.013513075081077908 0.014365388939893541
260 0.47504227921769787 0.411863818467274 0.011923301542127618 0.012675343182258913
260 0.4906809159871731 0.4113696108909286 0.011923301542127618 0.012675343182258913
260 0.5047434159871731 0.4102216990722177 0.011142051542127617 0.012611570303441687
260 0.5188059159871731 0.4090737872535069 0.010360801542127618 0.012547797424624463
290 0.43393208400623634 0.4770263039234064 0.03953978693163087 0.0305323939408634
16 0.4759656254020941 0.5095838413460912 0.02298353246740419 0.02059941348570078
11 0.4764565491032003 0.5377088413460912 0.022997169236879243 0.02138066348570078
10 0.4769474728043064 0.5658338413460913 0.022997169236879243 0.02138066348570078
113 0.4774383965054125 0.5939588413460912 0.022997169236879243 0.02138066348570078
111 0.4787105702065187 0.6220200684672739 0.022997169236879243 0.02138066348570078
110 0.4784475174465751 0.6517713413460913 0.023024442775829712 0.02294316348570078
324 0.4828134634688156 0.7226099998308222 0.026149442775829534 0.023198255000969857
272 0.43453565056260235 0.78053394119631 0.024614216314779825 0.02463320924333523
330 0.38860949593621963 0.7490765181677116 0.030905126623205437 0.02748714227387339
152 0.3846935633066598 0.7040191096829805 0.026122169236879246 0.02163575500096986
9 0.384929342527653 0.6727053368041632 0.025368192775829624 0.023134482122152633
35 0.3843975085181214 0.6422365868041633 0.02535455600635439 0.022353232122152632
53 0.3838520377391146 0.6109865868041633 0.024586942775829533 0.02307070924333523
72 0.3833338404990581 0.5812990868041633 0.026149442775829625 0.023198255000969857
85 0.3820207564895265 0.5508941096829807 0.025368192775829624 0.023134482122152633
99 0.38306505924947004 0.521079063925346 0.024559669236879245 0.02150820924333523