260 0.31875 0.44609375 0.01328125 0.01171875
260 0.33671875 0.44609375 0.0125 0.01171875
35 0.35390625 0.446875 0.01328125 0.0109375
53 0.371875 0.44765625 0.01328125 0.01171875
72 0.38828125 0.44765625 0.01328125 0.01171875
85 0.40546875 0.4484375 0.0125 0.01171875
99 0.4203125 0.4484375 0.01328125 0.01171875
110 0.43671875 0.4484375 0.01171875 0.0109375
260 0.453125 0.44921875 0.01328125 0.01328125
260 0.4671875 0.45 0.01171875 0.01171875
260 0.4828125 0.45078125 0.01171875 0.01171875
260 0.496875 0.45078125 0.0109375 0.01171875
260 0.5109375 0.45078125 0.01015625 0.01171875
290 0.425 0.51171875 0.0390625 0.02734375
16 0.46640625 0.54765625 0.02265625 0.01875
11 0.46640625 0.57578125 0.02265625 0.01953125
10 0.46640625 0.60390625 0.02265625 0.01953125
113 0.46640625 0.63203125 0.02265625 0.01953125
111 0.4671875 0.66015625 0.02265625 0.01953125
110 0.46640625 0.68984375 0.02265625 0.02109375
324 0.46953125 0.7609375 0.02578125 0.02109375
272 0.4203125 0.81484375 0.02421875 0.02265625
330 0.375 0.7796875 0.03046875 0.025
152 0.371875 0.734375 0.02578125 0.01953125
9 0.37265625 0.703125 0.025 0.02109375
35 0.37265625 0.67265625 0.025 0.0203125
53 0.37265625 0.64140625 0.02421875 0.02109375
72 0.37265625 0.61171875 0.02578125 0.02109375
85 0.371875 0.58125 0.025 0.02109375
99 0.3734375 0.5515625 0.02421875 0.01953125