259 0.45802664431921813 0.20038164327242644 0.03545168667008767 0.053034164867109726
275 0.39723056576579935 0.3550202760612783 0.03935793667008767 0.05328448874123302
264 0.4612657946885605 0.35443808759690043 0.03309884631100797 0.051321470542635694
85 0.4011327914671067 0.4888142851605769 0.03780452702916719 0.05474685919158375
10 0.4643640444921687 0.48427578192137444 0.03309884631100797 0.051321470542635694
72 0.4030725413689108 0.5537581647102263 0.03779089149054773 0.05240310919158375
113 0.4655043636758137 0.5460445966961991 0.03309884631100797 0.051321470542635694
53 0.40655661055255565 0.6156771738095248 0.03700509631100797 0.051571794416759076
111 0.4674213876799188 0.6070822262458483 0.03387100595192827 0.04980903531746037
35 0.4084827249157404 0.6782773033591741 0.034656801131468205 0.05064035009228505
110 0.4677668213249442 0.6664572262458484 0.03152725595192827 0.04965884099298634
9 0.4119667940993853 0.7401963124584728 0.03936702702916719 0.0548469887412331
99 0.4712327097904298 0.725251235345147 0.032313051131468026 0.05049015576781102
119 0.41386109220579137 0.7973276920081223 0.036223846311007966 0.0515217296419344
272 0.45042582698228495 0.9074431716500564 0.017319310206654493 0.023757675046142523
273 0.4265044544276767 0.28582898750461533 0.10263918667008767 0.05733973550203055