263 0.49178422355046647 0.12936923052961763 0.02773015785015538 0.04745688145888893
24 0.46644956555913664 0.2316590823532288 0.02773015785015538 0.04745688145888893
23 0.470598010240995 0.2894533985576385 0.02763915258848364 0.04589438145888884
22 0.47474645492285344 0.34724771476204824 0.02842040258848364 0.045912565254479176
20 0.4796306469738759 0.4042425971708677 0.02763915258848364 0.04589438145888884
53 0.4836425837632266 0.45969316337527744 0.02763915258848364 0.04589438145888884
35 0.48779102844508493 0.5174874795796871 0.02763915258848364 0.04589438145888884
9 0.49262971786527154 0.5737011119885066 0.02759364995764777 0.045113131458888844
275 0.49800673357969993 0.6525891781929163 0.02842040258848364 0.045912565254479176
264 0.5625319651638485 0.6456111731589231 0.02685790258848364 0.04587619766329869
25 0.5539242626600694 0.5112543569545135 0.02681239995764777 0.04509494766329851
26 0.5490855732398828 0.455040724545694 0.027502644695975853 0.04355063145888884
28 0.5450281338196963 0.3988089083412843 0.027502644695975853 0.04355063145888893
36 0.5409706943995097 0.3425770921368746 0.02763915258848364 0.04589438145888893
37 0.5368677523484873 0.2855640259324648 0.02763915258848364 0.04589438145888884
260 0.5327648102974647 0.22855095972805514 0.029383663111827295 0.04905574905006951