263 0.48359375 0.140625 0.025 0.046875
24 0.45234375 0.2421875 0.025 0.046875
23 0.453125 0.3 0.025 0.0453125
22 0.45390625 0.3578125 0.02578125 0.0453125
20 0.45546875 0.41484375 0.025 0.0453125
53 0.45625 0.4703125 0.025 0.0453125
35 0.45703125 0.528125 0.025 0.0453125
9 0.45859375 0.584375 0.025 0.04453125
275 0.459375 0.66328125 0.02578125 0.0453125
264 0.52421875 0.6578125 0.02421875 0.0453125
25 0.5234375 0.5234375 0.02421875 0.04453125
26 0.521875 0.4671875 0.025 0.04296875
28 0.52109375 0.4109375 0.025 0.04296875
36 0.5203125 0.3546875 0.025 0.0453125
37 0.51953125 0.29765625 0.025 0.0453125
260 0.51875 0.240625 0.0265625 0.0484375