309 0.30703125 0.10242996608148167 0.1515625 0.08617126038216938
287 0.48671875 0.09040186098921901 0.1421875 0.08328147881213828
259 0.65859375 0.07804753220531561 0.1375 0.0814459630271227
16 0.31796875 0.25023042924977873 0.13828125 0.0768039656579587
22 0.65 0.2199543111445108 0.128125 0.0762124314570916
113 0.32421875 0.33892890820309135 0.1390625 0.07372446828879457
10 0.48671875 0.32399561098921903 0.13046875 0.07166143934959938
11 0.64375 0.30938083219119816 0.12578125 0.0713884235645839
99 0.33125 0.42133188452556797 0.1328125 0.06789169724210727
110 0.48828125 0.40515460572754713 0.125 0.06978042093374803
111 0.63984375 0.39007709534537777 0.1234375 0.06812691567207611
53 0.33515625 0.5007918713713884 0.1234375 0.06812691567207611
72 0.48828125 0.48406085572754715 0.11953125 0.06633690251789641
85 0.6359375 0.4676483584995574 0.11640625 0.06459239199455276
152 0.340625 0.5739108529555369 0.12421875 0.06973491830291198
9 0.4875 0.556762608358383 0.11796875 0.06468339725622449
35 0.63125 0.542140124284573 0.1125 0.06514612884037305
122 0.34375 0.6424788424321932 0.12265625 0.06495641304124007
121 0.4890625 0.6254216030967112 0.11171875 0.06353812620953718
120 0.62734375 0.6095551374387526 0.109375 0.0626203683170294
275 0.35234375 0.739634563492998 0.1125 0.05967737884037305
264 0.6265625 0.7049131400695885 0.10859375 0.05944986568619352
261 0.49140625 0.7205975952042035 0.11171875 0.05572562620953718
261 0.35390625 0.8004810582313262 0.109375 0.05480786831702957
261 0.49140625 0.7830975952042035 0.11015625 0.05563462094786544
261 0.621875 0.765342405854604 0.1046875 0.056097352532014