273 0.5078135315036312 0.28764377750517817 0.10731764773388512 0.17902779028868593
263 0.4778402784595153 0.6548312775051782 0.033051487123122315 0.05179067849312098
275 0.4480734169403668 0.7618178874866447 0.03415160151720862 0.055724210344286186
264 0.48857087118273235 0.7619617312260425 0.03512417015366047 0.05809524219545174
99 0.4416323561798229 0.8407241374866448 0.03584164727484325 0.05734127404661678
16 0.4820660375433711 0.8416492312260424 0.037276601517208616 0.055833337748948254
85 0.43691316314734496 0.8985366374866448 0.03630403288075694 0.05346230589778287
10 0.4783831860261623 0.896309449374877 0.037467920153660475 0.05817708774894825
72 0.4324490616301363 0.9532241374866448 0.03805785151720879 0.05586061960011364
113 0.47457278875131903 0.9525321675237116 0.037930305759574165 0.054298119600113284
264 0.690340665273377 0.7619269817741966 0.02791757697140156 0.04615823738612832
342 0.6876783087551983 0.8422593225183694 0.03038887272903601 0.04780258293962447