273 0.5328125 0.30625 0.09296875 0.17578125
263 0.5328125 0.6734375 0.02890625 0.05078125
275 0.51171875 0.7796875 0.0296875 0.0546875
264 0.55234375 0.78125 0.03046875 0.05703125
99 0.51171875 0.85859375 0.03125 0.05625
16 0.55234375 0.8609375 0.0328125 0.0546875
85 0.51171875 0.91640625 0.03203125 0.05234375
10 0.553125 0.915625 0.0328125 0.05703125
72 0.51171875 0.97109375 0.03359375 0.0546875
113 0.55390625 0.971875 0.03359375 0.053125
264 0.7546875 0.78828125 0.02421875 0.0453125
342 0.75859375 0.86875 0.0265625 0.046875