273 0.5399405478713891 0.31865134859256994 0.09706010400781259 0.1779451216752431
263 0.5484869317988201 0.6858388485925699 0.030088196713368022 0.05145405043684015
275 0.5298661779990979 0.7915978861116324 0.030960365691319502 0.05537848423243048
264 0.5705275455902784 0.7941059434823268 0.03179616707809032 0.05774041802802081
99 0.531702741353716 0.8705041361116324 0.03255923328249999 0.05697735182361115
16 0.5723822927404869 0.873793443482327 0.0340853656913195 0.05545121941479181
85 0.5330483422273966 0.9283166361116324 0.03324956430454869 0.053089285619201475
10 0.5744364084318063 0.9284991272779172 0.03413991707809032 0.05779496941479181
72 0.5343212079187161 0.9776347172532207 0.034866615691319505 0.04473056549355867
113 0.5765268917143065 0.9789069297341582 0.034830248100139016 0.04218614053168359
264 0.7730349497505908 0.8058467965402091 0.025273410144236053 0.045876197663298514
342 0.7788141306963896 0.8864064655181604 0.027653527735416718 0.047493249050069505