275 0.38046875 0.44296875 0.10234375 0.0734375
259 0.52265625 0.4421875 0.1 0.071875
260 0.665625 0.440625 0.09765625 0.071875
39 0.38203125 0.54609375 0.10234375 0.0703125
42 0.478125 0.54453125 0.08984375 0.0734375
43 0.56953125 0.5453125 0.09375 0.071875
44 0.66328125 0.54453125 0.08984375 0.0703125
28 0.38203125 0.6234375 0.09375 0.065625
36 0.47734375 0.625 0.09140625 0.065625
37 0.57109375 0.625 0.09140625 0.065625
38 0.65546875 0.62265625 0.08984375 0.0640625
23 0.38359375 0.70078125 0.09609375 0.0671875
24 0.478125 0.70078125 0.08984375 0.0671875
25 0.56875 0.7015625 0.09140625 0.06875
260 0.65859375 0.703125 0.0875 0.06875
260 0.384375 0.77421875 0.09765625 0.0671875
260 0.47890625 0.77578125 0.09140625 0.0640625
11 0.56953125 0.77578125 0.08984375 0.0640625
16 0.65703125 0.77734375 0.08515625 0.0640625
260 0.3875 0.85078125 0.09140625 0.0703125
260 0.478125 0.85234375 0.08515625 0.0703125
260 0.56484375 0.85234375 0.08359375 0.0703125
260 0.65078125 0.853125 0.08984375 0.071875
260 0.38828125 0.92109375 0.09375 0.0671875
260 0.48046875 0.92109375 0.08515625 0.0671875
260 0.56640625 0.9234375 0.08359375 0.06875
224 0.65078125 0.921875 0.08515625 0.065625