273 0.4875 0.07421875 0.54140625 0.0515625
266 0.48984375 0.15078125 0.4 0.03984375
290 0.21640625 0.3796875 0.1 0.02265625
260 0.39921875 0.3796875 0.09765625 0.02265625
272 0.58515625 0.3796875 0.09609375 0.02265625
269 0.76640625 0.3796875 0.1 0.02421875
272 0.2125 0.42421875 0.1 0.02265625
272 0.396875 0.425 0.09375 0.02265625
272 0.58671875 0.425 0.09765625 0.02265625
272 0.76484375 0.42578125 0.1 0.02265625
111 0.14375 0.6484375 0.10390625 0.02265625
113 0.42421875 0.6484375 0.10625 0.02265625
10 0.70859375 0.6484375 0.10390625 0.021875
110 0.70703125 0.6765625 0.11015625 0.02265625
99 0.42734375 0.67734375 0.10859375 0.0234375
85 0.14375 0.67734375 0.10859375 0.02265625
72 0.709375 0.70859375 0.10625 0.02109375
53 0.42578125 0.70859375 0.10625 0.021875
35 0.14375 0.70859375 0.10390625 0.02109375
184 0.71171875 0.7375 0.10625 0.02265625
168 0.425 0.7375 0.10390625 0.02265625
119 0.14375 0.7375 0.10390625 0.02265625
275 0.56640625 0.76640625 0.1125 0.021875
264 0.56484375 0.79609375 0.10390625 0.0234375
275 0.27890625 0.7671875 0.10390625 0.02265625
264 0.278125 0.79609375 0.10234375 0.021875
290 0.703125 0.7671875 0.09765625 0.02265625
290 0.41328125 0.76640625 0.09375 0.021875
290 0.41796875 0.79609375 0.09765625 0.0234375
290 0.70390625 0.79609375 0.09609375 0.021875
259 0.27734375 0.8265625 0.10859375 0.02265625
290 0.41640625 0.8265625 0.10390625 0.025
272 0.70625 0.82734375 0.10390625 0.02421875
263 0.334375 0.8609375 0.10234375 0.02265625
263 0.49609375 0.86015625 0.10859375 0.0234375
290 0.640625 0.86171875 0.10625 0.0234375
266 0.27265625 0.6484375 0.1 0.02265625
266 0.27265625 0.6765625 0.09609375 0.02265625
266 0.271875 0.70859375 0.09765625 0.02265625
266 0.26953125 0.73671875 0.09765625 0.02265625
266 0.56015625 0.64765625 0.09609375 0.02265625
266 0.55703125 0.6765625 0.09765625 0.02109375
266 0.55859375 0.70859375 0.09609375 0.021875
266 0.56015625 0.73671875 0.1 0.021875
266 0.83984375 0.64921875 0.09609375 0.021875
266 0.8375 0.678125 0.09140625 0.02109375
266 0.83828125 0.70859375 0.08984375 0.02109375
266 0.84140625 0.7375 0.09609375 0.02265625