273 0.48620450689985883 0.07138255796715927 0.5423062767853611 0.054712309421087554
266 0.48721185349129215 0.14793142242853985 0.40069547524323357 0.04217088192438214
290 0.2097787800350674 0.37842848526747297 0.10039546631477991 0.023238032981095547
260 0.3925912800350674 0.37736491325515764 0.09805171631477991 0.023224397442476084
272 0.5785287800350674 0.37628316052468314 0.09648921631477983 0.023215307083396475
269 0.7597787800350673 0.3752286788714475 0.10042273985373029 0.02480053298109546
272 0.2050952341749827 0.422982461165172 0.10039546631478 0.023238032981095457
272 0.38945659740550753 0.42269104879377706 0.09414546631477991 0.023201671544777015
272 0.5793003474055075 0.4215865701656035 0.09805171631477982 0.023224397442476175
272 0.7574117106360324 0.4213315192305272 0.10039546631477983 0.023238032981095457
111 0.13243148133560892 0.6476011869646752 0.10430171631477991 0.02326075887879462
113 0.41290023133560894 0.6459694675098838 0.10664546631477982 0.023274394417413902
10 0.697275231335609 0.6443150221573933 0.10428807954530477 0.02247950887879462
110 0.6952218076345028 0.672449112516473 0.11055171631477982 0.02329712031511306
99 0.4155206708650276 0.6748575367917246 0.10900285308425506 0.02406927995603354
85 0.1319269208650276 0.6765074369646752 0.10898921631477991 0.023288029956033362
72 0.6970064500860208 0.7044667269778536 0.10661819277582954 0.0217118944174139
53 0.4134127000860208 0.7061166271508041 0.10663182954530477 0.0224931444174139
35 0.1313814500860208 0.7077574369646752 0.10427444277582958 0.02169825887879462
184 0.6988456396154396 0.7333593414392341 0.10664546631477982 0.023274394417413902
168 0.4121268896154396 0.735027422330344 0.10430171631477983 0.02326075887879462
119 0.13087688961543953 0.7366636869646752 0.10430171631477991 0.02326075887879462
275 0.5530285791448583 0.7631109948336385 0.11288182954530476 0.022529505853732524
264 0.5509478819048018 0.7928075851927181 0.10431535308425524 0.024042008878794617
275 0.2655149423753831 0.7655648709042883 0.10430171631478 0.02326075887879462
264 0.2642291319048018 0.794475666083828 0.10272557954530477 0.022470418519715096
290 0.689733692375383 0.7630968384141721 0.09805171631477982 0.023224397442476175
290 0.39990357914485825 0.7640018500234411 0.09413182954530477 0.022420421544777015
290 0.40407288190480184 0.7936620789462022 0.09806535308425524 0.024005647442476175
290 0.6900103819048018 0.7919985432346321 0.09647557954530477 0.022434057083396474
259 0.2629160478952701 0.8249489612633678 0.10898921631478001 0.02328802995603354
290 0.4019785478952702 0.824139919305282 0.10434262662320534 0.02560450887879462
272 0.691808661125795 0.8232349076960128 0.10432898985373029 0.024823258878794618
263 0.31934728003836266 0.8589921631569617 0.10273921631477992 0.02325166851971474
263 0.4810796668078378 0.8572700609922214 0.10900285308425506 0.02406927995603354
290 0.6255836432688875 0.8579917027773568 0.10665910308425523 0.024055644417413903
266 0.26133773133560895 0.6468512323406067 0.10039546631478 0.023238032981095457
266 0.2608468076345028 0.6749762323406067 0.09648921631477991 0.023215307083396475
266 0.2595064500860208 0.7070120275201465 0.09805171631477991 0.023224397442476175
266 0.25667177638491473 0.7351506630587659 0.09805171631478 0.023224397442476175
266 0.5488513681050841 0.644397356269957 0.09648921631478 0.023215307083396475
266 0.5452218076345028 0.6733217869881163 0.09802444277582971 0.021661897442476173
266 0.5462252000860208 0.7053439466290367 0.09647557954530477 0.022434057083396474
266 0.5472967763849147 0.733459856269957 0.10038182954530477 0.022456782981095456
266 0.8285115945661337 0.6443326819947055 0.09647557954530477 0.022434057083396474
266 0.8256632840955526 0.673252567533325 0.09177444277582936 0.02162553600615773
266 0.8259127000860207 0.7037167723537852 0.09021194277582936 0.02161644564707803
266 0.8285331396154396 0.7326048416356259 0.09648921631477983 0.023215307083396475