273 0.49268988057393237 0.04178605756994021 0.5450118512408373 0.08357211513988042
266 0.5003874021133574 0.113663110153892 0.4027861464133743 0.07015393756173412
290 0.24295658640980164 0.36328921493242117 0.10158427933309522 0.030233796890433595
260 0.42576908640980166 0.3494365120233474 0.09924052933309505 0.03005619813518905
272 0.6117065864098017 0.33534701077394746 0.09767802933309504 0.02993779896502602
269 0.7929565864098016 0.32161270703503675 0.10169353997675686 0.0317962968904336
272 0.24216426475416108 0.40811646285782877 0.10158427933309522 0.030233796890433595
272 0.4265938950759919 0.3949266107785919 0.09533427933309521 0.029760200209781384
272 0.6164376450759919 0.3805411116037845 0.09924052933309505 0.03005619813518896
272 0.7946172753978228 0.3678248562051998 0.10158427933309504 0.030233796890433595
111 0.18909316711962004 0.6375447763450017 0.10549052933309518 0.03052979481584117
113 0.4695619171196201 0.616292125300739 0.10783427933309504 0.030707393571085716
10 0.7539369171196201 0.5947434763310687 0.10543589901126431 0.02974854481584117
110 0.7543411087055313 0.6229868755012318 0.11174052933309504 0.031003391496493293
99 0.4747082390273622 0.6449615769604129 0.11023265965492612 0.031666242326330266
85 0.19111448902736214 0.6664510263450018 0.11017802933309517 0.03088499232633026
72 0.7589247019005969 0.6548405267459871 0.10772501868943322 0.02914489357108572
53 0.4753309519005969 0.676329976130576 0.10777964901126431 0.029926143571085716
35 0.1932997019005968 0.6977010263450018 0.1053812686894334 0.02896729481584117
184 0.763289773808339 0.6835691779907427 0.10783427933309504 0.030707393571085716
168 0.476571023808339 0.7052954257156575 0.10549052933309504 0.03052979481584117
119 0.19532102380833893 0.7266072763450018 0.10549052933309513 0.03052979481584117
275 0.619998595716081 0.7234865508159037 0.1140296490112643 0.03039974025173784
264 0.620512047945654 0.7532924499860668 0.10554515965492613 0.03131104481584117
275 0.33255322603791193 0.7460532481259003 0.10549052933309522 0.03052979481584117
264 0.33379329794565404 0.7750186977109818 0.10387339901126431 0.02963014564567814
290 0.7567719760379119 0.7139078734266392 0.09924052933309521 0.03005619813518905
290 0.466873595716081 0.7350896694918803 0.09527964901126432 0.028978950209781473
290 0.4736370479456539 0.7644219719813912 0.09929515965492612 0.03083744813518905
290 0.7595745479456539 0.7427549238415577 0.09762339901126431 0.02915654896502602
259 0.33514263049705784 0.8055466472960632 0.11017802933309521 0.03088499232633026
290 0.47420513049705787 0.7950091211515542 0.10565442029858776 0.03287354481584117
272 0.7641035108188887 0.7738273250863132 0.10559978997675686 0.03209229481584117
263 0.394577614657616 0.8356000775851129 0.10392802933309522 0.03041139564567814
263 0.556241734335785 0.82256451347324 0.11023265965492612 0.031666242326330266
290 0.7008822449794468 0.8131750902331601 0.10788890965492595 0.03148864357108572
266 0.31799941711962 0.6277768448065523 0.10158427933309522 0.030233796890433595
266 0.31996610870553127 0.6559018448065523 0.09767802933309513 0.02993779896502602
266 0.32142470190059685 0.6879922943916338 0.09924052933309521 0.03005619813518905
266 0.32104764348650805 0.7162948931468783 0.09924052933309521 0.03005619813518905
266 0.6054447867977892 0.6052101474965559 0.09767802933309504 0.02993779896502602
266 0.6043411087055313 0.634353195836882 0.09913126868943359 0.02849369813518905
266 0.6081434519005968 0.666266046666719 0.09762339901126431 0.02915654896502602
266 0.6116726434865081 0.6942726474965559 0.10152964901126431 0.029452546890433595
266 0.8852415474414508 0.5855791960373746 0.09762339901126431 0.02915654896502602
266 0.884919119349193 0.6146630447926191 0.09288126868943322 0.028020101454536928
266 0.8878309519005967 0.6450725952075376 0.09131876868943323 0.027901702284373896
266 0.892977273808339 0.6737420468672116 0.0976780293330954 0.02993779896502602