111 0.4430356314993154 0.2098865217646099 0.07947220282385156 0.1004454275949013
99 0.4432820209161895 0.33564504586691085 0.07460284639736088 0.09416815651766246
110 0.5445035401165195 0.3467729225267357 0.07467104255729495 0.09651190651766246
53 0.44005406934597924 0.4465825458669109 0.06823918613080408 0.09022554508134402
85 0.5396903564929978 0.4585007628858153 0.07147784639736088 0.09414997579950324
9 0.4409596883088822 0.5496848199692118 0.06649482970431339 0.08396645472226431
35 0.5343232434025895 0.5624206484244347 0.06654029381093629 0.08552895472226432
177 0.4415159662847007 0.6379478892510526 0.0601766335443795 0.08158634328594587
252 0.5293425752184739 0.6530592839630541 0.058545937384445426 0.07923350292686634
259 0.39928535068701 0.7202109434075827 0.06155727711788863 0.0753454336450254
264 0.4840096916740945 0.7345592688377437 0.05988111685133202 0.07143009328594588
275 0.5702738006078677 0.7496797539088249 0.0586141335443795 0.08157725292686635
272 0.4023899671426306 0.8014291271508043 0.04389240399835046 0.05883918969514994
272 0.5640261491167996 0.830171229806524 0.05014240399835046 0.05887555113146803
272 0.40645769002474186 0.8763927657144857 0.046767351411925874 0.050263620413308986
272 0.5579148899455996 0.905975205704223 0.04839804757185977 0.052616460772388504