111 0.44921875 0.2125 0.0765625 0.1
99 0.453125 0.33828125 0.071875 0.09375
110 0.5546875 0.35 0.071875 0.09609375
53 0.453125 0.44921875 0.065625 0.08984375
85 0.553125 0.46171875 0.06875 0.09375
9 0.45703125 0.55234375 0.0640625 0.08359375
35 0.55078125 0.565625 0.0640625 0.08515625
177 0.46015625 0.640625 0.0578125 0.08125
252 0.5484375 0.65625 0.05625 0.07890625
259 0.4203125 0.72265625 0.059375 0.075
264 0.50546875 0.7375 0.0578125 0.07109375
275 0.5921875 0.753125 0.05625 0.08125
272 0.42578125 0.80390625 0.0421875 0.05859375
272 0.58828125 0.83359375 0.0484375 0.05859375
272 0.43203125 0.87890625 0.0453125 0.05
272 0.584375 0.909375 0.046875 0.05234375