259 0.4753994549186561 0.04401733093161625 0.05450166851971492 0.0880346618632325
23 0.4299546238311544 0.1950204942967874 0.05209428600615773 0.09471052513842756
24 0.5166642834720749 0.19102580429125005 0.05210792154477702 0.09705427513842757
16 0.4301722715682182 0.2918454295219627 0.05364769564707803 0.09324815468807693
22 0.5137751119272977 0.28492599861572404 0.05127667456983911 0.0884104603636029
10 0.4319751452029809 0.3846639851974887 0.05361133421075959 0.08699815468807692
11 0.5108768500234412 0.380388692940198 0.04971417456983929 0.08831033081395363
113 0.5111535850945224 0.4670573781653733 0.04658008421075941 0.08654757171465484
111 0.43146608509452233 0.4721639851974887 0.05126758421075941 0.0868479603636029
110 0.5075422508837628 0.550851387264672 0.044967587235821685 0.07785369216500566
99 0.43175191052468315 0.5572701704226641 0.046552813133520665 0.08186007171465501
85 0.5078508022116226 0.6320513224898473 0.04650736133812252 0.07404757171465501
72 0.4312883022116226 0.636957670422664 0.04653008723582168 0.07795382171465501
53 0.5050434438985621 0.7118890168143214 0.04417270169720222 0.07545987739018116
35 0.4331775342576417 0.7149324760981901 0.04727497579950324 0.07175388648947952
9 0.5045798355855016 0.7915765168143213 0.04182895169720222 0.07530968306570696
152 0.4327548325604395 0.7875887260981902 0.048887472774440964 0.08044776603912887
264 0.5040116881430257 0.8892327668143214 0.044127249901804076 0.06764737739018116
275 0.43212305260440614 0.8961824760981901 0.044127249901804076 0.06764737739018116
264 0.03602021224532649 0.9231278169342929 0.044908499901804136 0.06769744216500584
9 0.02258494702182012 0.8162164828811369 0.041806225799503174 0.07140343306570714
342 0.018068447822431156 0.7393233158545588 0.03613689564486231 0.07520955351605778
342 0.013629796402235692 0.6583737045035069 0.027259592804471384 0.08320252621816167