273 0.43125 0.215625 0.07734375 0.24375
72 0.4234375 0.97578125 0.02734375 0.04375
16 0.45703125 0.971875 0.0234375 0.04765625
85 0.4234375 0.92890625 0.02578125 0.05
260 0.45625 0.925 0.0234375 0.04140625
99 0.421875 0.87890625 0.0234375 0.05
110 0.421875 0.83046875 0.02578125 0.04765625
111 0.42109375 0.78203125 0.02734375 0.04765625
24 0.45390625 0.78125 0.025 0.04609375
23 0.4546875 0.82890625 0.02578125 0.05
22 0.45625 0.87890625 0.025 0.04609375
259 0.45390625 0.72109375 0.0234375 0.04609375