273 0.44255042740790573 0.19805290905034795 0.09011814620024125 0.24690151631162238
72 0.47457602837852997 0.9585274940313198 0.029636590343633175 0.044864172433401704
16 0.5079650604907057 0.9532524036131406 0.025935058231457475 0.04861125494291585
85 0.4721194137246375 0.9116524940313198 0.028401638964152022 0.0510505054372075
260 0.5047271958368131 0.9064092371112377 0.02560750961093845 0.04236125494291585
99 0.4679365247604855 0.8617161610275144 0.026057888964152197 0.05095500494291585
110 0.4653980229514631 0.8132786610275143 0.028278808231457474 0.048706755437207504
111 0.46207827114244077 0.7648729945256114 0.029841308231457475 0.048770422433401704
24 0.49484982756487594 0.7627547376055293 0.02741567107632754 0.04711242193911023
23 0.4981286357963334 0.8103791541074321 0.028401638964152022 0.0510505054372075
22 0.5023115247604855 0.8603154871112377 0.02741567107632754 0.0471124219391104
259 0.49169717209238045 0.7025984876055292 0.025853171076327543 0.04704875494291585