309 0.5124761422816151 0.11261609114464655 0.04527534931542796 0.07602668969514967
275 0.46230770452517406 0.21288425673749525 0.04608843281352506 0.07681248487468953
264 0.5577475385175628 0.20920474483363857 0.04371284931542796 0.07601759933607007
260 0.46148535076112174 0.309741076019336 0.042997924904859805 0.039303394515609824
260 0.5093007682516076 0.3055575700674077 0.04212117441056815 0.036955099336070066
260 0.5570525187458992 0.30293656411547937 0.04212117441056833 0.036955099336070066
111 0.45994541399326383 0.4050399404807166 0.045148015323039206 0.07290168969514958
113 0.553105164981847 0.39981156411547936 0.04342634783255317 0.06898634933607006
85 0.45765606072350307 0.499562100121637 0.043808349809719614 0.07836134933607006
99 0.5517562292025723 0.4904229285768599 0.04527534931542796 0.07602668969514959
72 0.5488766269213948 0.5802621333973201 0.045148015323039206 0.07290168969514958
53 0.4562116244499368 0.5925172145830175 0.04693334980971962 0.07837953005422929
35 0.5465872736516341 0.6747842930382405 0.04349001482874755 0.07054884933607006
168 0.4547671881763705 0.6854723290443981 0.045116181824942106 0.07212043969514959
181 0.4525415019028043 0.7784319886853185 0.043585515323039205 0.07289259933607006
272 0.5452065043742621 0.7661769074996211 0.026128759885831698 0.047015900565734015