309 0.5171875 0.115625 0.0421875 0.07578125
275 0.47109375 0.215625 0.04296875 0.0765625
264 0.56640625 0.2125 0.040625 0.07578125
260 0.47421875 0.3125 0.04140625 0.0390625
260 0.521875 0.30859375 0.040625 0.03671875
260 0.56953125 0.30625 0.040625 0.03671875
111 0.4765625 0.4078125 0.0421875 0.07265625
113 0.56953125 0.403125 0.040625 0.06875
85 0.478125 0.50234375 0.040625 0.078125
99 0.571875 0.49375 0.0421875 0.07578125
72 0.57265625 0.58359375 0.0421875 0.07265625
53 0.48046875 0.5953125 0.04375 0.078125
35 0.57421875 0.678125 0.040625 0.0703125
168 0.4828125 0.68828125 0.0421875 0.071875
181 0.484375 0.78125 0.040625 0.07265625
272 0.5765625 0.76953125 0.02421875 0.046875