309 0.5138231561099216 0.1578426457770312 0.04439250917119999 0.07922498545613244
275 0.46481970328607003 0.2540800459268124 0.045196491224511345 0.0800700083349497
264 0.5602231314993154 0.25873533714251906 0.04283000917119999 0.07909743969849785
260 0.46512592867546376 0.35121013744208146 0.04254285266556703 0.04244246257731517
260 0.5128958389420205 0.3511940330499348 0.041693406505633135 0.04003493969849794
260 0.5606202851019545 0.3527404286577881 0.041693406505632954 0.04003493969849785
111 0.46469636817148025 0.44671395607853326 0.044301580957954736 0.07609998545613231
113 0.5578015104913483 0.4496154286577882 0.04262542069139794 0.07206618969849785
85 0.463508289720808 0.5413727518361678 0.042898205331134066 0.08144118969849785
99 0.5575083423072328 0.5404317472942399 0.04439250917119999 0.0792249854561323
72 0.5556754061764286 0.6303392701730572 0.044301580957954736 0.07609998545613247
53 0.4631469253767585 0.6345328204726196 0.04602320533113406 0.08169628121376693
35 0.5544873277257564 0.7249980659306917 0.04267088479802048 0.07362868969849785
168 0.46278556103270896 0.7276928891090714 0.04427884890464338 0.07531873545613248
181 0.46164294668865946 0.820789184866706 0.042739080957954735 0.07597243969849785
272 0.5541714274883296 0.8165956345671436 0.02558267319868044 0.04885195924333523