275 0.38068626730020555 0.055644804555691 0.08620409684397004 0.06990794443590283
264 0.5557181007983027 0.04418886246557667 0.08626776384016441 0.07147044443590281
260 0.390719136387297 0.22495753326836754 0.0875755958553869 0.06532970507956452
260 0.5595646368815886 0.21550113375290011 0.0878939308363588 0.07314220507956452
25 0.39100032068369694 0.308769804555691 0.08998301285158128 0.06705609604505716
26 0.5604679036875025 0.29535252471839274 0.08373301285158127 0.06661905347041017
24 0.5583416709877081 0.37776618697120884 0.09408026384016441 0.07201674765421143
260 0.3950604209877081 0.38918392423386017 0.08783026384016442 0.07157970507956453
22 0.5637732703031361 0.4533835460057162 0.08998301285158128 0.06705609604505725
16 0.4012096033069417 0.4631841529465367 0.09011034684397004 0.07018109604505725
11 0.5643900356261753 0.5262036869712088 0.08991934585538672 0.06549359604505725
10 0.4042019521280781 0.5366216529465367 0.08607676285158128 0.0667829444359029
53 0.5626948844473117 0.599968968902194 0.09226309585538672 0.06565748701054978
35 0.4071306339530201 0.6084966529465368 0.09401659684397004 0.0704542476542116
9 0.5654962322798649 0.668718968902194 0.0875755958553869 0.06532970507956452
168 0.4092780657779621 0.6804262832683675 0.08763926285158127 0.06689220507956453