265 0.5046875 0.07734375 0.0484375 0.0609375
343 0.6578125 0.09453125 0.046875 0.0578125
290 0.48984375 0.20625 0.1015625 0.065625
290 0.6421875 0.2171875 0.09140625 0.06171875
231 0.63046875 0.31796875 0.09609375 0.059375
99 0.6234375 0.384375 0.0953125 0.0578125
85 0.61171875 0.446875 0.09375 0.0546875
72 0.603125 0.509375 0.08984375 0.0546875
53 0.471875 0.378125 0.0953125 0.05546875
35 0.46484375 0.44453125 0.09375 0.05625
187 0.459375 0.50859375 0.0921875 0.0546875
9 0.45234375 0.56953125 0.0875 0.053125
120 0.446875 0.62890625 0.0875 0.0484375
272 0.5015625 0.7484375 0.04140625 0.028125