273 0.5088771172558844 0.4874380322525371 0.10480036465389268 0.05522924712506203
9 0.3753818645423509 0.5706805801362036 0.10911605042954128 0.06336061151914833
35 0.5026437273872212 0.5618481008889888 0.10895227611928178 0.06023561151914834
53 0.6300284209647861 0.5506718716417742 0.10887038896415202 0.058673111519148335
72 0.37152984622498525 0.6293381030150208 0.11121413896415203 0.05886443015560019
85 0.4971882654922906 0.6214144195254407 0.10895227611928178 0.06023561151914834
99 0.6246139026474203 0.6094569402782261 0.10895227611928178 0.06023561151914834
110 0.3716250214851844 0.6868955114997517 0.1049641389641521 0.05835424712506203
111 0.4934181343300546 0.6785094424042579 0.11121413896415219 0.05886443015560019
113 0.6192403279076195 0.6674607589146779 0.10019475180902226 0.05640910985215832
0 0.36785489032294844 0.743990534378569 0.10644475180902227 0.05691929288269666
8 0.490347366012689 0.7371031924042579 0.10644475180902227 0.05691929288269648
0 0.6147708339005133 0.7230570546723124 0.10027663896415202 0.05797160985215832
275 0.608578387609415 0.7966858733087643 0.1049641389641522 0.05835424712506203
264 0.36577341191967455 0.8133942386209345 0.10294793758467105 0.06441292848861017
259 0.4865396132991554 0.809759442404258 0.1065266389641522 0.05848179288269648