273 0.53671875 0.53125 0.10234375 0.046875
9 0.40703125 0.60390625 0.10625 0.0546875
35 0.534375 0.60546875 0.10625 0.0515625
53 0.66171875 0.6046875 0.10625 0.05
72 0.40625 0.6625 0.10859375 0.05
85 0.53203125 0.66484375 0.10625 0.0515625
99 0.659375 0.66328125 0.10625 0.0515625
110 0.409375 0.7203125 0.10234375 0.05
111 0.53125 0.721875 0.10859375 0.05
113 0.65703125 0.72109375 0.09765625 0.0484375
0 0.40859375 0.77734375 0.10390625 0.0484375
8 0.53125 0.78046875 0.10390625 0.0484375
0 0.65546875 0.7765625 0.09765625 0.05
275 0.653125 0.85 0.10234375 0.05
264 0.41015625 0.846875 0.1 0.05625
259 0.53125 0.853125 0.10390625 0.05