265 0.5022049591269852 0.39800861255791853 0.022545628469915258 0.02437811772806615
343 0.5604983204780373 0.38853814664662345 0.020882998920265905 0.0226880719704317
275 0.5053392535437442 0.43466358967910124 0.029196146668512314 0.031138300758604485
264 0.562751235345147 0.4236943966466235 0.025870887569213786 0.02775820924333523
38 0.562429862735328 0.4676994881618925 0.02083293414544123 0.0219068219704317
37 0.5646129264304185 0.4895107152830752 0.02156411937061655 0.021189344849248927
36 0.5660648049003336 0.5121669652830751 0.020001619370616553 0.021061799091614476
28 0.5667354333702488 0.5348869881618925 0.020782869370616554 0.0211255719704317
26 0.5681372470653393 0.5567619881618925 0.019951554595791877 0.020280549091614475
25 0.5695390607604298 0.5786369881618925 0.020001619370616553 0.021061799091614476
24 0.5710410040051697 0.6020744881618925 0.0175577398209672 0.019307980455162622
23 0.5715614381506108 0.6224507610407098 0.0199014898209672 0.019499299091614474
22 0.5737445018457012 0.6442619881618926 0.019170304595791877 0.02021677621279707
20 0.5750962507659672 0.6653557381618925 0.0199014898209672 0.019499299091614474
16 0.5757168144610576 0.6872945110407098 0.0206827398209672 0.0195630719704317
11 0.5136116309339253 0.47796717952738044 0.02234536937061655 0.021253117728066328
10 0.5143823889534898 0.5022497024061977 0.02395793414544123 0.02216191348570078
113 0.5166655821982296 0.5256234295273805 0.02234536937061655 0.021253117728066328
111 0.5181675254429694 0.5490609295273805 0.02234536937061655 0.021253117728066328
110 0.5196694686877092 0.5724984295273804 0.02161418414544123 0.021970594849248924
99 0.5211213471576244 0.5951546795273804 0.02234536937061655 0.021253117728066328
85 0.5225732256275395 0.6178109295273804 0.023126619370616552 0.021316890606883555
72 0.5248564188722794 0.6411846566485631 0.022395434145441227 0.02203436772806633
53 0.5255270473421945 0.6639046795273804 0.021664248920265906 0.022751844849248925
35 0.5269789258121097 0.6865609295273803 0.020782869370616554 0.0211255719704317
9 0.5291619895072002 0.7083721566485631 0.020732804595791875 0.0203443219704317
260 0.5298326179771153 0.7310921795273804 0.02083293414544123 0.0219068219704317
290 0.5559121475913631 0.32922691952544075 0.018789572794389288 0.026403003333979845