272 0.2998090601589518 0.22705253577475756 0.15327382213985138 0.10073636228216235
272 0.6670064838427493 0.23264314040843406 0.0717510036281972 0.08913958271265772
272 0.7296156112474109 0.23285715612419974 0.07250497177703163 0.08839472001621065
193 0.3039980854715133 0.503869746899628 0.1332068588003402 0.10682154238978611
277 0.43840036732267873 0.4983923806885244 0.1361954495445131 0.10306084160399784
35 0.5683061221320022 0.49860208829873826 0.1267113221398514 0.09949919396136267
53 0.698048185834333 0.49412429590895196 0.131371540288686 0.09893626778268043
275 0.31001250561193167 0.7657340461138398 0.14177332694917483 0.10644055272886846
288 0.4443329419096008 0.7579129299027361 0.1355506088003402 0.106930704300445
259 0.5740750056119316 0.7534351375129499 0.13172620435383636 0.10909251778268025
264 0.6967312556119316 0.7477223308551401 0.12846479509800943 0.10504071856846853