273 0.50390625 0.153125 0.05703125 0.05625
266 0.5203125 0.33515625 0.021875 0.0375
288 0.52109375 0.384375 0.02109375 0.03515625
272 0.52109375 0.43828125 0.01953125 0.0375
272 0.52265625 0.54296875 0.01953125 0.03671875
272 0.5234375 0.59609375 0.0203125 0.03671875
343 0.52109375 0.48984375 0.01875 0.03125
266 0.49453125 0.49296875 0.021875 0.040625
289 0.49375 0.5375 0.01875 0.04296875
44 0.49453125 0.74375 0.03203125 0.0296875
46 0.52578125 0.74296875 0.0296875 0.0296875
43 0.5265625 0.771875 0.0296875 0.03125
42 0.49453125 0.7734375 0.03203125 0.02890625
41 0.52734375 0.80234375 0.0296875 0.03125
39 0.4953125 0.80078125 0.03359375 0.02890625
38 0.528125 0.8296875 0.0296875 0.02890625
37 0.4953125 0.8296875 0.03359375 0.02890625
36 0.52890625 0.85625 0.02890625 0.0296875
28 0.496875 0.85703125 0.034375 0.02890625
26 0.52890625 0.884375 0.02890625 0.03125
26 0.496875 0.884375 0.034375 0.03125
24 0.5296875 0.9125 0.02890625 0.02890625
23 0.496875 0.9125 0.034375 0.0296875
22 0.5296875 0.940625 0.02890625 0.0296875
16 0.496875 0.94296875 0.03515625 0.03359375
11 0.5296875 0.9703125 0.03046875 0.0328125
10 0.4984375 0.97265625 0.0359375 0.03125
273 0.7828125 0.1390625 0.06328125 0.05234375
266 0.7734375 0.31953125 0.03203125 0.053125
288 0.77421875 0.371875 0.03515625 0.05625
272 0.7765625 0.428125 0.03125 0.053125
343 0.77890625 0.48203125 0.02421875 0.0390625
266 0.80859375 0.47890625 0.025 0.04140625
289 0.8109375 0.53125 0.02578125 0.046875
272 0.7796875 0.53359375 0.02421875 0.04140625
272 0.78125 0.58828125 0.02265625 0.03671875
266 0.49609375 0.59765625 0.0234375 0.04140625
266 0.81328125 0.58828125 0.0296875 0.0546875
342 0.7875 0.73984375 0.0328125 0.03359375
342 0.7875 0.76796875 0.03515625 0.03359375
342 0.78828125 0.79609375 0.03671875 0.0296875
342 0.790625 0.821875 0.0359375 0.02890625
342 0.790625 0.85078125 0.034375 0.0328125
342 0.79140625 0.878125 0.03125 0.02734375
342 0.7921875 0.90546875 0.0359375 0.0328125
342 0.79140625 0.9359375 0.0328125 0.03515625
342 0.79375 0.96640625 0.03203125 0.0390625
342 0.8203125 0.7359375 0.0359375 0.0390625
342 0.82109375 0.7671875 0.03515625 0.03359375
342 0.821875 0.79296875 0.0375 0.03125
342 0.82265625 0.821875 0.03515625 0.03125
342 0.82421875 0.85234375 0.0359375 0.02734375
342 0.82578125 0.878125 0.03671875 0.02734375
342 0.82578125 0.90546875 0.0359375 0.0328125
342 0.8265625 0.93359375 0.0375 0.03125
342 0.82734375 0.9625 0.03828125 0.03515625