273 0.5047971051898026 0.170721794001701 0.05735850292686635 0.05824157513507622
266 0.522262382022578 0.353325962876175 0.02209316861791084 0.03826389183263199
288 0.523329978333586 0.4025719947273404 0.02129828307929138 0.03589285998146661
272 0.5236435957218328 0.45647824472734044 0.019749418617910842 0.03818204627913566
272 0.5258151497801672 0.5612203084296713 0.01974487343837108 0.03740079627913566
272 0.5269054719888742 0.6143725902808367 0.020526123438370902 0.037428078130301044
343 0.5239435775714603 0.5080407447273404 0.01893180718159222 0.03190476442797028
266 0.49739925828961934 0.5102381617877159 0.022111349336070063 0.04138889183263199
289 0.4968770835233885 0.5547421299365505 0.018999984874689523 0.04362351442797028
44 0.498858260921898 0.7610194117877158 0.0322039668225127 0.030806055897782514
46 0.5301037157423583 0.761329435834333 0.0298602168225127 0.030724210344286185
43 0.5310531373853312 0.7902629676854984 0.029869307181592218 0.03228671034428636
42 0.4990309777444108 0.7907069117877159 0.03219942164297294 0.030024805897782513
41 0.5320116493873837 0.820758999536664 0.029869307181592218 0.032286710344286006
39 0.49997130902830406 0.8180779436388814 0.03376192164297294 0.030079369600113638
38 0.532951980671277 0.8481300313878293 0.029855671642972936 0.029942960344286007
37 0.500139480671277 0.8469841936388814 0.03376192164297294 0.030079369600113638
36 0.5338877667756305 0.8747198132389947 0.029078966822512698 0.03069692849312098
28 0.5018610619551703 0.8743825073412121 0.034543171642972936 0.03010665145127902
26 0.5340513932390636 0.9028448132389947 0.029088057181592398 0.03225942849312098
26 0.5020201432390636 0.9017262573412121 0.034556807181592396 0.03245040145127902
24 0.5349962697024967 0.93099709509016 0.029074421642972935 0.029915678493120622
23 0.5021837697024967 0.9298512573412122 0.034547716822512696 0.03088790145127902
22 0.5351598961659298 0.9591220950901601 0.029078966822512698 0.030696928493120623
16 0.5023610317045494 0.9603200073412121 0.03535169272021186 0.0348214333024444
11 0.5353326129884426 0.985935674496217 0.03065964754067192 0.028128651007565963
10 0.504096248527062 0.9869047942333691 0.0361193071815924 0.02619041153326194
273 0.783621541958086 0.16639891486775876 0.06358577702916719 0.05455357994439965
266 0.7752964784317818 0.3465402826537736 0.03234032220870695 0.054243555897782514
288 0.776382255460949 0.3989113145049391 0.035483502926866174 0.057477683302444224
272 0.7790532583878153 0.45524316005843535 0.03155907220870695 0.05421627404661713
343 0.7817106257760621 0.5092312556119316 0.024446008976990542 0.03990823738612832
266 0.8113799450579029 0.5071429659562179 0.025240894515609825 0.04227926923729371
289 0.81402822208707 0.5595685615097141 0.02605396077238851 0.047775301088459086
272 0.7827918576256895 0.5608210374630971 0.024459644515609825 0.04225198738612832
272 0.7846725201934761 0.6155631011654279 0.02286987343837108 0.03750992368379737
266 0.4995708123479538 0.6149802254900468 0.023678394515609824 0.042224705534962936
266 0.816703770193476 0.6166816570632104 0.030005662567786827 0.05572421034428636
342 0.7918042850241991 0.7673438559747513 0.03300794272021186 0.0347395877489479
342 0.791967911487632 0.7954688559747514 0.03535169272021186 0.0348214333024444
342 0.7929127879510652 0.8236211378259167 0.036891466822512695 0.030969747004775172
342 0.7954065288758789 0.849484233379413 0.03610567164297294 0.03016121515360979
342 0.7955747005188518 0.8783904833794132 0.034565897540672096 0.03401290145127902
342 0.7965150318027451 0.9057615152305785 0.031409081283893414 0.02843502404661713
342 0.7974553630866384 0.933132547081744 0.03612839754067192 0.03406746515360979
342 0.796851375088691 0.9635740152305786 0.03301703307929138 0.036302087748948254
342 0.7993723870907435 0.9870170414175916 0.03225850897699036 0.025965917164816686
342 0.8245940591265001 0.7645834437236994 0.03616475897699019 0.04031746515360961
342 0.8255571163080923 0.7958607255748646 0.03535169272021186 0.03482143330244423
342 0.826488357232906 0.8216692574260301 0.03768180718159222 0.03255952885594056
342 0.8274377788758789 0.8506027892771957 0.03533805718159222 0.0324776833024444
342 0.8291775408779316 0.8811261029795265 0.03609658128389341 0.02859871515360979
342 0.8308900318027451 0.9069619166818572 0.036877831283893416 0.028625997004775174
342 0.8310491130866385 0.9343056666818572 0.0361283975406721 0.03406746515360979
342 0.8319939895500716 0.9624579485330227 0.03768180718159257 0.03255952885594056
342 0.8329434111930445 0.9865724750153178 0.03848578307929138 0.026855049969364587