273 0.49677433850362596 0.135528205998299 0.05965113585581072 0.05824157513507622
266 0.5047023467757936 0.316986537123825 0.02362159057054054 0.03826389183263199
288 0.5031911966519591 0.3661780052726596 0.022731178659881834 0.03589285998146652
272 0.500680472706807 0.4200842552726596 0.021277840570540718 0.03818204627913566
272 0.49736707403071456 0.5247171915703287 0.021241453266987696 0.03740079627913566
272 0.4956739873891154 0.5778149097191634 0.022022703266987697 0.037428078130301044
343 0.4982789106723137 0.4716467552726596 0.020205492142117264 0.03190476442797028
266 0.471570861458102 0.47569933821228416 0.023767139784752266 0.04138889183263199
289 0.468715535155585 0.5202578700634495 0.02075130169541097 0.04362351442797028
44 0.45989053701761196 0.7264805882122841 0.033413967535011226 0.030806055897782514
46 0.4911769243211648 0.724608064165667 0.031070217535011223 0.030724210344286185
43 0.4906118440897064 0.7534870323145016 0.031142992142117264 0.03228671034428636
42 0.4585078194826006 0.7561680882122841 0.033377580231458384 0.030024805897782513
41 0.4899739892511422 0.7839285004633362 0.031142992142117087 0.032286710344286186
39 0.4580155138582481 0.7834845563611188 0.03494008023145838 0.03007936960011328
38 0.48948168362678973 0.8112449686121707 0.031033830231458382 0.02994296034428636
37 0.4566691836267897 0.8123908063611187 0.03494008023145838 0.03007936960011328
36 0.4890257653059901 0.8377801867610053 0.030288967535011223 0.03069692849312098
28 0.4569581280024372 0.8396799926587878 0.03572133023145838 0.03010665145127902
26 0.48771582237808475 0.8659051867610053 0.030361742142117266 0.03225942849312098
26 0.4556845723780848 0.8670237426587878 0.03583049214211727 0.03245040145127902
24 0.4871871294501792 0.8940029049098399 0.03025258023145838 0.029915678493120622
23 0.45437462945017926 0.8951487426587879 0.035757717535011224 0.03088790145127902
22 0.48587718652227385 0.9221279049098399 0.030288967535011223 0.030696928493120623
16 0.4529555246116151 0.9256174926587878 0.03672090405277597 0.0348214333024444
11 0.48449446898726256 0.95181540490984 0.03199701674922295 0.033876492195451746
10 0.45313530707660377 0.9552504289564571 0.03739299214211709 0.03250496515360979
273 0.7763355599675787 0.11172608513224125 0.06571919933804615 0.05455357994439965
266 0.7585550928468521 0.2925222173462264 0.034505586641598994 0.054243555897782514
288 0.7568983935088059 0.3448386854950609 0.0377761358558109 0.057477683302444224
272 0.7566222576529951 0.40100683994156466 0.03372433664159917 0.05421627404661713
343 0.7564552837078431 0.45483124438806843 0.026038115177646405 0.03990823738612832
266 0.7862883329220548 0.45066953404378207 0.026928527088305287 0.04227926923729371
289 0.7861941335840085 0.5029314384902859 0.027964488213175896 0.047775301088459086
272 0.7548349716733498 0.5063664625369029 0.026147277088305287 0.04225198738612832
272 0.7538503604246447 0.5609993988345721 0.0243664532669877 0.03750992368379737
266 0.4682574627820095 0.5803322745099532 0.025366027088305286 0.042224705534962936
266 0.7858816104246447 0.5598808429367896 0.03223461124870504 0.05572421034428636
342 0.7530412235353765 0.7123436440252486 0.03437715405277597 0.0347395877489479
342 0.7517312806074712 0.7404686440252487 0.036720904052775796 0.03482143330244423
342 0.7512025876795656 0.7685663621740833 0.03810146753501122 0.030969747004775172
342 0.7523455566623191 0.794265766620587 0.037283830231458384 0.03016121515360979
342 0.7509992264308607 0.8231720166205868 0.03590326674922295 0.03401290145127902
342 0.7505069208065082 0.8504884847694216 0.03252355562435252 0.02843502404661713
342 0.7500146151821557 0.877804952918256 0.03746576674922295 0.03406746515360979
342 0.7478142603435914 0.9083009847694214 0.034449928659881834 0.036302087748948254
342 0.7487389055050272 0.9386878892159253 0.033850615177646405 0.040181055897782515
342 0.7860356600531413 0.7072915562763007 0.037756865177646405 0.04031746515360961
342 0.7853614179110241 0.7385142744251352 0.03672090405277597 0.0348214333024444
342 0.7849418868937773 0.7642682425739699 0.038955492142117264 0.03255952885594056
342 0.7843768066623189 0.7931472107228044 0.036611742142117265 0.03247768330244423
342 0.7845202018237548 0.8235613970204735 0.03721105562435252 0.02859871515360979
342 0.7848819208065081 0.8492880833181428 0.03799230562435252 0.028625997004775174
342 0.7836083651821557 0.8766318333181428 0.03746576674922295 0.03406746515360979
342 0.7830796722542501 0.9047295514669773 0.038955492142117264 0.03255952885594056
342 0.7825145920227918 0.9336085196158118 0.039918678659881836 0.03649306070710594