38 0.73828125 0.13359375 0.14375 0.10546875
37 0.56796875 0.13125 0.146875 0.10546875
36 0.3921875 0.1296875 0.146875 0.1078125
28 0.82421875 0.26328125 0.14375 0.10078125
26 0.65390625 0.265625 0.1390625 0.11015625
25 0.48203125 0.26484375 0.1453125 0.11171875
24 0.30234375 0.26484375 0.14453125 0.10703125
23 0.82421875 0.396875 0.1390625 0.109375
22 0.65703125 0.39921875 0.1421875 0.11015625
16 0.48046875 0.40078125 0.14296875 0.10859375
11 0.30390625 0.4015625 0.1484375 0.115625
10 0.82578125 0.5234375 0.1421875 0.11015625
113 0.653125 0.5296875 0.1421875 0.11328125
110 0.3015625 0.5359375 0.14375 0.11640625
53 0.30703125 0.6703125 0.1484375 0.11484375
111 0.48125 0.53359375 0.140625 0.11015625
72 0.4828125 0.66796875 0.14765625 0.11640625
282 0.4859375 0.8 0.15234375 0.1140625
201 0.3953125 0.93359375 0.13984375 0.11484375
194 0.57265625 0.92734375 0.1421875 0.11484375
85 0.65703125 0.6625 0.140625 0.11484375
99 0.82734375 0.6578125 0.1375 0.11484375
35 0.65859375 0.79296875 0.1453125 0.1140625
231 0.7390625 0.91875 0.1375 0.1140625