38 0.7343940688837607 0.17228543079880776 0.1468188271970309 0.11300236827193721
37 0.5641497650436949 0.1610159808896648 0.1499438271970309 0.11316614258219668
36 0.38841397915031745 0.15024117593756772 0.15001202335696498 0.11550989258219668
28 0.8165580480340783 0.3064767243309441 0.14668243487716276 0.10831486827193722
26 0.6461773518741442 0.2998947744218012 0.14226771951689904 0.11744420680654795
25 0.47432508392745554 0.29010593735752843 0.14856318362352178 0.11933425542706697
24 0.29463758392745554 0.280688914517607 0.14764554130365362 0.114605811849502
23 0.812670866917839 0.4400704743309441 0.14224498746358769 0.11666295680654795
22 0.645415170757905 0.4336522987320606 0.14539271951689905 0.11760798111680729
16 0.4688072066512823 0.4259615502023987 0.14612850541027633 0.11608642469437225
11 0.29222197459797095 0.41748955167273677 0.1518018438900784 0.1234042797373263
10 0.8105507742814018 0.5667148614860739 0.14539271951689905 0.11760798111680745
113 0.6377126678549111 0.5639163308442363 0.1454836477301445 0.12073298111680728
110 0.2859683114284204 0.551741720940042 0.14713707594338973 0.12393986827193722
53 0.28752714825886977 0.6864033259829962 0.151779111836767 0.1226230297373263
111 0.46572400758835436 0.5588149937799636 0.14383021951689906 0.11752609396167771
72 0.46337659441880386 0.6932718809350933 0.15104332594338973 0.12414458615976151
282 0.4626598774091873 0.8254669052453529 0.15566262978345566 0.1220464976251506
201 0.368147696292948 0.9466124375278854 0.14318536183676703 0.10677512494422921
194 0.5456733027194387 0.9481038258983251 0.1455291118367672 0.10379234820334986
85 0.6377544687919832 0.6969335487320606 0.1439666118367672 0.1222135939616777
99 0.8082033611118511 0.7011717486412036 0.14084161183676686 0.12204981965141819
35 0.6355207158889893 0.8274841858871905 0.14863137978345567 0.12167800542706715
231 0.7123296053058634 0.948424169775332 0.14081887978345584 0.10315166044933619