290 0.4739087921876025 0.4902754580472511 0.0338219284931208 0.031008970542635694
309 0.5566940103364371 0.49480107417866515 0.03384921034428636 0.031790220542635694
16 0.480044719499597 0.5990194023717251 0.03934524219545175 0.03292192396640843
20 0.5634747783926043 0.5996888332779637 0.03376736479078986 0.029446470542635696
11 0.5645114887368907 0.6293763332779637 0.037728178493120976 0.03125929441675908
10 0.48186267984388315 0.6287569671465498 0.04090774219545175 0.03302205351605778
113 0.5647669490811769 0.6590137685031391 0.037728178493120976 0.03125929441675908
111 0.4837079220393349 0.6592757819213745 0.04090774219545175 0.03302205351605778
110 0.5673115957231323 0.6872388980527884 0.036892364790789854 0.029646729641934398
99 0.48477191423478666 0.6897445319213744 0.040126492195451745 0.0329719887412331
85 0.5683210242162532 0.7161451480527884 0.03781002404661713 0.03360304441675908
72 0.48737112457907283 0.7195321614710237 0.03939980589778251 0.034484423966408426
53 0.5709202345605394 0.7459327776024377 0.037782742195451746 0.03282179441675907
35 0.48846239862568996 0.7507821614710237 0.03937252404661713 0.03370317396640843
260 0.5711756949048257 0.7755702128276131 0.03937252404661713 0.03370317396640843
152 0.4903076408211417 0.7813009762458483 0.04096230589778251 0.034584553516057784
309 0.5761558607840748 0.8288954719269117 0.03072421034428636 0.03158996144333699
309 0.4922173704027216 0.8359884762458485 0.0322594284931208 0.030908840992986342
272 0.537331462960993 0.8778546036360293 0.021049109981466606 0.022395434145440873