290 0.4578125 0.4609375 0.0328125 0.02890625
309 0.540625 0.46015625 0.0328125 0.0296875
16 0.46015625 0.56953125 0.03828125 0.03046875
20 0.54375 0.56484375 0.0328125 0.02734375
11 0.54375 0.59453125 0.03671875 0.02890625
10 0.4609375 0.59921875 0.03984375 0.03046875
113 0.54296875 0.62421875 0.03671875 0.02890625
111 0.46171875 0.6296875 0.03984375 0.03046875
110 0.54453125 0.65234375 0.0359375 0.02734375
99 0.46171875 0.66015625 0.0390625 0.03046875
85 0.54453125 0.68125 0.03671875 0.03125
72 0.46328125 0.68984375 0.03828125 0.03203125
53 0.54609375 0.7109375 0.03671875 0.03046875
35 0.46328125 0.72109375 0.03828125 0.03125
260 0.5453125 0.740625 0.03828125 0.03125
152 0.4640625 0.7515625 0.03984375 0.03203125
309 0.5484375 0.79375 0.0296875 0.0296875
309 0.4640625 0.80625 0.03125 0.02890625
272 0.5078125 0.8453125 0.0203125 0.02109375