290 0.4739087921876025 0.47159320421590323 0.0338219284931208 0.02966996941479181
309 0.5566940103364371 0.4727394365484727 0.03384921034428636 0.030451219414791807
16 0.480044719499597 0.5802415056026741 0.03934524219545175 0.03135975598392378
20 0.5634747783926043 0.5774996717308338 0.03376736479078986 0.02810746941479163
11 0.5645114887368907 0.6071871717308338 0.037728178493120976 0.02976088839274311
10 0.48186267984388315 0.6099471893982643 0.04090774219545175 0.03139612357510426
113 0.5647669490811769 0.6368564879352435 0.037728178493120976 0.02976088839274311
111 0.4837079220393349 0.6404341231938545 0.04090774219545175 0.03139612357510409
110 0.5673115957231323 0.665017855526424 0.036892364790789854 0.02818020459715278
99 0.48477191423478666 0.6709028731938546 0.040126492195451745 0.03137793977951393
85 0.5683210242162532 0.693924105526424 0.03781002404661713 0.032104638392743114
72 0.48737112457907283 0.7006267407850351 0.03939980589778251 0.0329222559839236
53 0.5709202345605394 0.7236479731176046 0.037782742195451746 0.03132338839274311
35 0.48846239862568996 0.7318767407850351 0.03937252404661713 0.032141005983923596
260 0.5711756949048257 0.7533172893220144 0.03937252404661713 0.032141005983923596
152 0.4903076408211417 0.7623636745806254 0.04096230589778251 0.03295862357510408
309 0.5761558607840748 0.8065150245043755 0.03072421034428636 0.030378484232430482
309 0.4922173704027216 0.8170511745806254 0.0322594284931208 0.029633601823611144
272 0.537331462960993 0.8571319671336809 0.021049109981466606 0.021566528685347208