76 0.4253877595669115 0.19394273695394454 0.07776495031656908 0.12793342348764045
78 0.5078138146606187 0.17390156179931415 0.07133309389007839 0.12117324045710229
79 0.5871376018076372 0.15489672815995287 0.06802623746358769 0.11466814894183322
64 0.42849970236163315 0.38163405559039637 0.07367684389007838 0.1213645590935541
73 0.5082864907622929 0.3516279490722177 0.0695887374635877 0.11479569469946771
74 0.5829227779093115 0.33300575270576005 0.06333873746358769 0.11428551166892964
75 0.6519084586298394 0.30857996649102326 0.06228470282385157 0.10484673879011233
60 0.4324921835570147 0.5457603284692135 0.06802623746358769 0.11466814894183308
61 0.5076596681176084 0.5184806092239386 0.0640063271970309 0.11044303454774677
62 0.5796112244649569 0.4883309814939327 0.058469381037096826 0.10765287439602603
63 0.6455173692921075 0.465722786794465 0.060608542557294955 0.10081294303247787
59 0.6362824247815261 0.6058694257343585 0.05583011434404952 0.09730530575957416
57 0.574441654327555 0.6336275060397399 0.060563078450672235 0.09925044303247788
56 0.5064418120868291 0.6650207693756596 0.06145798871722903 0.1032204659112951
55 0.4361436839527261 0.6981678513480309 0.06393813103709682 0.10809928454774678
54 0.6322889097378313 0.7377571545225312 0.05406302586424747 0.09014651000193971
47 0.5705617995504169 0.7694214848279126 0.056725024610606314 0.10127532863839157
46 0.5057096893630024 0.8013409066485631 0.060631274610606314 0.10159419303247788
44 0.4369740612288993 0.8343604428632998 0.060813131037096825 0.10784419303247787
43 0.6263691818411551 0.8572724290683384 0.05011131175762475 0.08826514560785341
42 0.5685937857603633 0.8901803949796335 0.05406302586424747 0.09014651000193971
41 0.5044319973597036 0.9189110439214667 0.05776468738444542 0.08343412439602602