272 0.4937131176828344 0.11182183468085978 0.0635130541565303 0.043529463097709886
287 0.5702301658874364 0.11517507685893917 0.0603880541565303 0.04334745257436619
259 0.49500745208998576 0.15782457941918793 0.0650755541565303 0.043620468359381714
266 0.5691807502945876 0.1613143294897751 0.05960225897699036 0.04252069994353027
28 0.4961745214700223 0.2257023241575161 0.05880282825883114 0.03935019731269431
26 0.5708745396203949 0.27289657159726727 0.05645453307929138 0.03843243942018652
25 0.495116015518094 0.273404076788352 0.06271816861791084 0.041140210466874015
24 0.5706063740275462 0.3189903215972673 0.05958407825883114 0.039395699943530274
23 0.4964058047457055 0.32018807152668016 0.06192782825883114 0.03953220783603806
22 0.571133093973317 0.3626948189664314 0.05722669272021186 0.036915442051022575
20 0.4961512746914762 0.3639380715266801 0.06348123789975162 0.038060713097709885
16 0.5716552687395478 0.40718056633559546 0.0595658975406721 0.03627069994353036
11 0.49665526873954774 0.41154881889584416 0.06349032825883114 0.039623213097709886
10 0.5729586935057787 0.4516208110739236 0.06034714754067192 0.03631620257436623
113 0.49717289832623884 0.45681581626500833 0.06348578307929138 0.03884196309770989
111 0.5726996182720095 0.4961520610739236 0.05721760236113216 0.03535294205102257
110 0.49847177791292996 0.5020373110033365 0.06191873789975162 0.037969707836037966
99 0.5740030430382405 0.5405923058122518 0.06347669272021186 0.03727946309770989
85 0.4982036123200812 0.5481310610033365 0.06191873789975162 0.037969707836037966
260 0.5745206726249317 0.5858593031814159 0.06113748789975162 0.0379242052052021
53 0.49871669672723246 0.5941793083725005 0.06192782825883114 0.03953220783603797
266 0.5726990973911624 0.6304815584430876 0.05878919272021186 0.03700644731269449
260 0.4992297811343838 0.6402275557416646 0.06583407825883114 0.03975972099021767
260 0.5762099167711991 0.6982227952889082 0.05956589754067192 0.03627069994353036
260 0.500383214975801 0.7104490504799927 0.061146578258831144 0.0394867052052021
260 0.5759462963578901 0.743535295288908 0.061146578258831144 0.0394867052052021
260 0.49932925420341245 0.7573695531108287 0.06271816861791084 0.04114021046687384
237 0.5014048386105637 0.803326795218321 0.05488294272021186 0.036778934158514784
260 0.5756781307650415 0.7896290452889081 0.055668737899751616 0.037605686789350654
260 0.5003463326586355 0.8510285478491568 0.06036532825883114 0.03944120257436623
260 0.5761957603517326 0.834896042658072 0.06036078307929138 0.03865995257436623