272 0.49453125 0.140625 0.06328125 0.03984375
287 0.57109375 0.1484375 0.06015625 0.03984375
259 0.49609375 0.18671875 0.06484375 0.03984375
266 0.5703125 0.19453125 0.059375 0.0390625
28 0.49765625 0.2546875 0.05859375 0.0359375
26 0.57265625 0.30625 0.05625 0.03515625
25 0.496875 0.30234375 0.0625 0.0375
24 0.57265625 0.35234375 0.059375 0.0359375
23 0.4984375 0.34921875 0.06171875 0.0359375
22 0.5734375 0.39609375 0.05703125 0.03359375
20 0.4984375 0.39296875 0.06328125 0.034375
16 0.57421875 0.440625 0.059375 0.0328125
11 0.49921875 0.440625 0.06328125 0.0359375
10 0.57578125 0.48515625 0.06015625 0.0328125
113 0.5 0.4859375 0.06328125 0.03515625
111 0.57578125 0.5296875 0.05703125 0.03203125
110 0.5015625 0.53125 0.06171875 0.034375
99 0.57734375 0.57421875 0.06328125 0.03359375
85 0.5015625 0.57734375 0.06171875 0.034375
260 0.578125 0.61953125 0.0609375 0.034375
53 0.50234375 0.6234375 0.06171875 0.0359375
266 0.5765625 0.6640625 0.05859375 0.03359375
260 0.503125 0.66953125 0.065625 0.0359375
260 0.58046875 0.73203125 0.059375 0.0328125
260 0.5046875 0.73984375 0.0609375 0.0359375
260 0.58046875 0.77734375 0.0609375 0.0359375
260 0.50390625 0.78671875 0.0625 0.0375
237 0.50625 0.8328125 0.0546875 0.03359375
260 0.58046875 0.8234375 0.05546875 0.034375
260 0.50546875 0.88046875 0.06015625 0.0359375
260 0.58125 0.86875 0.06015625 0.03515625