272 0.49944198320977706 0.13199292492221743 0.0646726244094367 0.04094832832748878
287 0.5762773017214313 0.13846902151365073 0.06154762440943671 0.04089378124958811
259 0.5026141124285373 0.17805940138326706 0.06623512440943671 0.040975601866439115
266 0.5771056809401915 0.1845764082831259 0.060739092558271326 0.040098894480112876
28 0.5065501334799295 0.2460008778443167 0.05984871515360979 0.03696025771063773
26 0.5833507356568477 0.2962542479747004 0.057477683302444404 0.03613809740221221
25 0.5074330764010206 0.2936707646137919 0.06380952885594056 0.03859094155801364
24 0.584960364875608 0.3423479979747004 0.060629965153609786 0.03697389448011297
23 0.5106324874709463 0.34051849107484156 0.06297371515360979 0.03701480478853849
22 0.587269398540872 0.38608436120522527 0.058204369600113284 0.034589234171687445
20 0.5121602711362103 0.38426849107484157 0.06448165145127885 0.035479578327488784
16 0.5896057140573013 0.4306019744357501 0.0605208377489479 0.03384889448011279
11 0.5146057140573014 0.4319111043053664 0.06453621515360979 0.03704207832748878
10 0.5927232795737307 0.47510595089679974 0.061302087748947895 0.033862531249588025
113 0.5169693114248961 0.4772099675358912 0.06450893330244441 0.03626082832748878
111 0.5942783450901601 0.5196372008967998 0.058149805897782514 0.033026734171687444
110 0.520114158792491 0.5224951939969408 0.06291915145127866 0.035452304788538315
99 0.5973959106065895 0.5641411773578493 0.06445436960011328 0.03469832832748878
85 0.5217237880112513 0.5685889439969408 0.06291915145127884 0.035452304788538315
260 0.5997595079741844 0.6094400405883742 0.06213790145127866 0.03543866801906326
53 0.5241146672300114 0.6146690572274658 0.06297371515360961 0.037014804788538316
266 0.5997520734906138 0.6539985641273246 0.05976686960011328 0.034616507710637734
260 0.5265055464487718 0.6607491704579905 0.06687996515360979 0.037082988635914305
260 0.606031844542006 0.7218991302799488 0.0605208377489479 0.03384889448011279
260 0.5305234130536602 0.7310343969190403 0.062192465153609613 0.03700116801906326
260 0.6076141919096008 0.7672116302799487 0.06219246515360979 0.03700116801906326
260 0.531379074123586 0.7779230336885153 0.06380952885594056 0.03859094155801355
237 0.5353324533423461 0.8239758733800897 0.05586061960011346 0.034548323863261746
260 0.609223821128361 0.8133053802799488 0.05666915145127884 0.0353432106327368
260 0.5362153962634373 0.871645760149565 0.06141121515360979 0.0369875312495882
260 0.6115874184959559 0.8586042435104735 0.061383933302444224 0.036206281249588204