258 0.2098288800648426 0.2884427815463487 0.12369867328319835 0.11247342378986111
260 0.6069414745643247 0.33107617537174083 0.1066738391227986 0.09833235866099876
265 0.2601478653825342 0.44850717831241693 0.10414815260503385 0.09430327792830404
343 0.5606572876322752 0.47516701209732926 0.09150260339082213 0.09052318068726599
266 0.4150900765074047 0.4620827566702623 0.09757066687305756 0.08694447930778501
10 0.28699727150222476 0.6735857434412793 0.11708480024766903 0.10433337516934209
11 0.5393046341986718 0.6860292689947343 0.1129238391227986 0.09865990728151779
260 0.5362588709641054 0.7879635832190856 0.1066738391227986 0.09833235866099876
111 0.2880033074818701 0.778849775553455 0.1168300891227985 0.0988646251693421
110 0.5394631077295392 0.8902254460639558 0.10649190260503402 0.09442610866099876
260 0.29376961806862134 0.8859219691310198 0.10641912799792799 0.09286360866099877
85 0.5383244468523376 0.9695846090564686 0.10772691687305738 0.06083078188706281
72 0.2947563833701023 0.9670422455900006 0.11205054383752824 0.06591550881999879