258 0.21957814485894728 0.2746885340922572 0.12742311151914842 0.10832278896022585
260 0.6174575354658308 0.289649691968346 0.1099327225792548 0.09475516680124726
265 0.27542901638003536 0.4317510117711228 0.1072701081851685 0.09080800649282175
343 0.576321836683477 0.4374519922926575 0.09451501666989941 0.08746481818121907
266 0.4305629265317562 0.4345196814150391 0.1004461522758131 0.08366766233702042
10 0.31013808260059117 0.6556833896121443 0.12053538273097572 0.10040119480442442
11 0.5624180597217739 0.6504974630716643 0.1161827225792548 0.09486426095704861
260 0.562959806846836 0.7529775807664161 0.10993272257925497 0.09475516680124726
111 0.31484117124092237 0.7612203234595201 0.1200889725792548 0.09493244480442442
110 0.569751553971898 0.8553486043053663 0.10961385818516849 0.09084891680124726
260 0.324359305638888 0.8682379366900449 0.10948631242753404 0.08928641680124727
85 0.5718717765511528 0.9484128116916924 0.11060240227581311 0.08384494034019738
72 0.3284406409452393 0.9565737337679454 0.1146521734876405 0.07611426095704843