275 0.46866922619964174 0.8736847978491568 0.036985346843970035 0.06606461575678076
264 0.510298310686322 0.8658044084148528 0.035422846843970034 0.06597361049510866
260 0.47000357452648645 0.8026820531108287 0.03526367935348418 0.06206736049510866
110 0.5092889090131669 0.7949381715690325 0.040827929847775654 0.06472962891096028
111 0.5088697563514286 0.7287139320923762 0.03379667984777566 0.06432010523343692
113 0.5100131036896902 0.6623986873540479 0.04004667984777566 0.06468412628012424
10 0.5119695345260491 0.5952566899848839 0.03770292984777566 0.06454761838761662
11 0.5115822153624079 0.5282512005082276 0.036076762851581276 0.06289411312594488
16 0.5111630627006695 0.4620269610315713 0.03529551285158128 0.06284861049510884
22 0.5114614930427368 0.3973197189240791 0.036076762851581276 0.0628941131259447
23 0.5126366738790955 0.3302232241857509 0.03620409684397004 0.0660191131259447
266 0.5130306047154545 0.2631722320782587 0.036076762851581276 0.0628941131259447
266 0.49409887399282637 0.17308555837250053 0.03341467787060921 0.05494510523343701
259 0.4740317717116488 0.2638848636200549 0.03598126235728962 0.06055036312594471
99 0.47038550688290115 0.33424286625089084 0.03685801285158128 0.06293961575678067
85 0.47230349254844517 0.4019386004658753 0.03842051285158128 0.0630306210184525
72 0.4703788952101835 0.46829934783503935 0.03754376235728962 0.06064136838761662
53 0.4715474643738247 0.5352593346808597 0.03857968034206714 0.0669368710184525
35 0.47030861654127143 0.6039183294191879 0.03623593034206731 0.0668003631259447
152 0.46922893619920425 0.668671074157516 0.03857968034206714 0.0669368710184525
168 0.47111508836665095 0.7371480583725005 0.03942459733826169 0.06854487364928855