275 0.4528677087536712 0.9266675853987447 0.03810621572854593 0.06566354135632864
264 0.49459247716952265 0.92312736248705 0.036543715728545936 0.06559076674922296
260 0.4554459481597403 0.855501060791639 0.03631620257436623 0.06168451674922295
110 0.4948269665755918 0.8518516759692855 0.04192146046687384 0.06428297787409357
111 0.4955696901966455 0.7852998767550737 0.034890210466873836 0.06395549214211727
113 0.49787491381769905 0.7188208521479679 0.04114021046687384 0.06424659057054072
10 0.5010068900695885 0.651596964844415 0.038796460466874017 0.06413742865988184
11 0.501795116321478 0.5842639156302033 0.0371429552052021 0.06250215405277579
16 0.5025378399425315 0.5177121164159916 0.0363617052052021 0.06246576674922295
22 0.5039708083019134 0.45275920450533275 0.0371429552052021 0.06250215405277597
23 0.5063215345538028 0.38549892989822687 0.037324965728545934 0.06562715405277597
266 0.5078910108056924 0.3182022679875681 0.0371429552052021 0.06250215405277597
266 0.49055856861349556 0.22574078618453317 0.03434417889684287 0.05458049214211709
259 0.4689195160673642 0.31482040280992163 0.03700644731269431 0.06015840405277597
99 0.46404302929213104 0.3850965155063687 0.0379242052052021 0.0625385413563289
85 0.4647718004094056 0.45328358932768625 0.0394867052052021 0.06261131596343468
72 0.46168532678835195 0.5197262266312392 0.038568947312694314 0.06023117865988183
53 0.46167835053646245 0.5870956631490039 0.039714218359381805 0.06651756596343468
35 0.45923661902290114 0.6559184377561097 0.037370468359381806 0.06640840405277597
152 0.45702240066351935 0.7208349623632155 0.039714218359381805 0.06651756596343468
168 0.457705669149958 0.7898032861845332 0.04058647362105354 0.06811645326698752