275 0.50546875 0.903125 0.034375 0.0640625
264 0.546875 0.89765625 0.0328125 0.0640625
260 0.50390625 0.83203125 0.0328125 0.06015625
110 0.54296875 0.8265625 0.03828125 0.0625
111 0.53984375 0.76015625 0.03125 0.0625
113 0.53828125 0.69375 0.0375 0.0625
10 0.5375 0.6265625 0.03515625 0.0625
11 0.534375 0.559375 0.03359375 0.0609375
16 0.53125 0.49296875 0.0328125 0.0609375
22 0.52890625 0.428125 0.03359375 0.0609375
23 0.52734375 0.3609375 0.03359375 0.0640625
266 0.525 0.29375 0.03359375 0.0609375
266 0.50234375 0.20234375 0.03125 0.053125
259 0.4859375 0.2921875 0.03359375 0.05859375
99 0.48515625 0.3625 0.034375 0.0609375
85 0.48984375 0.43046875 0.0359375 0.0609375
72 0.490625 0.496875 0.03515625 0.05859375
53 0.49453125 0.5640625 0.0359375 0.06484375
35 0.49609375 0.6328125 0.03359375 0.06484375
152 0.49765625 0.69765625 0.0359375 0.06484375
168 0.50234375 0.76640625 0.03671875 0.06640625