110 0.3859375 0.23984375 0.1234375 0.11640625
99 0.6625 0.33046875 0.11953125 0.10625
85 0.525 0.33515625 0.121875 0.1125
72 0.39140625 0.33984375 0.121875 0.1125
53 0.66328125 0.43125 0.12109375 0.1
35 0.52578125 0.43046875 0.1234375 0.11015625
277 0.39296875 0.440625 0.121875 0.11015625
275 0.40078125 0.56484375 0.12421875 0.11640625
264 0.65859375 0.55 0.11953125 0.10859375
259 0.40703125 0.65703125 0.12109375 0.10234375
263 0.53125 0.65 0.11484375 0.10390625
288 0.659375 0.64375 0.11875 0.10390625