110 0.38035507475378455 0.25781907795514675 0.12614688554295145 0.12215544396136276
99 0.6548082544653122 0.36132518341288355 0.12200424620027786 0.11181725744359809
85 0.5171991516917706 0.3596085179875681 0.12449346656499997 0.1181764193542568
72 0.3834962989182289 0.3580737890800173 0.12449346656500015 0.11817641935425689
53 0.6532437948341663 0.4621428207164365 0.12342127583555573 0.10564003205070396
35 0.5157619786297566 0.45495740529112105 0.12600141517822933 0.11590544396136267
277 0.382713089287083 0.4589278136871231 0.12443891517822925 0.11583266935425698
275 0.3876343657882287 0.5835104367226525 0.12692813554295146 0.12219183126491569
264 0.645792357904444 0.5806744968951189 0.12205879758704867 0.1141610074435981
259 0.3917386779085758 0.6759890351510759 0.12347582722232656 0.10798378205070396
263 0.5161210820688884 0.6747433664159915 0.11726219481350704 0.10925518362228068
288 0.6443915524336106 0.6744608841986718 0.12116844481350704 0.10943712014004525