110 0.36776322737997585 0.2151117512366177 0.13225823817714533 0.12431648442229637
99 0.6374585755105204 0.2880138209486879 0.12758239357108572 0.11390991054817308
85 0.4996033780000314 0.3015127213178281 0.13039974025173784 0.12031010487264701
72 0.36565443048954227 0.31476129781284506 0.13039974025173767 0.12031010487264701
53 0.6306030790350053 0.3887450061738632 0.1286712968904336 0.10776004009782243
35 0.4931622786200869 0.39677515654300344 0.1317846414964933 0.11806648442229636
277 0.35958018401402725 0.4154424182631957 0.1302221414964932 0.11796635487264702
275 0.35797994998606686 0.5391605205149491 0.13303948817714534 0.12436654919712105
264 0.6169172421026156 0.5077953948228112 0.12775999232633026 0.11625366054817299
259 0.3572443989464484 0.6309475023163518 0.12884889564567806 0.11010379009782234
263 0.481995945212182 0.6159559531192309 0.12271729481584118 0.11126577189922511
288 0.6105945418928341 0.6014953300479865 0.12662354481584118 0.11151609577334831