263 0.59453125 0.18984375 0.05078125 0.08828125
72 0.55703125 0.39140625 0.04765625 0.08203125
53 0.55859375 0.48828125 0.0484375 0.08359375
35 0.5609375 0.584375 0.046875 0.08046875
9 0.5640625 0.675 0.046875 0.0765625
85 0.6453125 0.7546875 0.04453125 0.07421875
99 0.64296875 0.6640625 0.0453125 0.078125
111 0.63984375 0.47734375 0.04609375 0.0796875
231 0.6390625 0.384375 0.04609375 0.08046875
119 0.6421875 0.571875 0.04375 0.0765625
121 0.56484375 0.76953125 0.04609375 0.08046875
275 0.56953125 0.95 0.06171875 0.08203125
264 0.6453125 0.93515625 0.0421875 0.07578125