263 0.5890073610453441 0.2106052387368907 0.05334997202418137 0.09005457032575279
72 0.5456424912910183 0.4108582098809501 0.050043115597690854 0.08369544292109107
53 0.5443862166804122 0.5077877735832809 0.05086982970431357 0.08528522477225664
35 0.5439339241231173 0.6039633691367772 0.04921640149106814 0.0821056610699257
9 0.5444220059390018 0.694697496541439 0.049102741224511345 0.0781994110699257
85 0.623353336501245 0.7772223090626434 0.046690795064577274 0.07577381551642937
99 0.6236465046853605 0.6865154635091472 0.047585705331134064 0.07970734736759474
111 0.6259544654267709 0.49968758610448544 0.04841241943775678 0.08129712921876013
231 0.6278783297708205 0.40669155425332004 0.04843515149106814 0.08207837921876031
119 0.6255476369760987 0.5943006816579818 0.04597774122451135 0.07809028366526398
121 0.5424526774883296 0.7892560283926044 0.04843515149106814 0.08207837921876031
275 0.5418890731734098 0.9638976056892812 0.06410561559769086 0.07220478862143764
264 0.6181022321863253 0.9576910590626435 0.04439250917119999 0.07725446996293321