263 0.6044805393482648 0.1517444563584333 0.05540787426483096 0.09153546036360294
72 0.5775439823600028 0.35571006555001705 0.051955325644311934 0.08508520126430427
53 0.5841834859780475 0.45248493600036765 0.05281846279944169 0.08669776603912886
35 0.5915632960185272 0.5484284916758938 0.05109218848918218 0.08347263648947952
9 0.5994377510160528 0.6388532325765951 0.05088747060135788 0.0795663864894797
85 0.6848639959276701 0.7133339959948304 0.04842088986866315 0.07707244216500567
99 0.6777707909301446 0.6228591903193044 0.049406857756487454 0.08102875693983033
111 0.6648602758921391 0.436340699418603 0.05026999491161739 0.08264132171465502
231 0.6592067401619189 0.34342201419342766 0.05031093848918218 0.08342257171465502
119 0.6721581987774892 0.530721755094129 0.047762470601357875 0.07936612739018098
121 0.6051731739014028 0.7333344178017704 0.05031093848918218 0.08342257171465502
275 0.6193186403188891 0.9135027791528223 0.0660178256443121 0.08598636721114801
264 0.6943219623451565 0.8938027459948306 0.04615902702379291 0.0784847478405318