259 0.5086422985267317 0.15598937595923 0.044470901861256 0.08007526609154336
275 0.4737206313302371 0.26284566333809684 0.046486869930270555 0.075551657057036
264 0.5575329026175606 0.260125218902194 0.04136232735562366 0.06897387512605083
24 0.4800959534900807 0.3652440436599277 0.042307468321116384 0.07137225544788173
266 0.562400355099235 0.36341410986768663 0.04465121832111638 0.07153614641337427
23 0.4859413979259835 0.4488377936599278 0.042034316711962026 0.06746600544788173
36 0.5665194085696452 0.44477337051134835 0.043869968321116205 0.07148151609154337
28 0.5716382333273791 0.5292030008331793 0.042143577355623664 0.06902850544788172
26 0.5766477974414509 0.6120701311550102 0.042307468321116384 0.07137225544788173
25 0.5821108296245378 0.6901951311550101 0.04448732735562366 0.06919239641337427
22 0.490388233327379 0.5348845543035894 0.043706077355623665 0.06913776609154336
16 0.4967964064759583 0.6152986739817585 0.042307468321116384 0.07137225544788173
9 0.5024779599463686 0.6965486739817586 0.04359681671196203 0.06757526609154337