259 0.4953125 0.190625 0.0390625 0.07734375
275 0.453125 0.29453125 0.04140625 0.07265625
264 0.53671875 0.29765625 0.03671875 0.06640625
24 0.45234375 0.396875 0.0375 0.06875
266 0.534375 0.40078125 0.03984375 0.06875
23 0.45234375 0.48046875 0.0375 0.06484375
36 0.5328125 0.48203125 0.0390625 0.06875
28 0.53203125 0.56640625 0.0375 0.06640625
26 0.53125 0.64921875 0.0375 0.06875
25 0.53125 0.72734375 0.03984375 0.06640625
22 0.45078125 0.56640625 0.0390625 0.06640625
16 0.4515625 0.646875 0.0375 0.06875
9 0.4515625 0.728125 0.0390625 0.06484375