273 0.2150635680299077 0.22525849240055576 0.19714027136377138 0.22874651510197933
259 0.5016914113621805 0.22411944538218792 0.09124316534054522 0.055234320288472284
16 0.43939250071608865 0.3741908741437851 0.0794153273392725 0.04558656335461819
22 0.5699157947167249 0.3819150680073616 0.08492044000636341 0.04883884992375016
11 0.5704794160566338 0.43035256800736155 0.08101419000636341 0.04874793094579868
10 0.44071919072245197 0.42108405793937537 0.08103237133990877 0.05031043094579868
113 0.5686447433959062 0.47404801662059076 0.07942441800604527 0.04636781335461819
111 0.445116336728179 0.46336247691732685 0.07936987400540882 0.04168031335461819
110 0.5683725707351787 0.5177798328250005 0.08098691800604527 0.04640418094579868
99 0.44564359540099685 0.5086749769173269 0.0793789646721816 0.04246156335461819
85 0.5665378980744511 0.5614752814382296 0.07940623667249973 0.044805313354618195
72 0.44690665073995123 0.550099410712917 0.07550907733927233 0.04549564437666689
53 0.5662111814130872 0.6005195976426394 0.07940623667249973 0.044805313354618195
35 0.4481515247453601 0.5899613445085073 0.07548180533895418 0.04315189437666671
186 0.5674469647517234 0.6396002814382296 0.07706248667249974 0.0447507619678472
9 0.44936912675045076 0.6274795283040977 0.07391930533895419 0.043115526785486226
275 0.4557293094366316 0.7713386310776393 0.0918789646721816 0.042752504084062434
264 0.5659946474379043 0.7832775462558684 0.064526124005409 0.04133482123840295
273 0.8245112933640895 0.24569185296097293 0.2388101507001803 0.25236650626826407