273 0.2125 0.2203125 0.19453125 0.22421875
259 0.49921875 0.2125 0.090625 0.053125
16 0.43515625 0.3640625 0.07890625 0.04375
22 0.565625 0.36875 0.084375 0.046875
11 0.565625 0.4171875 0.08046875 0.046875
10 0.4359375 0.4109375 0.08046875 0.0484375
113 0.56328125 0.4609375 0.07890625 0.04453125
111 0.43984375 0.453125 0.07890625 0.03984375
110 0.5625 0.5046875 0.08046875 0.04453125
99 0.43984375 0.4984375 0.07890625 0.040625
85 0.56015625 0.5484375 0.07890625 0.04296875
72 0.440625 0.53984375 0.075 0.04375
53 0.559375 0.5875 0.07890625 0.04296875
35 0.44140625 0.5796875 0.075 0.04140625
186 0.56015625 0.6265625 0.0765625 0.04296875
9 0.4421875 0.6171875 0.0734375 0.04140625
275 0.446875 0.7609375 0.09140625 0.040625
264 0.55703125 0.7703125 0.0640625 0.03984375
273 0.821875 0.2265625 0.2359375 0.246875