273 0.21378174063022612 0.22154878883482804 0.1958357165279251 0.2253504997054124
259 0.500455038834828 0.21540436972593788 0.09093407220870695 0.05365224082661779
16 0.437274303665551 0.3665941650036736 0.07916078005422929 0.04420906313352067
22 0.5677703247427898 0.3720407099868216 0.0846477107723885 0.04736587939029935
11 0.5680521258742579 0.42047820998682167 0.0807414607723885 0.04734315349260036
10 0.4383282644379395 0.4134737101832133 0.0807505511314682 0.048905653492600364
113 0.5659629059284873 0.4642145744482022 0.07916532523376922 0.044990313133520664
111 0.44247995413308916 0.4556839360809124 0.0791380541565303 0.04030281313352067
110 0.5654361859827166 0.5079600292686625 0.08072782523376923 0.044999403492600364
99 0.442743574546398 0.5009964360809124 0.07914259933607007 0.041084063133520664
85 0.5633469660369459 0.551696393730043 0.07915623487468934 0.04342781313352066
72 0.44376571906200796 0.5424072312604522 0.07525453005422929 0.04418633723582168
53 0.5627929750139362 0.5907543485505031 0.07915623487468934 0.04342781313352066
35 0.44477877321853815 0.582255526439992 0.07524089451560982 0.04184258723582168
186 0.5638014839909268 0.629821393730043 0.07681248487468935 0.0434141775949012
9 0.445778191836449 0.6197600716195317 0.07367839451560983 0.04183349687674216
275 0.45130200487177385 0.7635373426967706 0.09164259933607007 0.04115678600615773
264 0.5615127970262515 0.7735532130118837 0.0642943041565303 0.040216454722264317
273 0.8231931020665446 0.23134402887587893 0.23737377673457977 0.24824764422102225