53 0.33359375 0.37109375 0.071875 0.0890625
72 0.50859375 0.36953125 0.06796875 0.0890625
35 0.50859375 0.48359375 0.0625 0.08125
277 0.340625 0.4921875 0.0703125 0.0828125
264 0.50703125 0.58671875 0.0640625 0.06875
275 0.35 0.59765625 0.06328125 0.0734375
288 0.5046875 0.6796875 0.05859375 0.059375
259 0.35625 0.690625 0.0609375 0.065625
263 0.4328125 0.77109375 0.05625 0.05703125
272 0.38671875 0.959375 0.0328125 0.03671875
340 0.57265625 0.68125 0.0546875 0.071875
266 0.41328125 0.371875 0.075 0.09375
266 0.58828125 0.36953125 0.0734375 0.0953125
266 0.41640625 0.48515625 0.075 0.08984375
266 0.57890625 0.48046875 0.06875 0.0875
266 0.421875 0.59375 0.07109375 0.08046875
266 0.5765625 0.584375 0.065625 0.0734375
266 0.425 0.68984375 0.0640625 0.0796875
266 0.49765625 0.7671875 0.0640625 0.065625