53 0.3357527102814092 0.3788582307170489 0.07239315046753818 0.09073540919430556
72 0.5107436199223295 0.3813689009292712 0.0684869004675381 0.09064449021635426
35 0.5114072161351417 0.49543140092927124 0.06297269867214013 0.0827047036472223
277 0.3434884631100796 0.5001156348773614 0.07079428903121973 0.0844490416031249
264 0.5104446798343965 0.5985200333380908 0.06446247579950323 0.07024107123840295
275 0.35347706234795384 0.6058025904244447 0.06370849687674199 0.07491038744281261
288 0.5086418061996337 0.6914342319513199 0.05893918364502539 0.06073878466927098
259 0.360267938713191 0.698916810789167 0.06131929508134393 0.06704333605604162
263 0.43729859220579137 0.7811675727570142 0.05658179810640611 0.05834048328249999
272 0.39230023047488527 0.9683759788171878 0.03302612343837099 0.03748246941479181
340 0.5766196465587133 0.6945787221676741 0.05510565651766246 0.07314786569131951
266 0.415444755460949 0.38149422786725734 0.07554542154477702 0.09549564437666672
266 0.5904311199223296 0.3832236480794796 0.07399201190385654 0.09702177678548614
266 0.4192288064942213 0.4948482130496184 0.07552269564707803 0.09158939437666672
266 0.5817015354169824 0.49394294253239635 0.06925906010845857 0.08910017401194459
266 0.4253293364502547 0.6035692496187504 0.07156190349260036 0.08212347539871541
266 0.579962294295777 0.5977946411456255 0.06605224687674216 0.07496493882958326
266 0.4290133935336512 0.6997357348011114 0.06452610831306042 0.08117857123840296
266 0.5021196163080923 0.7787705777910073 0.06444429508134383 0.06711607123840295