53 0.34007121550070574 0.3613871632360576 0.07342959172016936 0.09115384890464337
72 0.5150439419617554 0.3547326832943173 0.06952334172016954 0.09104018863808658
35 0.5170349103051303 0.4687951832943173 0.06391822402541755 0.08306856426490725
277 0.34921616476935713 0.48227632475625554 0.07175799756436803 0.08485838479802066
264 0.5172724638758527 0.5719656474009399 0.06526253571381488 0.07061402837152997
275 0.36043212864850505 0.5874722901165195 0.06456310633066593 0.07527879631821861
288 0.5165514894433979 0.665002593560874 0.05963014448011279 0.06107990399835046
259 0.3683049042160503 0.6802591836900287 0.062082988635914306 0.06739810015828454
263 0.4462719914719928 0.7585001924655174 0.05724548417168727 0.058667957838416385
272 0.4034647029155088 0.9481226336108864 0.03345342816533296 0.03767349623907634
340 0.5845475129823482 0.6645874049227873 0.05594208279171564 0.07346624373179385
266 0.4197723522701809 0.35984974379830087 0.07663641233702041 0.09593227711788872
266 0.5947314419617553 0.35241401385656057 0.0751011858759707 0.097449313011266
266 0.42487468384408056 0.47304006558505546 0.07656822848964459 0.09202602711788863
266 0.5872928632272295 0.46362429849629666 0.07027731818121907 0.08950042069139794
266 0.43223894480112923 0.581474691211876 0.0724983372559425 0.08253736685133184
266 0.5867628035674272 0.5675987446562306 0.06690685633066593 0.07534699247815269
266 0.43704126744657507 0.6774775129986308 0.06545345048646745 0.08155152837152997
266 0.511047557624617 0.7527071820406761 0.0652079886359143 0.06748902837152997