290 0.4959208315771949 0.4089747110795031 0.06327729586008476 0.049633080305381404
37 0.41755650365674324 0.6404162875918626 0.05462899878218401 0.045806578638391396
38 0.5691190036567433 0.6527882260824127 0.05225797524323354 0.044052760001939716
36 0.5682053401019068 0.7051319760824126 0.05461536201270896 0.04502532863839157
28 0.41664284010190683 0.6927600375918627 0.05231252232113448 0.04717776000193972
26 0.5680729265470704 0.7575394989612299 0.05387502232113448 0.047305305759574166
25 0.4157291765470704 0.7451037875918627 0.05387502232113448 0.047305305759574166
24 0.5671728997617093 0.8091019989612299 0.0538750223211343 0.047305305759574166
23 0.4140478997617093 0.7966025147130453 0.054683545860084594 0.04893157863839157
22 0.5654916229763481 0.8606007260824127 0.052339795860084595 0.04874026000193972
20 0.41314787297634803 0.8481650147130455 0.05468354586008477 0.04893157863839122
16 0.566948982960462 0.9115732947188644 0.050777295860084594 0.048612714244305265
11 0.41302909619098677 0.8997912875918626 0.05623240909060954 0.04827787439602602
9 0.4152813429445759 0.9500463791071319 0.05236706939903506 0.05030276000193936