290 0.4959208315771949 0.3299034167925878 0.06327729586008476 0.04926721680652095
37 0.41755650365674324 0.5730273773753314 0.05462899878218401 0.04549102137062437
38 0.5691190036567433 0.5615426578695181 0.05225797524323354 0.04375092261537983
36 0.5682053401019068 0.6138864078695181 0.05461536201270896 0.044709771370624374
28 0.41664284010190683 0.6253711273753314 0.05231252232113448 0.04687592261537983
26 0.5680729265470704 0.6661709582844366 0.05387502232113448 0.04699432178554286
25 0.4157291765470704 0.6777148773753314 0.05387502232113448 0.04699432178554286
24 0.5671728997617093 0.7177334582844366 0.0538750223211343 0.04699432178554286
23 0.4140478997617093 0.729336576960413 0.054683545860084594 0.048616021370624374
22 0.5654916229763481 0.7693551578695181 0.052339795860084595 0.048438422615379825
20 0.41314787297634803 0.7808990769604129 0.05468354586008477 0.04861602137062419
16 0.566948982960462 0.8199588091142737 0.050777295860084594 0.04832002344521698
11 0.41302909619098677 0.8324023773753314 0.05623240909060954 0.047953170540787224
9 0.4152813429445759 0.8821655790350054 0.05236706939903506 0.05000092261538001