266 0.47734375 0.26640625 0.02890625 0.05625
266 0.47890625 0.33125 0.0296875 0.05625
266 0.51484375 0.33203125 0.02890625 0.0546875
266 0.5515625 0.32890625 0.02890625 0.05078125
266 0.58828125 0.26171875 0.02890625 0.0546875
259 0.5875 0.32734375 0.0296875 0.053125
212 0.4796875 0.4078125 0.02890625 0.05234375
214 0.58671875 0.4046875 0.02890625 0.05234375
210 0.58671875 0.46796875 0.02890625 0.053125
206 0.5875 0.5296875 0.02890625 0.0546875
202 0.5875 0.5953125 0.028125 0.05234375
198 0.58671875 0.6546875 0.02890625 0.05078125
264 0.58515625 0.7265625 0.02734375 0.046875
275 0.48046875 0.73046875 0.02890625 0.04921875
152 0.48046875 0.65859375 0.0296875 0.05234375
201 0.48046875 0.59921875 0.0296875 0.05234375
205 0.4796875 0.53515625 0.0296875 0.05234375
209 0.48046875 0.471875 0.03046875 0.05078125