61 0.4953125 0.1671875 0.07265625 0.06640625
62 0.56640625 0.1578125 0.071875 0.071875
60 0.56796875 0.2234375 0.071875 0.071875
59 0.49765625 0.2296875 0.0734375 0.071875
57 0.56953125 0.28515625 0.06953125 0.06796875
56 0.5 0.29296875 0.07109375 0.0625
55 0.56953125 0.34609375 0.06875 0.06796875
54 0.5 0.35390625 0.07109375 0.07578125
47 0.56953125 0.40546875 0.06484375 0.06640625
46 0.5015625 0.4171875 0.06953125 0.06640625
44 0.5703125 0.4625 0.0671875 0.0609375
43 0.50546875 0.475 0.0671875 0.0640625
42 0.5703125 0.5203125 0.06640625 0.0609375
41 0.50625 0.5328125 0.06875 0.06640625
39 0.57421875 0.57421875 0.0671875 0.05703125
38 0.50859375 0.5875 0.06953125 0.05625
37 0.57421875 0.63125 0.06328125 0.0546875
72 0.50625 0.63828125 0.065625 0.05703125
84 0.509375 0.69296875 0.06328125 0.05703125
168 0.5734375 0.68125 0.0640625 0.053125
259 0.51171875 0.74453125 0.0609375 0.05703125
275 0.515625 0.84765625 0.0625 0.05234375
264 0.57578125 0.834375 0.06015625 0.05703125