61 0.5050500629988879 0.2076195051701477 0.07652397362105354 0.07233712773000586
62 0.5755977814288566 0.20404783714251903 0.07606124203690498 0.07774210485118864
60 0.5809825024190743 0.26980038290015357 0.07606124203690498 0.07774210485118864
59 0.5110340234657619 0.2703108238065995 0.07762374203690499 0.07786965060882309
57 0.5861397102551125 0.33164667865778813 0.07348997888272528 0.0736445362147368
56 0.5170634865634718 0.33378339244305133 0.07473396046687383 0.06830333197237141
55 0.5896889154603147 0.3925841786577881 0.07270872888272528 0.07358076333591956
54 0.5206126917686739 0.3947208924430513 0.07550750519108469 0.08158458197237133
47 0.5931471154038448 0.4519591786577881 0.06871147362105354 0.07169939894183326
46 0.5258609048663837 0.4581296882006859 0.07339897362105355 0.07208203621473679
44 0.5972500574548674 0.5090542015366054 0.0707367052052021 0.06642196757828493
43 0.5331343495482421 0.5162610525947722 0.07091871572854594 0.06954696757828494
42 0.6006172521367257 0.5668667015366055 0.0699554552052021 0.06635819469946788
41 0.5372827942301005 0.5741373254735895 0.07261772362105354 0.07201826333591957
39 0.6076631836644045 0.6210918159306917 0.07050919205102239 0.06251571757828493
38 0.5428117283886152 0.6290161441100413 0.07280743942018653 0.06192578621473679
37 0.6109848757154269 0.6781230659306917 0.06646643415851479 0.05985310318419863
72 0.5434256493929503 0.6796060754735895 0.0689466920510224 0.062388171820650484
84 0.549735833551465 0.7345486669888585 0.06660294205102239 0.06219685318419863
168 0.6131157940889261 0.7280592930518746 0.06715667889684288 0.058354376063016036
259 0.555082757186636 0.7863024856253104 0.0642591920510224 0.06200553454774678
275 0.5649953544569781 0.8897463500193968 0.065548676266007 0.057445580305381584
264 0.6243780597327675 0.8813756116883262 0.06347794205102239 0.06194176166892973