265 0.5110657988925793 0.3811941899848839 0.02332687846991526 0.02393032366340595
343 0.5890406045681053 0.3789876769012915 0.02332687846991526 0.02393032366340586
266 0.5048868476282748 0.42903245050822764 0.037158840992986344 0.03329761838761662
266 0.5854557271779243 0.4227831795321274 0.033202526218161846 0.03228885523343692
38 0.576632637264672 0.4754454479479788 0.024889378469915256 0.024021328925077867
36 0.5747802405961595 0.5043516979479788 0.027383322794389285 0.026501586817585476
26 0.5721465939276471 0.5333034505788148 0.026552008019564432 0.025674834186749606
24 0.57024413248431 0.5629909505788148 0.026602072794389107 0.026456084186749607
22 0.5676605505906223 0.5911614532096507 0.027333258019564433 0.025720336817585475
260 0.5667395982465837 0.6176784505788148 0.026602072794389107 0.026456084186749607
260 0.4918712037375396 0.692867437354048 0.02889575801956461 0.025811342079257216
9 0.4945549151808768 0.6631344347232121 0.030508322794389288 0.026683597340929132
35 0.4964073118493892 0.6342281847232121 0.027483452344038463 0.028064086817585477
72 0.49840990284237563 0.6029781847232121 0.030658517118863138 0.029027347340929134
99 0.49884999383536205 0.5718191899848839 0.027483452344038463 0.028064086817585477
111 0.5029960757290498 0.5435576820923762 0.02904595234403846 0.028155092079257215
10 0.504898537172387 0.5138701820923762 0.02904595234403846 0.028155092079257215