25 0.42265625 0.06640625 0.084375 0.1328125
24 0.259375 0.0703125 0.09296875 0.140625
23 0.084375 0.07890625 0.09609375 0.1578125
22 0.42890625 0.22734375 0.078125 0.134375
20 0.2734375 0.24296875 0.084375 0.1390625
16 0.10625 0.2625 0.0890625 0.15
11 0.434375 0.3859375 0.07109375 0.1265625
10 0.2859375 0.40703125 0.07734375 0.134375
113 0.1265625 0.43125 0.08515625 0.1328125
111 0.440625 0.53046875 0.07265625 0.12109375
110 0.29765625 0.55390625 0.0765625 0.115625
99 0.1453125 0.5828125 0.0828125 0.1234375
85 0.44296875 0.6625 0.06953125 0.115625
72 0.30703125 0.69375 0.071875 0.1109375
53 0.1625 0.72421875 0.07578125 0.1171875
35 0.44765625 0.78515625 0.065625 0.10703125
152 0.31796875 0.81640625 0.0734375 0.109375
119 0.178125 0.85 0.07734375 0.109375
259 0.4515625 0.94765625 0.0640625 0.09921875