85 0.4517199366481763 0.2090242953930427 0.10919226045275661 0.0785618993475448
72 0.4566720181335028 0.30745270472626995 0.11066375519108469 0.07701758068109026
53 0.46323210224966527 0.4066805453930427 0.10901024992941295 0.0754368993475449
35 0.4698376889966635 0.5066896360598154 0.11084576571442853 0.08014258068109008
277 0.47552551785115416 0.6043458860598154 0.10675750519108469 0.07697212734722676
275 0.19623910722898838 0.7018090426877718 0.11057274992941282 0.07545508068109008
264 0.7688498545981524 0.7076912514321773 0.11066375519108469 0.07701758068109026
259 0.20270818608347896 0.7994743833545443 0.10919226045275651 0.0785618993475449
288 0.772148430821807 0.8045389794318591 0.11484302097610026 0.08175053401495376
261 0.9042706860834789 0.8076378021164491 0.10937427097610027 0.08168689934754454
266 0.8985373545981524 0.7092003021164492 0.10928326571442852 0.0801243993475449
266 0.32583560196731653 0.7017555933720436 0.11682274992941286 0.07552780601527206
266 0.33087868871431486 0.801746502705271 0.11084576571442835 0.08014258068109008
266 0.6052130178511541 0.6058549367440873 0.11300750519108468 0.0770448526814084
266 0.5972269416274995 0.5089526647437692 0.11328052097610027 0.0817323526814084
266 0.5928740996188293 0.4074083460773146 0.11084576571442835 0.08014258068109026
266 0.5880130233951746 0.3105424367440873 0.11318951571442834 0.08016985268140839
266 0.5798904392790123 0.2112964147437692 0.11309851045275643 0.0786073526814084