53 0.3625 0.14538550688290117 0.1515625 0.139769448630856
70 0.65703125 0.18182177810025837 0.17265625 0.14844145307948028
35 0.38046875 0.27746583642666567 0.1375 0.11575894566510651
51 0.64921875 0.32354636308123036 0.15703125 0.13999228311753634
282 0.3953125 0.38311099996281894 0.12578125 0.10278144319364842
152 0.6375 0.42402386555268823 0.14296875 0.10582553015178675
264 0.4046875 0.4639789979856526 0.11953125 0.09862052520887091
275 0.41640625 0.5455327455141947 0.11171875 0.09595844022789901
264 0.63359375 0.5187142830431742 0.128125 0.11147069368794008
275 0.63046875 0.593060367035563 0.11953125 0.0837767752088709
288 0.62578125 0.6784076180241462 0.109375 0.11305043973360754
259 0.428125 0.6177114930427368 0.1 0.09548093775644109
263 0.49609375 0.7047857287082807 0.0984375 0.08760477076024671