53 0.3625 0.16015625 0.1515625 0.13359375
70 0.65703125 0.20859375 0.17265625 0.14140625
35 0.38046875 0.29296875 0.1375 0.11015625
51 0.64921875 0.35 0.15703125 0.13359375
282 0.3953125 0.39921875 0.12578125 0.09765625
152 0.6375 0.45 0.14296875 0.1
264 0.4046875 0.48046875 0.11953125 0.09375
275 0.41640625 0.5625 0.11171875 0.09140625
264 0.63359375 0.54453125 0.128125 0.10625
275 0.63046875 0.61875 0.11953125 0.07890625
288 0.62578125 0.70390625 0.109375 0.10859375
259 0.428125 0.63515625 0.1 0.09140625
263 0.49609375 0.725 0.0984375 0.08359375