36 0.42680919220506536 0.08912597405598352 0.04371284931542796 0.07885962842423862
28 0.3502148587069681 0.09414628339397171 0.04364918231923358 0.07729712842423861
26 0.5055337114824372 0.1748490638881584 0.04349001482874755 0.07339087842423861
25 0.4305018779843401 0.17975097405598356 0.04286793231923376 0.0772379288391571
24 0.35462512749004843 0.1831495838088902 0.04371284931542796 0.07885962842423862
23 0.5090353962731288 0.26078656388815835 0.04364918231923358 0.07729712842423861
22 0.4348166462731287 0.266410524470902 0.042708764828747546 0.0733316788391571
16 0.3589717292769344 0.27059038422380866 0.0428042653230392 0.0756754288391571
11 0.5125370810638203 0.34672406388815835 0.04286793231923358 0.0772379288391571
10 0.4390995810638204 0.35228882488582053 0.043553681824942105 0.07495337842423862
113 0.3640995810638203 0.35797198505364564 0.04199118182494201 0.07483497925407559
111 0.5152575158545118 0.43272076347323984 0.043585515323039205 0.07573462842423861
110 0.4433506823564146 0.437385875300739 0.043553681824942105 0.07495337842423862
260 0.3683506823564146 0.44306903546856413 0.04186384783255317 0.07170997925407559
161 0.5186318666528147 0.5155332634732399 0.03952009783255335 0.07153238049883104
152 0.44675686665281467 0.520979625300739 0.04261326433445589 0.0709879288391571
144 0.3725381166528146 0.5266035858834826 0.045116181824942016 0.07507177759440165
8 0.5236005509492145 0.5990086143030768 0.04349001482874755 0.07339087842423861
266 0.45019488444731176 0.605354625300739 0.041082597832553344 0.07165077966899407
9 0.37594430094921455 0.6101973358834826 0.04014218034206722 0.06768533008391273
260 0.528118249085779 0.7483457634732399 0.041209931824942106 0.07477577966899407
264 0.3829012495800705 0.7617006362984011 0.0419911818249421 0.07483497925407576
342 0.13599319121648218 0.10646071970630597 0.042086682319233584 0.07717872925407558
342 0.14196595999956246 0.19534562095106148 0.04261326433445602 0.0709879288391571
342 0.14790689528454562 0.28344927219581695 0.043235346843970034 0.06714087842423862
342 0.1522216635733343 0.37010882261073547 0.04014218034206722 0.06768533008391256
342 0.15806709836402585 0.4558687238554908 0.04170468034206727 0.06780372925407577
342 0.1631631166528146 0.5424690746853278 0.03795759783255326 0.07141398132866819
342 0.1674460514435061 0.6283473751002464 0.04186384783255326 0.07170997925407559
342 0.1774324995800705 0.7772701271748388 0.041863847832553217 0.07170997925407559