36 0.421875 0.12109375 0.040625 0.07578125
28 0.3453125 0.1203125 0.040625 0.07421875
26 0.496875 0.2125 0.040625 0.0703125
25 0.421875 0.21171875 0.03984375 0.07421875
24 0.34609375 0.209375 0.040625 0.07578125
23 0.496875 0.2984375 0.040625 0.07421875
22 0.42265625 0.2984375 0.03984375 0.0703125
16 0.346875 0.296875 0.03984375 0.07265625
11 0.496875 0.384375 0.03984375 0.07421875
10 0.4234375 0.384375 0.040625 0.071875
113 0.3484375 0.384375 0.0390625 0.071875
111 0.49609375 0.4703125 0.040625 0.07265625
110 0.42421875 0.46953125 0.040625 0.071875
260 0.34921875 0.46953125 0.0390625 0.06875
161 0.49609375 0.553125 0.03671875 0.06875
152 0.42421875 0.553125 0.03984375 0.06796875
144 0.35 0.553125 0.0421875 0.071875
8 0.49765625 0.63671875 0.040625 0.0703125
266 0.42421875 0.6375 0.03828125 0.06875
9 0.35 0.63671875 0.0375 0.06484375
260 0.49609375 0.7859375 0.03828125 0.071875
264 0.35078125 0.78828125 0.0390625 0.071875
342 0.13125 0.11640625 0.0390625 0.07421875
342 0.13359375 0.20546875 0.03984375 0.06796875
342 0.1359375 0.29375 0.040625 0.0640625
342 0.13671875 0.38046875 0.0375 0.06484375
342 0.1390625 0.46640625 0.0390625 0.06484375
342 0.140625 0.553125 0.03515625 0.06875
342 0.14140625 0.6390625 0.0390625 0.06875
342 0.1453125 0.78828125 0.0390625 0.06875