275 0.25255065727678294 0.10923059601642038 0.16707554288269666 0.10482892144658118
259 0.5671393157615139 0.10793730337096334 0.15412913273097573 0.09928744857394425
264 0.8520404742462448 0.10647129390299356 0.14925031409452388 0.09691642749670541
85 0.2752539310736841 0.3490925267345796 0.1684467242462448 0.10249426180566079
10 0.4798298607702424 0.33935040895354934 0.15400158697334126 0.09772494857394429
23 0.6712520862244352 0.33109352312034235 0.13858388106398573 0.09060734016268786
36 0.8436692201633589 0.31960255297817985 0.138201243791082 0.08591984016268786
72 0.290750869564234 0.5006732074527388 0.16124013106398571 0.09073915036934235
113 0.4926004119878886 0.4862299541330891 0.1549901310639857 0.0907027889330239
22 0.6699761128962743 0.46852080024770537 0.14666744803344756 0.08440733713762576
28 0.836924496835198 0.45699801384876426 0.13150483363936125 0.08041472872636941
26 0.8355369532035954 0.5834923361556671 0.121093492124092 0.07723064139235199
25 0.8279153850261854 0.7005798422057914 0.11811201333591974 0.06940450585373252
260 0.8226535423029684 0.8083105289740748 0.11557694469946789 0.06704712031511306
260 0.6701980930615729 0.8347543334251928 0.13086710485118863 0.0726022287263696
260 0.5159250523049081 0.858064047517231 0.13984349212409236 0.07733972570130732
260 0.3384696030635125 0.8843624062230748 0.14765599212409217 0.07738517749670563
35 0.32896744411973955 0.7679561562230749 0.14003481076054403 0.07968347570130732
110 0.5067417577552216 0.7455640475172308 0.15221594636645772 0.0758499485739442
16 0.6733872527542518 0.7207645562978295 0.1310584234876405 0.0749459787263694
20 0.6745675022952098 0.6012969388113868 0.1419161751546305 0.08359881606038684
111 0.4970642556291896 0.6174435926967707 0.1414697650029094 0.07813006606038683
53 0.30841621487252496 0.6405533188890573 0.1530449937910822 0.0860061985739442