275 0.24375 0.1078125 0.15859375 0.10390625
259 0.55859375 0.1046875 0.14609375 0.0984375
264 0.84375 0.1015625 0.14140625 0.09609375
85 0.246875 0.34765625 0.16015625 0.1015625
10 0.45234375 0.33671875 0.14609375 0.096875
23 0.64453125 0.32734375 0.13125 0.08984375
36 0.81796875 0.31484375 0.13125 0.08515625
72 0.25 0.49921875 0.15390625 0.08984375
113 0.453125 0.48359375 0.14765625 0.08984375
22 0.63203125 0.46484375 0.13984375 0.08359375
28 0.8 0.45234375 0.125 0.0796875
26 0.78828125 0.57890625 0.11484375 0.0765625
25 0.77109375 0.69609375 0.1125 0.06875
260 0.75703125 0.80390625 0.11015625 0.06640625
260 0.60234375 0.83125 0.125 0.071875
260 0.44609375 0.85546875 0.13359375 0.0765625
260 0.26640625 0.8828125 0.14140625 0.0765625
35 0.26640625 0.76640625 0.13359375 0.07890625
110 0.44609375 0.74296875 0.14609375 0.075
16 0.61484375 0.7171875 0.125 0.07421875
20 0.62578125 0.59765625 0.13515625 0.0828125
111 0.446875 0.61484375 0.13515625 0.07734375
53 0.25625 0.6390625 0.14609375 0.08515625