290 0.4826039165298166 0.36358873200767156 0.037388300758604484 0.029391368387616624
309 0.594195120772182 0.3555193557981343 0.039460983789142645 0.035732373649288454
343 0.5968416307741217 0.4071728610598062 0.03719698212215263 0.027047618387616622
266 0.48772172228939076 0.4166682293768357 0.036415732122152634 0.027002115756780753
275 0.4927119822913305 0.46818522674599966 0.04492973378914265 0.036050892065139804
266 0.6002693907760615 0.4587808636906422 0.04414848378914264 0.03600538943430394
85 0.5034898566873565 0.5232899556993124 0.034199527879787084 0.02842810786427279
10 0.5970485380509046 0.5154858899990014 0.03257325500096986 0.02755585260260105
113 0.5981644989612299 0.5483893952606732 0.03257325500096986 0.02755585260260105
111 0.6001892556291896 0.582809897891509 0.03276457363742154 0.02989960260260105
110 0.6028677165395149 0.6156223978915091 0.03270080075860449 0.02911835260260105
99 0.6047649274498401 0.648480400522345 0.03413575500096986 0.027646857864272966
72 0.5063596362341334 0.5584462056993124 0.034071982122152636 0.02686560786427279
53 0.509101870023276 0.5920399556993123 0.03263702787978708 0.02833710260260105
35 0.5118441038124185 0.6256337056993123 0.03413575500096968 0.02764685786427279
9 0.515367587601561 0.6591819530684764 0.03413575500096986 0.027646857864272966
266 0.5173285713907034 0.6928212056993124 0.03335450500096968 0.02760135523343692
141 0.5192574753335066 0.7837647241151637 0.03413575500096986 0.027646857864272966
336 0.5681573609394203 0.7769918083725005 0.03270080075860449 0.02911835260260105
255 0.6194009965453339 0.7700823847373295 0.03010195924333523 0.025856844710093262