275 0.40120325206872404 0.5315827760612782 0.04335055800445424 0.03556606261535631
259 0.4636850707351787 0.5340254580472511 0.03868123933799979 0.03682817396640843
264 0.521452117401315 0.533824001384276 0.038708511338317916 0.03917192396640843
266 0.5003225520766783 0.5964846876891855 0.03708237667090888 0.03360304441675908
10 0.49917822274822354 0.6323220581395361 0.03396646733768165 0.03418403531746037
113 0.5003503714194506 0.6659658729143608 0.033930104670590745 0.03105903531746037
111 0.4991969514242231 0.7010219933647115 0.03395737667090888 0.03340278531746037
110 0.5003781907622229 0.7354470581395361 0.03395737667090888 0.03340278531746037
99 0.49921568010022266 0.7697219285898869 0.03630112667090888 0.0335529796419344
85 0.4203628794159508 0.6350780158822454 0.03632839867122719 0.0358967296419344
72 0.4200179814210414 0.6725279511074207 0.037073286004136105 0.03282179441675907
53 0.41965490209258666 0.7084153863325962 0.03550169533736351 0.031940414867109725
35 0.42009125409767734 0.745915386332596 0.040234648671227016 0.03614705351605778
9 0.41739351543599523 0.7824338772332975 0.040979536004136105 0.033072118290882455
272 0.3668400794477675 0.86584835209487 0.029224423337045204 0.029196146668512314