263 0.6550563102268775 0.3111394286750558 0.028974139434303936 0.04156078610435347
266 0.6583170890954856 0.39396101903413533 0.028283894695975854 0.043118740924813714
266 0.7012403364646497 0.3929297841594459 0.027502644695975853 0.043114195745273955
111 0.7065263469174061 0.47026898897990604 0.027411639434303935 0.04155169574527377
110 0.7093475100292335 0.518706488979906 0.026584886803468065 0.040765900565734016
85 0.7120321652485531 0.564800238979906 0.026493881541796327 0.039203400565734015
72 0.7164613309912162 0.6140098986208266 0.028928636803468067 0.040779536104353656
53 0.6663332573983975 0.5181752238545956 0.026630389434303937 0.04154715056573401
35 0.6691999231410608 0.5673939738545956 0.027366136803468066 0.040770445745273956
9 0.6727113309912163 0.6142644286750558 0.028147386803468066 0.040774990924813535
152 0.6764047493647155 0.664259883495516 0.027411639434303935 0.04155169574527395
273 0.6696200681899726 0.2391553443661004 0.07138915258848363 0.04571247579950324