263 0.640382288709407 0.35192839413127847 0.02704430533895419 0.04295333944842143
266 0.6397833993873157 0.43464988886960665 0.02628123667249973 0.04447033681758548
266 0.682743058720543 0.4363712835655825 0.025499986672499732 0.044424834186749605
111 0.6844242847310426 0.5137605361964184 0.025481805338954187 0.042862334186749604
110 0.6849879060709513 0.5621980361964184 0.024691464672181595 0.042035581555913734
85 0.6855242554105418 0.6082917861964183 0.024673283338636054 0.04047308155591374
72 0.6876594674172234 0.6576015414580902 0.027035214672181597 0.042172089448421345
53 0.6420100654041786 0.5589141415004425 0.02470055533895419 0.04281683155591374
35 0.6425827774108601 0.6081328915004425 0.025472714672181596 0.04208108418674961
9 0.6439094674172234 0.6550533941312785 0.026253964672181596 0.04212658681758548
152 0.6452725200906777 0.7050988967621145 0.025481805338954187 0.042862334186749604
273 0.6582959473663166 0.28114545727134066 0.06927725867281787 0.04931673151356133