59 0.5489623878633995 0.14929161764139778 0.09431771857321784 0.14562551779449712
57 0.41533043303593653 0.15559867296487448 0.09631726114786474 0.15193918479069152
56 0.28180773885213517 0.16034322828835118 0.09124734889504875 0.14627943380210837
55 0.5381948606239912 0.33688711813568933 0.0930283701823722 0.14946810079830275
54 0.4092504057965282 0.34338517444774924 0.0922471201823722 0.14943626730020557
47 0.2786888206472343 0.35060081376361474 0.09170081696406349 0.14162376730020565
46 0.530590538212046 0.5128593691242725 0.08334201374575496 0.13349293231923376
44 0.4020995514535978 0.5240767589344296 0.08730289406758569 0.1344333498097196
43 0.27415486791345833 0.5274816487445867 0.08886539406758578 0.134497016805914
42 0.5216968674092552 0.6848617031166613 0.0846695669640635 0.14133726581733086
41 0.39671329290362306 0.6907376769192072 0.08690405632040185 0.13987026631162233
39 0.26789452421418963 0.7066425667293643 0.08908391535490923 0.13762201680591382
38 0.5174906966064643 0.8570550380976332 0.0850684047112475 0.13590034931542797
260 0.38987379499731 0.8557724279077904 0.0778350589182919 0.12158318133065045
36 0.26407076566421483 0.8733671517103364 0.08635775310209315 0.13205776631162253