59 0.5511796404344901 0.11033181393570284 0.09182673111680746 0.1446425617576248
57 0.4177529867710169 0.12591501299863075 0.09371677973732648 0.15093802586424748
56 0.2844082202626736 0.1399357120615586 0.08874267469437225 0.1453328835443794
55 0.5436969318189199 0.2977636177757688 0.09046894900463176 0.14850334765100204
54 0.4149577781554467 0.31321042451882863 0.08968769900463176 0.14848061559769077
47 0.28461518091440874 0.3294839453685112 0.08927826322898307 0.14066811559769068
46 0.5391721268668228 0.4734084754559008 0.08105632745333438 0.13262829506457727
44 0.4109685617379604 0.49352005014564926 0.08500352103089917 0.13352320533113407
43 0.28317443238474677 0.5058191248353978 0.08656602103089917 0.13356866943775678
42 0.5332895398025501 0.6451925472426554 0.08224701322898298 0.14046352711788862
41 0.4084975797166418 0.6597444437191585 0.08450887607385323 0.1389692232778227
39 0.2800483531223902 0.6845435184089071 0.08672979534115868 0.1366936694377568
38 0.5320944527382774 0.816840226709542 0.08274165818602892 0.13501750917119998
260 0.404545984850453 0.8244518013992905 0.07575467378986112 0.12077315274470948
36 0.27913987110107163 0.8507224478757938 0.08409944029820453 0.1311567232778227