59 0.5578125 0.1265625 0.084375 0.1421875
57 0.425 0.13828125 0.0859375 0.1484375
56 0.2921875 0.1484375 0.08125 0.14296875
55 0.56015625 0.3140625 0.0828125 0.14609375
54 0.43203125 0.32578125 0.08203125 0.14609375
47 0.30234375 0.33828125 0.08203125 0.13828125
46 0.56484375 0.48984375 0.07421875 0.13046875
44 0.4375 0.50625 0.078125 0.13125
43 0.31015625 0.51484375 0.0796875 0.13125
42 0.56796875 0.66171875 0.075 0.13828125
41 0.44375 0.67265625 0.07734375 0.13671875
39 0.31640625 0.69375 0.0796875 0.134375
38 0.57578125 0.83359375 0.07578125 0.1328125
260 0.4484375 0.8375 0.06953125 0.11875
36 0.32421875 0.86015625 0.07734375 0.12890625