72 0.2265625 0.1109375 0.1328125 0.12890625
35 0.221875 0.2859375 0.1296875 0.12734375
277 0.221875 0.46484375 0.13828125 0.1375
259 0.22109375 0.646875 0.13671875 0.1375
263 0.16484375 0.815625 0.25234375 0.13203125
85 0.609375 0.1125 0.134375 0.13203125
53 0.6078125 0.290625 0.13125 0.13046875
275 0.60703125 0.46875 0.1328125 0.13515625
264 0.60546875 0.64296875 0.1296875 0.13046875
266 0.78984375 0.6421875 0.13125 0.1375
266 0.79375 0.46875 0.1296875 0.13515625
266 0.79140625 0.29140625 0.13671875 0.13203125
266 0.79375 0.11953125 0.1328125 0.13984375
266 0.409375 0.11015625 0.13671875 0.14609375
266 0.40625 0.28515625 0.14296875 0.140625
266 0.40703125 0.465625 0.1328125 0.1421875
266 0.40625 0.64296875 0.134375 0.1390625
266 0.40546875 0.81796875 0.1359375 0.13359375