273 0.48685492426576504 0.3311020925985748 0.24290066286711748 0.16540332796424365
11 0.40683369231239697 0.45881802643999203 0.028433575934727708 0.04545794574527395
10 0.548499128825224 0.528422520193476 0.02759312634964619 0.044672150565734016
113 0.5201965300699795 0.530602643730043 0.027770725104890738 0.047015900565734015
111 0.49129028006997943 0.5304344720870701 0.027770725104890738 0.047015900565734015
110 0.45980348172965335 0.5333776649054777 0.029451624275053767 0.048587490924813716
99 0.4321637338042458 0.5371248336215844 0.028066723030298314 0.050922150565734015
85 0.4021802358788382 0.5408583667990716 0.03352381763635801 0.06110567164297294
264 0.5364941910629971 0.6455918394753168 0.03599762220046134 0.05253010236113216
275 0.49172614272267107 0.6484577642415477 0.037441723030298316 0.05097669272021186
263 0.398828247701693 0.6572964330558502 0.041928313487172984 0.0689636234383709
131 0.5917102128578288 0.2160361496819713 0.03551237012586892 0.056431807181592394