273 0.5231771274894796 0.3221706132638668 0.23619793874473985 0.16674424669795318
11 0.4573388510806099 0.45111377327341184 0.02658234736759475 0.045603401336727065
10 0.6066146539831676 0.51815472792014 0.025773815516429367 0.044813060669954295
113 0.5785714995366639 0.5208257419239579 0.025855661069925696 0.047156810669954294
111 0.5496652495366638 0.5211620965945487 0.025855661069925696 0.047156810669954294
110 0.5185243769413256 0.5246507232654577 0.027472724772256464 0.04873749200349984
99 0.4913170361971527 0.528875146602503 0.025992070325752792 0.051063060669954294
85 0.46176594545297983 0.5331268419398664 0.031034234390903314 0.061273854670590745
264 0.6075819316579818 0.6353785905872309 0.033859134028083736 0.05271646733768165
275 0.5631598090626435 0.6390217585932761 0.03536707032575279 0.05117214867122719
263 0.47129969127662863 0.6494694572724573 0.03911955290255768 0.06917726133831792
131 0.6152331635169964 0.20542746125082195 0.03321429328391083 0.05661362667090888