111 0.5429761863338423 0.19324923936333288 0.10700114717254613 0.07343945963114588
110 0.6776245884073606 0.193246626521805 0.10778239717254615 0.07345764342673622
99 0.5494106969842587 0.28469185695451343 0.10493079924606477 0.07650990824437506
85 0.6834829006129161 0.2870511779085758 0.10785074769092588 0.07423889342673622
72 0.5550639576346752 0.3761526583412843 0.104520696135787 0.07182240824437507
53 0.6875736612633325 0.3785483468865272 0.1077140466541664 0.07267639342673622
35 0.5595942156931935 0.4637253935236454 0.10282149509902752 0.07022354065319458
9 0.6923089708769898 0.46846483206888834 0.104520696135787 0.07182240824437507
181 0.6310775278987488 0.5560025060808329 0.10210859561740726 0.07098660685760425
259 0.5788779152693504 0.7646702976839579 0.10153239717254614 0.07331217306201392
288 0.7080281730450448 0.7734069052071523 0.10309489717254613 0.07334854065319459
275 0.6400799639497672 0.6857445574676037 0.11039954924606477 0.07663719481350703