9 0.40564727695702396 0.3061703451336163 0.1318576683263199 0.22598491830291198
35 0.5061755558129646 0.2628915110174539 0.1108085583448533 0.20370809990117794
53 0.5923685161572507 0.2282442242563381 0.09994298021455209 0.18280406570031094
72 0.405441401914615 0.4683518267177648 0.12082839908902603 0.20039338410204496
85 0.5039533129845406 0.41583450049411014 0.1001612350238755 0.18905406570031094
99 0.5843873466498046 0.3674887347796818 0.0766319657865818 0.1627344894060691
110 0.41055050944901084 0.6122915425168978 0.09152035580511537 0.1425507920227876
111 0.5006596434770945 0.5548059952324383 0.08435269654928809 0.1382350183452644
113 0.5805306819516819 0.5002557321488459 0.07090775544229562 0.13277397362105353
276 0.40872013622070036 0.73168628462439 0.09373762023308566 0.16139179728445932
8 0.49484117469528766 0.6767720004941102 0.07085319173996467 0.13121147362105354
0 0.5708332450210405 0.6216680005646974 0.06530259618646853 0.1285492052052021
259 0.4898758777831798 0.81895950049411 0.06772819173996467 0.13102946309770971
264 0.4104314252434419 0.8836205109468667 0.07944694173996467 0.13171200256024881
275 0.5621253892159253 0.759395513718877 0.06204118693064124 0.12446094468185827