9 0.44029612613445696 0.3426076664682559 0.13951524011264294 0.22236439647650313
35 0.5368926206865753 0.3079946372387961 0.11772772142320953 0.20067961309040835
53 0.6199729184570023 0.28078493104973223 0.10615108305560703 0.18007159639736087
72 0.45712798307527736 0.5052667908414353 0.12761081981405517 0.19706887978345583
85 0.5507251637654254 0.4612105654520414 0.10658812563025392 0.18632159639736087
99 0.6265721157428967 0.41975650283648686 0.08218370533166616 0.160662366851332
110 0.47739084261398795 0.6500935575344827 0.09633368664223277 0.14002325791755882
111 0.5620118610513197 0.6003185295586642 0.08902928503307841 0.13591241943775678
113 0.6366405204541443 0.5525917348897982 0.07542025310209315 0.13083847453146405
276 0.48809303185411057 0.7696930036944167 0.09920731436617344 0.15881872202418137
8 0.568971691256935 0.7221480654520415 0.07531099245843151 0.12927597453146406
0 0.6396394703379287 0.6735263605166188 0.0696783514929388 0.12677310015828452
259 0.578914409830153 0.8643355654520415 0.07218599245843134 0.12918504631821862
264 0.5057771946111298 0.9222413421742187 0.08390474245843152 0.12952602711788863
275 0.6453481569801613 0.8109127002500621 0.06628019988378445 0.1227759219450391