270 0.36510066882984216 0.21692999074381786 0.0628330109570486 0.11249880243632351
270 0.36581550933219553 0.34729861119416855 0.049964818181219076 0.09060401603912896
35 0.42457467491562684 0.4946532749815441 0.06299665219075071 0.12187380243632369
9 0.4291412183400795 0.622147219306018 0.051895510957048606 0.11179789558877821
53 0.5383877589251584 0.5323814173311199 0.1639006331160271 0.1353634083887048
290 0.31922074756107277 0.5838881508305656 0.05944891233702041 0.09745479333702498
152 0.4312821911476812 0.7448034693060179 0.05821369480442442 0.11610466378737563
35 0.5383758965054126 0.6658249730066459 0.15979951420345948 0.16865676973975674
9 0.5350208457740638 0.7865682695828733 0.16378758482031053 0.17359459361388013
290 0.22411675324311559 0.5450178130767818 0.11398245373287823 0.13684676279992658
342 0.31960830559602205 0.6955067712809162 0.05410289326229698 0.10413558991325225