47 0.1671875 0.14143186703967325 0.19296875 0.0941439139775734
226 0.83671875 0.11259169789481335 0.19765625 0.09123723779889095
227 0.615625 0.12054555480029219 0.20078125 0.09997653701310268
54 0.39140625 0.12864496091998273 0.2 0.09212764970954974
46 0.82734375 0.2091220955374485 0.18984375 0.08774836476336167
44 0.60859375 0.21852929053226858 0.19765625 0.0896747377988909
43 0.39453125 0.226155661705771 0.19609375 0.09116446319178513
42 0.178125 0.23779744478993226 0.19609375 0.09428946319178513
39 0.81640625 0.3033815177871895 0.18203125 0.09207199172783236
38 0.6078125 0.30997192783582145 0.18984375 0.08618586476336168
37 0.39765625 0.3189788624915593 0.1921875 0.08942002667402046
36 0.18515625 0.3304387090579559 0.18984375 0.08618586476336168
28 0.80859375 0.3896828908227188 0.18359375 0.08589476633493831
26 0.60390625 0.39921636435358615 0.184375 0.08358740363849115
25 0.4 0.4087134505809004 0.18359375 0.08276976633493831
24 0.19453125 0.4182833114153207 0.1859375 0.07819142824559702
23 0.79765625 0.4722235630724597 0.17421875 0.08077061869230313
16 0.60234375 0.4789766389606919 0.18203125 0.07566574172783228
11 0.40078125 0.49227081327734756 0.17890625 0.08098894251362072
10 0.20625 0.49742500186202687 0.1796875 0.07946282981717356
113 0.78984375 0.550712436107989 0.16640625 0.07493799565677381
111 0.5984375 0.5572835754784566 0.17109375 0.0743750694780914
110 0.40625 0.5677973521524772 0.1703125 0.07668243217453856
99 0.2171875 0.5734780796122858 0.17265625 0.07132284408519726
85 0.78125 0.6222064464470713 0.16796875 0.06954202026387968
53 0.59375 0.6293768992997741 0.16484375 0.07095897104966795
35 0.409375 0.6395268029382654 0.16953125 0.06805229487098555
280 0.225 0.6488954565767566 0.16796875 0.06719827026387967
194 0.6796875 0.6925617959089521 0.16015625 0.06683439722835036
201 0.50078125 0.6993319884225727 0.1578125 0.059693985317691656
205 0.32109375 0.7084823182397463 0.159375 0.06289175992479734
264 0.5875 0.7593554977281977 0.1546875 0.06189218610347993
275 0.415625 0.766579454509842 0.15859375 0.0644178726212445
259 0.41796875 0.8227202925991831 0.14765625 0.06156470037150363
288 0.58515625 0.8164959096388564 0.15390625 0.05638704879992673