47 0.17239833357259676 0.13655003879255642 0.19594247177703164 0.09977854751513346
226 0.842011429126093 0.08815974437770066 0.20052084437236992 0.09700874502562251
227 0.6208358335725968 0.10256947695576854 0.20394594473518968 0.10583929336594858
54 0.39653523801910046 0.1172160078741625 0.20289187622353538 0.0979675937808671
46 0.8359920968194405 0.18496388939867883 0.19259921696770804 0.0932917491748074
44 0.6172148149682751 0.20075852322150217 0.20046628067003916 0.09544624502562256
43 0.4030704694147789 0.21463545953383645 0.19895834437236992 0.09689034585545953
42 0.18671878311710982 0.2325962446014153 0.19906747177703163 0.10001534585545953
39 0.8283284189592919 0.27954268358981993 0.18495040807470103 0.09738725332399234
38 0.6196255415546302 0.2922239728065837 0.19254465326537726 0.0917292491748074
37 0.40944200970346484 0.3073674111935104 0.19499753067003917 0.09503184793005195
36 0.19699657340579574 0.32503219833568164 0.19254465326537734 0.0917292491748074
28 0.8235169225874891 0.3660721794406351 0.18629465326537725 0.09125565249415538
26 0.6188294225874891 0.3815824707319912 0.1869940577118811 0.08897110207923689
25 0.4149231725874891 0.3970335624382658 0.18618552586071574 0.08813065249415528
24 0.2094544225874891 0.4126030533147035 0.18836558475372306 0.08362075124939991
23 0.815444016959859 0.4489322236317763 0.17675596215838496 0.08585775747317718
16 0.6200496714063627 0.46138836990215426 0.18437748920022673 0.08098100332399234
11 0.4186235806621899 0.48056811285318435 0.18144346215838478 0.08621295498366628
10 0.22395592140636272 0.4914025595384809 0.18217014845605392 0.0847096545687478
113 0.8103597020764017 0.5276492194825914 0.16875248920022656 0.07979701162236204
111 0.6188716065229055 0.5398093678275618 0.17341270734906136 0.07937095913285112
110 0.4267386702252363 0.5559349657576138 0.17271330290255768 0.08165550954776961
99 0.23756704282057467 0.5671362653473396 0.17486607994439965 0.07636435830301416
85 0.8042486005324557 0.599394164918488 0.17012401624206888 0.07444666079252507
53 0.6166940368301248 0.6120395653380509 0.16705357994439965 0.07577236245219901
35 0.4323736005324557 0.6275731674172877 0.17163195253973793 0.07300255996268809
280 0.24802588238362117 0.6423255194965245 0.17004217068857255 0.07210291079252507
194 0.7049777760303517 0.6727151109790845 0.16222967068857255 0.07151091494170991
201 0.5260169623280209 0.6847093159627509 0.15964038402808373 0.06430206618646536
205 0.34635674417918627 0.6991064705314985 0.16131201143274537 0.06754546535662839
264 0.6149728241235859 0.742200662018703 0.15659722958158007 0.06640901784613931
275 0.4430705422724205 0.7544433207366357 0.16058532513507623 0.06904876577154688
259 0.4473785855563313 0.8105157219813911 0.14956597958157988 0.06587622158040567
288 0.6146206492586621 0.7994095107739476 0.15562500662342202 0.06088106826105779