42 0.38557303012650523 0.649484067793864 0.0738997566679597 0.03685764845605384
43 0.45814953179349516 0.6383803874866447 0.07071098378914246 0.0359672710513923
37 0.3832772064890836 0.677609067793864 0.07389975666795978 0.03685764845605384
26 0.3801363599728447 0.7065425996450295 0.07448968803150802 0.0345411803072194
23 0.3771230592142403 0.7339136314961949 0.07448968803150802 0.03454118030721922
10 0.37638973557681865 0.7619840677938641 0.0763072795467771 0.03772074400955035
38 0.45507245815607356 0.6665326693378102 0.0688933922738734 0.032787707349061536
28 0.4528404073974691 0.6938764193378102 0.0688933922738734 0.032787707349061536
24 0.4498271066388648 0.7212474511889756 0.07071098378914265 0.0359672710513923
11 0.44837630588026045 0.7485639193378102 0.06908471091032524 0.035131457349061535
39 0.5229614598230634 0.6555926801375833 0.06648586939505616 0.03192461179556503
36 0.5184494319432764 0.6822370256910796 0.06648586939505616 0.03192461179556503
25 0.5163449269423065 0.7080182756910796 0.06648586939505616 0.03192461179556503
16 0.5150216719413366 0.7337722438399142 0.06648586939505634 0.03192461179556503
113 0.5143840720911179 0.7797568664352525 0.06640612106204599 0.04049107994439964
99 0.517493225574879 0.8084721434770945 0.06446098378914247 0.03574901624206887
110 0.37718708996896533 0.8094766266868716 0.07780600666795986 0.03699405771188111
72 0.3787337434527264 0.8382464674310445 0.07780600666795978 0.03699405771188111
152 0.3787816698153048 0.8662896218775481 0.07780600666795978 0.03699405771188111
111 0.4470850017876762 0.7930133237843139 0.06908471091032524 0.035131457349061535
85 0.44947667815025455 0.8209746326773214 0.06908471091032524 0.03513145734906118
264 0.5244927825424013 0.865875415709613 0.06127221091032524 0.03485863883740734
263 0.4544035520872386 0.8846824686121707 0.06868609818322895 0.03979167549789579
275 0.3834692987532587 0.9042980533658938 0.07265612106204618 0.04070933475372307
259 0.38573342935820254 0.9338218622589013 0.0724010295467771 0.03758433475372307