266 0.5535541453179892 0.39765625 0.04717776000193972 0.0515625
266 0.6137262418342282 0.4265625 0.04614141848667064 0.0484375
266 0.6103782301652985 0.36640625 0.045950099850218785 0.04609375
99 0.5546859527445533 0.459375 0.04263378121376693 0.04375
85 0.616882934866706 0.484375 0.0378825083349497 0.04296875
72 0.560377714413483 0.51953125 0.0378825083349497 0.04296875
53 0.6206933321415493 0.540625 0.0378825083349497 0.04296875
35 0.5638532718400471 0.58125 0.0378825083349497 0.04296875
9 0.6255400709316616 0.6 0.0378825083349497 0.04296875
152 0.5679825335089768 0.64140625 0.0378825083349497 0.04296875
290 0.6477350957673329 0.259375 0.035762027879787085 0.0265625
266 0.4956146153121702 0.24296875 0.03158471091032524 0.0328125
289 0.6081765830596332 0.7796875 0.027343621062046 0.03828125
343 0.545453055638888 0.87265625 0.04467464227387339 0.03046875
265 0.6747102498793138 0.81953125 0.03654327787978708 0.0265625
266 0.5369713916941452 0.73046875 0.04043355242559432 0.0359375
266 0.6706928163897337 0.69375 0.04043355242559432 0.0359375