259 0.34609375 0.371875 0.10234375 0.0578125
263 0.60625 0.37578125 0.1078125 0.06328125
111 0.4734375 0.4109375 0.0953125 0.05
16 0.5984375 0.44609375 0.0921875 0.05390625
72 0.353125 0.44375 0.0921875 0.05390625
11 0.5875 0.50859375 0.0921875 0.05390625
10 0.58125 0.56953125 0.08671875 0.05078125
113 0.5703125 0.62421875 0.08828125 0.04296875
9 0.3546875 0.6203125 0.08828125 0.04296875
35 0.3578125 0.56484375 0.09375 0.04375
53 0.35078125 0.50625 0.09375 0.04375
110 0.46953125 0.478125 0.0953125 0.05
99 0.46953125 0.53984375 0.0953125 0.05
85 0.4640625 0.59609375 0.08515625 0.0421875
264 0.56328125 0.67421875 0.08515625 0.0421875
275 0.3546875 0.6703125 0.08515625 0.0421875
266 0.46171875 0.6484375 0.090625 0.040625