259 0.3396026477298191 0.3859772396570577 0.10335287094116259 0.06198268825073265
263 0.5996907138824432 0.40048404452342395 0.10891707832748879 0.06767427273741297
111 0.46626455925606064 0.43022859984690065 0.09618525324641106 0.05388368676785795
16 0.590650904629678 0.47047820954245195 0.09312843709378668 0.057662602775469196
72 0.3453793149381035 0.45813874113993247 0.09312843709378668 0.057662602775469196
11 0.5786224630716643 0.5325325405690912 0.09312843709378668 0.057662602775469196
10 0.5713087950526011 0.5932153725843137 0.08760514001588611 0.054314768288788784
113 0.5594167211893393 0.6474572036109529 0.08903127232113447 0.046565935284983165
9 0.34385990503671504 0.6347649081361268 0.08903127232113431 0.046565935284983165
35 0.3479531156694521 0.5794234921285156 0.09451365909060953 0.0475700197716634
53 0.34194462338008985 0.5205432406456408 0.09451365909060953 0.0475700197716634
110 0.46118554708119597 0.4972569323564146 0.09618525324641088 0.05388368676785795
99 0.46010824229265757 0.5589756823564146 0.09618525324641088 0.05388368676785795
85 0.45365764489044536 0.6150028478697342 0.08589263555165907 0.045657351292594225
264 0.5515127179429283 0.6971707021280782 0.08589263555165907 0.045657351292594225
275 0.34298715179030415 0.6847649081361269 0.08589263555165924 0.045657351292594225
266 0.4504002313356089 0.6672510973754427 0.09133411201270895 0.04431768577927464