131 0.47786114753857334 0.20449598597804747 0.05643128149944392 0.08629602611928178
342 0.49385860288494976 0.2931014625722991 0.04443951571442852 0.08099437245580869
342 0.419503344992442 0.2915555727036359 0.03327450256024882 0.0765149123699004
342 0.4564496081466216 0.28957367084918506 0.036953239406069115 0.0728133802577248
39 0.44149319510538143 0.41182048507353636 0.07450644731269432 0.06231961555840364
41 0.5157574477362173 0.4149288749421995 0.0748704683593818 0.06856961555840364
38 0.510092005685195 0.4718372942095049 0.07345218152767892 0.05759117198083885
37 0.4367000083160308 0.46720734791840657 0.075704926266007 0.05615150271353357
36 0.5055718346808598 0.5225366570543751 0.07152566048099143 0.051259284825709094
28 0.4353048373116957 0.5180704850735364 0.07606894731269431 0.06240150271353358
26 0.5060653873681654 0.5813351249421995 0.07543191048099143 0.051464002713533574
25 0.4369436610456887 0.5706598965389256 0.08237215521931951 0.05026999491161739