131 0.48828125 0.17890625 0.0515625 0.08359375
342 0.509375 0.26640625 0.03984375 0.07890625
342 0.43515625 0.26875 0.02890625 0.075
342 0.471875 0.26484375 0.0328125 0.07109375
39 0.4640625 0.3875 0.07109375 0.05859375
41 0.53828125 0.38671875 0.07109375 0.06484375
38 0.5359375 0.44375 0.0703125 0.05390625
37 0.4625 0.44296875 0.07265625 0.05234375
36 0.534375 0.49453125 0.06875 0.04765625
28 0.4640625 0.49375 0.07265625 0.05859375
26 0.53828125 0.553125 0.07265625 0.04765625
25 0.46875 0.54609375 0.0796875 0.04609375