272 0.48359375 0.071875 0.03515625 0.03125
272 0.5296875 0.08359375 0.034375 0.0296875
272 0.57421875 0.09609375 0.03515625 0.02734375
259 0.5140625 0.684375 0.03671875 0.03046875
22 0.55859375 0.71875 0.03359375 0.03203125
16 0.559375 0.7625 0.03359375 0.03203125
10 0.51171875 0.72734375 0.03046875 0.034375
111 0.51328125 0.76875 0.03046875 0.034375
99 0.51171875 0.8109375 0.03046875 0.034375
72 0.465625 0.7375 0.03046875 0.034375
35 0.46484375 0.778125 0.03046875 0.034375
9 0.46484375 0.82109375 0.03046875 0.034375
275 0.4609375 0.86171875 0.03046875 0.034375
264 0.5546875 0.8390625 0.03046875 0.02421875