11 0.2942974059246946 0.33464875253408277 0.137007449104836 0.09060734016268786
20 0.6435662206995193 0.33589919778837735 0.13080751387966066 0.09135222872636942
16 0.47315359114987 0.33647084864869903 0.13705751387966067 0.09138859016268785
10 0.6315890499723134 0.4374298815315987 0.12831356955518664 0.08899484318774994
113 0.4620077351974888 0.4372248275714602 0.13456356955518664 0.0890312046240684
111 0.2947201056478394 0.43781465914994105 0.13065731955518664 0.08900847872636941
110 0.6201125269933542 0.53114806527482 0.12181324568106326 0.0850522317514315
99 0.46053726789405547 0.5333458486486989 0.13675712523071262 0.08670109016268804
85 0.2949122678940555 0.5323822705862595 0.12650074568106334 0.08507950282867043
72 0.6126924483388688 0.6225452249157404 0.12181324568106326 0.0850522317514315
53 0.4564424483388688 0.6216361890077786 0.12181324568106326 0.0850522317514315
35 0.2952546244647455 0.624606132022578 0.134663699104836 0.09059370462406839
9 0.6045609708564028 0.7006520441975812 0.1233559592838688 0.07256586729005096
168 0.4457669617571042 0.7028543727509999 0.12781292180694007 0.08118234318774994
120 0.2934232117571042 0.7019680627407372 0.13275074568106326 0.08511586426498888
275 0.2959591240033202 0.7965493097156751 0.11884893198597286 0.06316814139235198
264 0.5810152444536709 0.7997708002477054 0.11070576495939477 0.0701493944174139
259 0.4388778092284955 0.7981623275714602 0.11675550586009606 0.06706075585373235
261 0.4315776465208542 0.8754924420328407 0.11600453423772628 0.0553420058537327