273 0.5450498562355103 0.1495598628764063 0.06565417490485963 0.04391686597668398
259 0.5388555474519924 0.26513731868526513 0.017856003460041237 0.017708640871793337
275 0.5414977277940596 0.3299810686852651 0.034707922433401886 0.029889332158504978
264 0.5743420612921568 0.33324870125868866 0.03249150642579064 0.03283673340326043
260 0.5752798201894054 0.37537700167360716 0.03395850593149898 0.03061138257342346
260 0.5770797421285156 0.4004362012586887 0.03239600593149916 0.030492983403260433
260 0.5781302475657231 0.42621745125868865 0.03239600593149898 0.03049298340326061
260 0.5807432530029306 0.45211710042885167 0.03239600593149916 0.03049298340326061
260 0.5802630919382352 0.4785612012586887 0.029988588935304605 0.028752884648016064
23 0.5812499303792483 0.5027799512586887 0.029988588935304605 0.028752884648016064
260 0.5838311023183586 0.5278983504288517 0.029988588935304605 0.028752884648016064
20 0.5856310242574688 0.5529575500139332 0.029988588935304605 0.028752884648016064
16 0.585836612698482 0.5771171004288517 0.029988588935304605 0.028752884648016064
11 0.5867916176413978 0.6005546004288517 0.029988588935304605 0.028752884648016064
10 0.5886233730786052 0.6263950500139333 0.029988588935304605 0.028752884648016064
113 0.54589340912471 0.39963071785542814 0.032268671939110406 0.02736798340326043
111 0.5470075815581119 0.42697446785542814 0.032268671939110406 0.02736798340326043
110 0.5480580869953193 0.4527557178554281 0.032268671939110226 0.02736798340326043
99 0.5506074254363325 0.47709286702559117 0.032268671939110226 0.02736798340326043
85 0.5510040148659285 0.5059399174405097 0.03408583992388792 0.033736382573423464
72 0.5528357703031361 0.5317803670255912 0.030801672433401706 0.0295933342330974
53 0.5538544422422464 0.5567803670255912 0.030801672433401883 0.0295933342330974
35 0.5564037806832595 0.5811175161957542 0.030801672433401883 0.0295933342330974
9 0.555891786120467 0.6067803670255911 0.030801672433401706 0.0295933342330974
260 0.5600672915576743 0.6327984153659172 0.030801672433401883 0.0295933342330974
260 0.5609267960062987 0.6538921653659172 0.030801672433401883 0.0295933342330974