273 0.540625 0.10859375 0.0640625 0.0390625
259 0.5296875 0.225 0.0171875 0.01640625
275 0.5296875 0.28984375 0.03359375 0.02734375
264 0.5625 0.290625 0.03125 0.03046875
260 0.56171875 0.3328125 0.0328125 0.028125
260 0.5625 0.3578125 0.03125 0.028125
260 0.5625 0.38359375 0.03125 0.028125
260 0.5640625 0.409375 0.03125 0.028125
260 0.5625 0.4359375 0.02890625 0.0265625
23 0.5625 0.46015625 0.02890625 0.0265625
260 0.5640625 0.48515625 0.02890625 0.0265625
20 0.56484375 0.51015625 0.02890625 0.0265625
16 0.5640625 0.534375 0.02890625 0.0265625
11 0.5640625 0.5578125 0.02890625 0.0265625
10 0.56484375 0.58359375 0.02890625 0.0265625
113 0.53125 0.359375 0.03125 0.025
111 0.53125 0.38671875 0.03125 0.025
110 0.53125 0.4125 0.03125 0.025
99 0.5328125 0.43671875 0.03125 0.025
85 0.53203125 0.465625 0.0328125 0.03125
72 0.5328125 0.49140625 0.0296875 0.02734375
53 0.5328125 0.51640625 0.0296875 0.02734375
35 0.534375 0.540625 0.0296875 0.02734375
9 0.5328125 0.56640625 0.0296875 0.02734375
260 0.5359375 0.5921875 0.0296875 0.02734375
260 0.5359375 0.61328125 0.0296875 0.02734375