266 0.47488990436825507 0.47529814601428466 0.044969880498831036 0.037946280878812286
266 0.5943889560325735 0.6635232232113157 0.047976481328668184 0.036474709092057724
266 0.5968636832120566 0.7064692411580044 0.04779888257342364 0.034130959092057725
266 0.48984408860599693 0.6932214319076622 0.045691930913749526 0.03718776293212365
266 0.5995752087318659 0.752540259104693 0.050557029668994245 0.0396679052519918
260 0.3857467392260525 0.5950901572970558 0.03686138257342346 0.03381271034569906
266 0.3897839664055357 0.6380816393503672 0.03992718298834195 0.03312238855894432
260 0.37603800727268455 0.4669651572970558 0.04094523132866801 0.03627012061225567
343 0.5836612531234996 0.4808016514245611 0.04262613049883104 0.037878084718878394
259 0.47898633113281974 0.5190708780675961 0.04154888257342364 0.033949102665567034
264 0.5833069782283904 0.5275629911580044 0.05116068091374952 0.03734688730530315
142 0.3770686336223307 0.5114282111371218 0.04407023132866801 0.03636104882550093
35 0.4840541846619491 0.6065254139609734 0.048876130498831036 0.03805994114536908
9 0.4843627605966768 0.651746985747728 0.044129430913749525 0.03714229882550111
343 0.39137162242417595 0.7207577470304991 0.04100443091374952 0.03705137061225568
272 0.49075631578548007 0.736121985747728 0.028942138797200912 0.021889371865896835
272 0.5031630726339573 0.8175538421742188 0.045147479254075584 0.04029003087881229
266 0.6012220643355877 0.8359976167848249 0.0456919309137497 0.037187762932124
266 0.4004757805174086 0.7997549252437445 0.045691930913749526 0.03718776293212365