266 0.4075025994761264 0.47017750121452073 0.04475512512605064 0.03745513555165925
266 0.5000239632022108 0.6571747150936686 0.04777086448238901 0.03594718262955983
266 0.49623804550151307 0.7001298283241935 0.04760697351689647 0.03360343262955982
266 0.3906982396853144 0.6881189776755704 0.04548174480421992 0.03668752232113448
266 0.4922336065134919 0.7462099415547183 0.050333135769712455 0.039113092937985525
260 0.3004881389486802 0.5911155182606492 0.036669473516896464 0.033412517856907444
266 0.29826472124798253 0.6340979050301245 0.03973984319506556 0.03268581493480802
260 0.3094475117289425 0.46299051826064924 0.04073961448238901 0.03582445170428343
343 0.5159324585106339 0.4744167621715693 0.042411375126050824 0.03741422524323372
259 0.4052245514535978 0.5139411379839959 0.04135697351689647 0.03349433847375849
264 0.5087483892007818 0.5212235783241935 0.05095049480421991 0.036782979707460584
142 0.3039898333845831 0.5074808579522238 0.04386461448238901 0.035878998782184014
35 0.3975434554085407 0.6014138644450455 0.04866137512605082 0.03752331939903506
9 0.39124989674235033 0.6466718173671449 0.043919244804219916 0.03666024878218401
343 0.28778640713391057 0.7168285844132735 0.04079424480421991 0.036605701704283254
272 0.3853498219846167 0.7310468173671449 0.028818768689433404 0.02157103693163087
272 0.38591826851420646 0.8124059115229463 0.04491901609154336 0.03979888555165907
266 0.4817006620775891 0.8297218709378672 0.04548174480421992 0.03668752232113448
266 0.285393744628993 0.7957893814911741 0.04548174480421992 0.0366875223211343