259 0.5014308046979957 0.20398633113281975 0.03786972453146405 0.06912943091374953
110 0.46771137107447414 0.3133962973146408 0.03713393863808676 0.07063273132866801
109 0.5312222901165194 0.39102531246148786 0.03713393863808658 0.07063273132866801
99 0.4670006657433401 0.39163969648480385 0.03713393863808676 0.07063273132866801
97 0.5313837629986308 0.4662029112167323 0.036239028371529966 0.06666728174358667
85 0.46638088862545135 0.4667580956549669 0.036239028371529966 0.06666728174358667
72 0.5284656999873647 0.5395812116316507 0.036239028371529966 0.06666728174358667
53 0.4657383794542513 0.54265774482513 0.036239028371529966 0.06666728174358667
35 0.5279368510827214 0.6115746108018139 0.036125368104973174 0.06276103174358667
9 0.46592258438967404 0.6170540935803744 0.036125368104973174 0.06276103174358667
275 0.46397598799231315 0.7108632931654559 0.036125368104973174 0.06276103174358649
264 0.5260357187919832 0.7038213103868953 0.036125368104973174 0.06276103174358667