259 0.50625 0.165625 0.0359375 0.06640625
110 0.47578125 0.27734375 0.03515625 0.06796875
109 0.54140625 0.35 0.03515625 0.06796875
99 0.47734375 0.35546875 0.03515625 0.06796875
97 0.54375 0.425 0.034375 0.0640625
85 0.47890625 0.43046875 0.034375 0.0640625
72 0.54296875 0.4984375 0.034375 0.0640625
53 0.48046875 0.50625 0.034375 0.0640625
35 0.54453125 0.5703125 0.034375 0.06015625
9 0.4828125 0.58046875 0.034375 0.06015625
275 0.48359375 0.67421875 0.034375 0.06015625
264 0.5453125 0.6625 0.034375 0.06015625