273 0.4765625 0.240625 0.125 0.10234375
342 0.44765625 0.44921875 0.03203125 0.03359375
342 0.51015625 0.4515625 0.03046875 0.03046875
259 0.48125 0.5140625 0.03359375 0.0265625
20 0.5109375 0.60390625 0.03515625 0.03984375
11 0.44921875 0.609375 0.0375 0.0375
113 0.5109375 0.66640625 0.0359375 0.03671875
110 0.4484375 0.6765625 0.03671875 0.0375
85 0.51171875 0.73046875 0.03359375 0.0359375
53 0.44765625 0.7453125 0.03671875 0.0390625
9 0.51171875 0.79609375 0.03359375 0.03671875
152 0.44765625 0.8125 0.040625 0.0390625
275 0.44921875 0.9109375 0.040625 0.0390625
264 0.5109375 0.88984375 0.03828125 0.03828125