273 0.47796241529826117 0.24894342937985367 0.1255954185197151 0.10452563311602728
342 0.45026972823539013 0.4570326189092723 0.03222669272021186 0.03415285754848192
342 0.5127833637740095 0.46046731046728595 0.03064601200205246 0.03100058400953163
259 0.4842407281371942 0.5224627499967047 0.03374828610435347 0.027148881087432387
20 0.5144509237842723 0.6128246972367611 0.035388054156530305 0.0404574046263825
11 0.45276399004105095 0.6172161424482228 0.037718168617910844 0.038154564934808025
113 0.5148145381474569 0.6753246972367611 0.03615112343837108 0.03734604139585791
110 0.4523736254814745 0.6843900056787475 0.03693691861791084 0.03814092816533297
85 0.5159684928697212 0.7394008340062364 0.033802828258831144 0.03652388108743239
53 0.4519923512809777 0.7531263689092724 0.03694600897699054 0.03970342816533297
9 0.5163502879510652 0.8050258340062364 0.033807373438370904 0.037305131087432386
152 0.45238323672140124 0.8203138689092725 0.04085225897699054 0.0397716120127086
275 0.4545184293434172 0.9187786424482226 0.04085225897699054 0.0397716120127086
264 0.5161144594958423 0.8987621972367613 0.0385039637974506 0.03894945170428343