273 0.4695610275801071 0.2600434338392894 0.12797789898378564 0.10743710969555131
342 0.4345853193459792 0.46745934440969317 0.0330087282923877 0.034898923421985015
342 0.49701712318604513 0.4723497742574688 0.031355300079142265 0.03171025642579064
259 0.4662923089211379 0.5336719348278726 0.034366639812585476 0.027931340418179573
20 0.4933656227903337 0.624725357755566 0.03631558471887839 0.041276257414373775
11 0.43148774841715437 0.6276792614058875 0.03859113855894432 0.03902800790866543
113 0.4915470585254266 0.687225357755566 0.03700590650563314 0.03818309091247087
110 0.42875154183237907 0.6948349279077904 0.037809888558944314 0.03899617441056833
85 0.4904642801538966 0.7513196912536632 0.0346394244523216 0.037306340418179575
53 0.4259698711409811 0.7635530944096931 0.037855352665567034 0.04055867441056815
9 0.488554787675744 0.8169446912536632 0.03466215650563296 0.03808759041817957
152 0.4240149145562058 0.8307405944096932 0.041761602665567034 0.04071784190105419
275 0.4227131758389769 0.9292417614058875 0.041761602665567034 0.04071784190105419
264 0.4850456912783831 0.9106628577555661 0.039395120612255675 0.03984109140676253