290 0.4640625 0.13046875 0.03046875 0.0546875
290 0.53515625 0.13046875 0.03046875 0.05625
99 0.5125 0.24453125 0.03046875 0.0515625
85 0.51328125 0.3203125 0.03046875 0.0515625
72 0.5140625 0.39375 0.02890625 0.05078125
53 0.51328125 0.46640625 0.02890625 0.05078125
35 0.51484375 0.5375 0.02890625 0.05078125
9 0.5140625 0.60703125 0.02578125 0.04140625
253 0.51484375 0.68046875 0.02421875 0.0484375
234 0.51640625 0.74609375 0.02734375 0.05078125
275 0.471875 0.846875 0.028125 0.0484375
264 0.5609375 0.84609375 0.028125 0.0484375
290 0.51328125 0.84609375 0.028125 0.0484375
290 0.60078125 0.84453125 0.028125 0.0484375
266 0.5578125 0.24453125 0.03046875 0.0515625
266 0.55703125 0.31875 0.03046875 0.0515625
266 0.5578125 0.39375 0.02890625 0.05078125
266 0.55859375 0.46796875 0.02890625 0.05078125
266 0.55703125 0.53828125 0.02890625 0.05078125
266 0.55859375 0.61015625 0.028125 0.05
266 0.55703125 0.68125 0.028125 0.05
266 0.5578125 0.74296875 0.03046875 0.05625
272 0.60703125 0.12421875 0.02578125 0.046875
259 0.47109375 0.94453125 0.0296875 0.05390625
290 0.51328125 0.94375 0.02578125 0.04921875
272 0.559375 0.93828125 0.02578125 0.04140625
309 0.59921875 0.9484375 0.02890625 0.06015625
290 0.796875 0.94609375 0.02890625 0.06015625
309 0.79765625 0.84375 0.028125 0.0484375
272 0.82265625 0.12578125 0.02578125 0.046875