259 0.45608002723940827 0.22365922228939078 0.05573082995351371 0.052710282880756944
44 0.47577979408725624 0.4831617680470253 0.0474266570570359 0.04504130409258433
43 0.5775497437189392 0.538853400778001 0.04195790705703608 0.0445948939408634
42 0.48378331822457127 0.5420743824411117 0.04731739641337427 0.04347880409258416
41 0.37779004433935776 0.5481812480431459 0.05534841770069772 0.04724153288075694
39 0.5804287252816073 0.5911333778991837 0.04195790705703608 0.0445948939408634
38 0.4877167013963938 0.5983243824411117 0.04731739641337427 0.04347880409258416
37 0.3850669487985037 0.607811339558415 0.05534841770069772 0.04724153288075694
36 0.5841982174879371 0.6450396278991837 0.04179401609154336 0.0422511439408634
28 0.4916500845682162 0.6545743824411117 0.04731739641337427 0.04347880409258416
26 0.3907267229358188 0.6665326353160496 0.056184298022528625 0.04808655575957417
25 0.5877491884069436 0.6958208778991837 0.04179401609154354 0.0422511439408634
24 0.496200826774546 0.7085444053199289 0.04731739641337427 0.04347880409258416
23 0.39705848642947206 0.7237552039525014 0.056184298022528625 0.04808655575957417
22 0.5880658986822882 0.7447845363839146 0.04179401609154336 0.0422511439408634
16 0.499915688659045 0.7616694053199289 0.04731739641337427 0.04347880409258416
11 0.40166385895763285 0.7785064768313187 0.04960651609154336 0.04288887272903601
152 0.5057557792562205 0.8118607239563808 0.04402850544788173 0.040879962577314896
275 0.41563851366888027 0.9117016141042222 0.050551657057036084 0.04529639560785341
264 0.5956430879224108 0.8642520135050974 0.042302114482389006 0.0384086668196808