259 0.45608002723940827 0.15911327267441747 0.05573082995351371 0.051791839913252244
44 0.47577979408725624 0.41838814312476813 0.0474266570570359 0.04425994216500566
43 0.5775497437189392 0.459736231496861 0.04195790705703608 0.043909488741233106
42 0.48378331822457127 0.47673156925064486 0.04731739641337427 0.042697442165005664
41 0.37779004433935776 0.49843419340162337 0.05534841770069772 0.04632308991325225
39 0.5804287252816073 0.5121300462716856 0.04195790705703608 0.043909488741233106
38 0.4877167013963938 0.5329815692506449 0.04731739641337427 0.042697442165005664
37 0.3850669487985037 0.5576089343023247 0.05534841770069772 0.04632308991325225
36 0.5841982174879371 0.5660362962716856 0.04179401609154336 0.04156573874123311
28 0.4916500845682162 0.5892315692506449 0.04731739641337427 0.042697442165005664
26 0.3907267229358188 0.6161025547526753 0.056184298022528625 0.047154404688076926
25 0.5877491884069436 0.6168175462716856 0.04179401609154354 0.04156573874123311
24 0.496200826774546 0.6430877544758202 0.04731739641337427 0.042697442165005664
23 0.39705848642947206 0.6729836104282014 0.056184298022528625 0.047154404688076926
22 0.5880658986822882 0.6662365553709841 0.04179401609154336 0.04156573874123311
16 0.499915688659045 0.6962127544758202 0.04731739641337427 0.042697442165005664
11 0.40166385895763285 0.7276210456533768 0.04960651609154336 0.04206638648947951
152 0.5057557792562205 0.7460625601513462 0.04402850544788173 0.040153433065707136
275 0.41563851366888027 0.8601331570044287 0.050551657057036084 0.04446020126430419
264 0.5956430879224108 0.7858178701458088 0.042302114482389006 0.03770955351605778