289 0.35625 0.1609375 0.08125 0.078125
37 0.53671875 0.15 0.053125 0.06875
36 0.45390625 0.159375 0.05859375 0.078125
28 0.53828125 0.26796875 0.053125 0.06875
26 0.4625 0.28203125 0.05859375 0.078125
25 0.36171875 0.2984375 0.06953125 0.084375
24 0.53828125 0.36796875 0.053125 0.06875
23 0.4609375 0.39140625 0.053125 0.0671875
22 0.371875 0.41875 0.06640625 0.07109375
16 0.53359375 0.4640625 0.04453125 0.0609375
11 0.46484375 0.496875 0.053125 0.0671875
10 0.38046875 0.5328125 0.06640625 0.07109375
113 0.5328125 0.55234375 0.04453125 0.0609375
111 0.46796875 0.5921875 0.053125 0.0671875
110 0.38515625 0.6375 0.059375 0.07421875
99 0.53359375 0.6375 0.04453125 0.0609375
85 0.46953125 0.68125 0.05234375 0.06015625
72 0.38984375 0.7328125 0.053125 0.07109375
9 0.39921875 0.8203125 0.05625 0.06484375
260 0.53359375 0.7140625 0.040625 0.0515625
260 0.47265625 0.7625 0.05234375 0.06015625
275 0.51328125 0.81875 0.04296875 0.05546875
260 0.42734375 0.8890625 0.05 0.05546875
259 0.76640625 0.0421875 0.04453125 0.06328125
289 0.81484375 0.14375 0.05 0.05234375
342 0.70234375 0.146875 0.04921875 0.06015625
342 0.75859375 0.14375 0.04921875 0.06015625
342 0.6984375 0.240625 0.04921875 0.06015625
342 0.7546875 0.23359375 0.040625 0.053125
342 0.80078125 0.228125 0.040625 0.053125
342 0.79296875 0.303125 0.04140625 0.0515625
342 0.6921875 0.32578125 0.040625 0.053125
342 0.74296875 0.31328125 0.040625 0.053125
342 0.73828125 0.38984375 0.04140625 0.05
342 0.784375 0.37890625 0.04140625 0.05
342 0.68515625 0.4078125 0.04140625 0.05
342 0.68125 0.48359375 0.04140625 0.05
342 0.73125 0.465625 0.04140625 0.05
342 0.778125 0.4484375 0.04140625 0.05
342 0.77109375 0.51171875 0.04140625 0.05
342 0.67578125 0.5546875 0.040625 0.04609375
342 0.7234375 0.53125 0.040625 0.04609375