289 0.3440548854732085 0.13394248920283053 0.08716995850815117 0.08428175684847723
37 0.5253524296643497 0.10932988504900128 0.05833456348717299 0.07277557178554281
36 0.4418295346433716 0.12498004106764153 0.06451370850815116 0.08256496888111342
28 0.5179757923170414 0.22718023587883823 0.05833456348717299 0.07277557178554286
26 0.44112894978557415 0.24698509563174492 0.06451370850815116 0.08256496888111346
25 0.3391045084988624 0.27102809210726 0.07592480518880329 0.08964376307225459
24 0.5103982454266079 0.3271802358788382 0.05833456348717299 0.07277557178554286
23 0.43127850787416244 0.35647849480190796 0.058216164317009954 0.07121307178554286
22 0.3401440223963096 0.3905709975012003 0.07179341224241753 0.07612571473192853
16 0.4984291964615819 0.4236291833893273 0.04914881763635783 0.06431187634964619
11 0.42719281388815844 0.4616512468765004 0.058216164317009954 0.07121307178554286
10 0.34009463297440884 0.5039823020653037 0.07179341224241761 0.07612571473192845
113 0.490958393347371 0.5119696329744088 0.04914881763635783 0.06431187634964619
111 0.42309546450821395 0.5567269485361743 0.058216164317009954 0.07121307178554286
110 0.33684938857348623 0.6083146045548146 0.0649989605827436 0.07871791846619498
99 0.48528688857348623 0.5970666833893273 0.04914881763635783 0.06431187634964619
85 0.41790921180892154 0.6456710493660113 0.0569021180512765 0.06412262220046135
72 0.3343145391935417 0.7032719070443255 0.05851216224241753 0.07511932178554268
9 0.3370591856644124 0.7900615120233474 0.0611635655617655 0.06910612012586892
260 0.4794853292354981 0.6736291833893273 0.04453217261537965 0.05464087842423861
260 0.4148774549604443 0.7266842510256852 0.05690211805127632 0.06412262220046135
275 0.4512400848345754 0.7798558726014466 0.04717192054078723 0.058724727179483335
260 0.3599746221772394 0.856680326960413 0.0542031705407874 0.05925752344521662
259 0.7632094724055983 0.008720260104929916 0.04932641639160238 0.017440520209859832
289 0.8039510263450019 0.082004832759983 0.05396637220046117 0.056132523445216756
342 0.6912142280046757 0.09365457301172073 0.053777118051276315 0.06388582386013524
342 0.7477010263450017 0.08626720288585187 0.053777118051276315 0.06388582386013526
342 0.6802040277948944 0.18770057093712827 0.053777118051276315 0.06388582386013524
342 0.7369868240606279 0.17640695081125943 0.04465057178554286 0.056203378424238615
342 0.7834949711561985 0.1674454252914502 0.04465057178554286 0.056203378424238615
342 0.7699993109883734 0.24303742114226531 0.04531342261537983 0.05470007800932013
342 0.6675012730210096 0.2733304176177804 0.04465057178554268 0.056203378424238615
342 0.7192297163823136 0.2569824445874821 0.04465057178554268 0.056203378424238615
342 0.7087406570443255 0.33390014209797114 0.045195023445216795 0.05313757800932013
342 0.7556632012354667 0.319469866578162 0.045195023445216795 0.05313757800932013
342 0.6542540665874508 0.355894463883514 0.045195023445216795 0.05313757800932013
342 0.6446054568345441 0.4319717118089216 0.04519502344521662 0.05313757800932013
342 0.6959670472914189 0.41021418836370477 0.045195023445216795 0.05313757800932013
342 0.7441444381632121 0.3894747132588141 0.045195023445216795 0.05313757800932013
342 0.7323180217716097 0.45328875952454767 0.045195023445216795 0.05313757800932013
342 0.6337495445921265 0.5034798589044922 0.04411777551980922 0.04917212842423861
342 0.6831817821445718 0.4764311842145199 0.04411777551980922 0.04917212842423861