273 0.54296875 0.22734375 0.3171875 0.27109375
9 0.44375 0.52265625 0.08515625 0.12109375
35 0.52734375 0.525 0.08515625 0.12109375
53 0.60859375 0.52890625 0.08515625 0.12109375
72 0.44140625 0.65390625 0.07734375 0.1125
85 0.521875 0.65625 0.07734375 0.1125
99 0.59765625 0.65390625 0.07734375 0.1125
110 0.43984375 0.775 0.07734375 0.1125
111 0.515625 0.775 0.07734375 0.1125
113 0.59140625 0.77734375 0.07734375 0.1125
8 0.51015625 0.88984375 0.07265625 0.10390625
152 0.4375 0.88984375 0.07265625 0.10390625
0 0.5859375 0.8875 0.07265625 0.10390625