273 0.5628587508484718 0.2399814879352435 0.34090512987773103 0.27847637100965306
9 0.48947649679597116 0.5329846458952782 0.09575058034884236 0.12307578371934032
35 0.57327529835111 0.537274062023438 0.09575058034884236 0.1230757837193405
53 0.6548670509430082 0.5430714267648269 0.09575058034884236 0.12307578371934032
72 0.49861563388374874 0.6641800945085073 0.08718622464666641 0.11430019576343753
85 0.5792894354388876 0.668396775454306 0.08718622464666659 0.11430019576343753
99 0.6548656338837487 0.6678168536265631 0.08718622464666641 0.11430019576343753
110 0.5076474642325911 0.7852374769173268 0.08718622464666641 0.11430019576343753
111 0.5834287142325911 0.7870013050895837 0.08718622464666641 0.11430019576343753
113 0.65941501578773 0.7911088832618407 0.08718622464666659 0.11430019576343753
8 0.5880074904343964 0.9017177685204517 0.08174686894449046 0.1055973429898959
152 0.5153512404343964 0.9000266755305558 0.08174686894449046 0.1055973429898959
0 0.6635836888792574 0.9011378466927088 0.08174686894449046 0.1055973429898959