273 0.5588661736527825 0.22418485021983284 0.336144221675311 0.27293909289316237
9 0.4802976853048504 0.5200745880213885 0.09362394988378445 0.12158917456983928
35 0.5640553262703429 0.521932003810629 0.09362394988378445 0.12158917456983911
53 0.6455784778794973 0.5253655551384889 0.09362394988378445 0.12158917456983911
72 0.4871318293724361 0.651338223560008 0.08521051634364482 0.11294997277444115
85 0.5677644703379287 0.6532138200674076 0.08521051634364482 0.11294997277444097
99 0.643381829372436 0.6504291876520462 0.08521051634364482 0.11294997277444097
110 0.4940370292562205 0.7724410639190876 0.08521051634364482 0.11294997277444115
111 0.5698182792562205 0.7720001815037262 0.08521051634364482 0.11294997277444115
113 0.6457634202217133 0.7739030490883647 0.08521051634364482 0.11294997277444115
8 0.572380186565358 0.8868757477605047 0.07992208280350539 0.1043289516972024
152 0.4997239365653581 0.8872984494577072 0.07992208280350539 0.1043289516972024
0 0.6479975455998656 0.8840911153451433 0.07992208280350539 0.1043289516972024