290 0.475 0.34140625 0.02890625 0.02578125
342 0.5328125 0.34609375 0.028125 0.02890625
113 0.5015625 0.4234375 0.02734375 0.02421875
111 0.5 0.44921875 0.02734375 0.02421875
110 0.49921875 0.47265625 0.02734375 0.02421875
99 0.49921875 0.49765625 0.028125 0.02421875
85 0.49765625 0.521875 0.02734375 0.0234375
72 0.496875 0.546875 0.02734375 0.0234375
53 0.49609375 0.5703125 0.02734375 0.0234375
35 0.4953125 0.59453125 0.02734375 0.0234375
9 0.49453125 0.61875 0.02734375 0.0234375
152 0.49375 0.6421875 0.02734375 0.0234375
290 0.4921875 0.67578125 0.02734375 0.0234375
290 0.4640625 0.70546875 0.02734375 0.0234375
290 0.51875 0.69609375 0.02734375 0.0234375