47 0.537884401999433 0.14264318672716164 0.033241575135076216 0.058486742142117173
46 0.606877449459695 0.1994881921038451 0.033241575135076216 0.05848674214211713
44 0.5732018539061988 0.20339659615662103 0.033241575135076216 0.058486742142117173
43 0.5355654446503716 0.20904943672716164 0.033241575135076216 0.058486742142117173
42 0.6053124602594682 0.2666393048002922 0.033241575135076216 0.058486742142117173
41 0.5707464873013103 0.27370909615662103 0.033241575135076216 0.058486742142117173
39 0.5333010510036411 0.2738931867271616 0.033241575135076216 0.058486742142117173
38 0.6007588803150685 0.330029716710951 0.03076141587924912 0.05447133023145838
37 0.5654662210592415 0.33557339537083275 0.03076141587924912 0.05447133023145838
36 0.5286383436545797 0.3404085986378204 0.03076141587924912 0.05447133023145838
28 0.5970956777753307 0.3902587413180568 0.03076141587924912 0.05447133023145838
26 0.5625569866683381 0.39654728267438566 0.03076141587924912 0.05447133023145838
25 0.5272097637101801 0.4036534613342675 0.030761415879248945 0.05447133023145838
24 0.5948585659797655 0.45432124131805685 0.03076141587924912 0.05447133023145838
23 0.5611556885751038 0.4590108953708327 0.03076141587924912 0.05447133023145838
22 0.5265897156169459 0.46608068672716163 0.03076141587924912 0.05447133023145838
16 0.5927851452911931 0.5136962413180568 0.030761415879248945 0.05447133023145838
11 0.5590822678865314 0.5183858953708327 0.03076141587924912 0.05447133023145838
10 0.5237077630772079 0.5262733240307146 0.03076141587924912 0.05447133023145838
113 0.5892583520072823 0.5700190159251627 0.03076141587924912 0.05447133023145838
111 0.5562821609002897 0.5762347826743857 0.03076141587924912 0.05447133023145838
168 0.5217434697932971 0.5825233240307146 0.03076141587924912 0.05447133023145838
264 0.5838391873091595 0.7028679032287156 0.027554570325752793 0.051982031017246653
275 0.5524527780533324 0.7082296453708328 0.027554570325752793 0.051982031017246653
259 0.5186680550951743 0.7152630494236087 0.027554570325752793 0.051982031017246653