24 0.5884863039601386 0.18320546428388937 0.15093176180566079 0.16364753875333346
23 0.41735164734428026 0.17219196304961842 0.15870790036934235 0.15757937670923625
22 0.5846123910977644 0.32294011151034774 0.1508363130353249 0.14724128875333342
16 0.41972773448190603 0.31207208064079894 0.14923745159900648 0.14095492116215294
11 0.5790532583878153 0.4415446411456255 0.13824086426498888 0.130544098023889
10 0.42670496320827545 0.4372175510055212 0.14608972570130732 0.1369759359797918
113 0.5695287883438487 0.5499020018029519 0.12407837031511307 0.11302928970326391
111 0.4234713997801672 0.5527516320275698 0.12876587031511305 0.11313839247680554
110 0.565427616504484 0.6505741490294102 0.12089428298109546 0.10280030452090294
190 0.4279639779408025 0.6536238010055213 0.12404200887879462 0.10677928970326392
156 0.5612809928697213 0.7434337962558686 0.11773292154477702 0.09647756933854179
264 0.5528241191367627 0.9010280907087852 0.11146019564707803 0.09242584897381967
275 0.42866900165031996 0.9090743672099307 0.13802269564707803 0.09304409802388917