24 0.5875 0.16953125 0.15 0.16015625
23 0.41640625 0.1625 0.1578125 0.15390625
22 0.5828125 0.309375 0.15 0.14375
16 0.41796875 0.30234375 0.1484375 0.1375
11 0.5765625 0.428125 0.1375 0.12734375
10 0.42421875 0.42734375 0.1453125 0.13359375
113 0.56640625 0.53671875 0.1234375 0.11015625
111 0.4203125 0.54296875 0.128125 0.11015625
110 0.56171875 0.6375 0.1203125 0.1
190 0.42421875 0.64375 0.1234375 0.10390625
156 0.55703125 0.73046875 0.1171875 0.09375
264 0.54765625 0.88828125 0.1109375 0.08984375
275 0.4234375 0.89921875 0.1375 0.08984375