24 0.5776259291086043 0.14901529792359822 0.15932803932136447 0.16539436542376212
23 0.40694170278612773 0.14795877332882693 0.166776518274677 0.15941718393541643
22 0.564793458188974 0.2890227390305908 0.15837248407380997 0.14898811542376222
16 0.4003592318664972 0.2877479596264961 0.15644596302712266 0.14268355172143127
11 0.5516270583019134 0.4079909938399142 0.14491692882625565 0.13214535580511538
10 0.39932881093274925 0.41252970481717266 0.15309344987294313 0.13866817431676956
113 0.5351459426157199 0.5169394079050648 0.12985337094786545 0.11446678248413758
111 0.38868817156903246 0.5282911140729998 0.13454087094786527 0.11463047359113024
110 0.5245886032378856 0.6178843490120574 0.12613683674699844 0.10420140507947587
190 0.38672458219119815 0.6289359548171726 0.12948934990117794 0.10821678248413776
156 0.5144862901684106 0.7110167901190498 0.12264781570031094 0.09784227767481415
264 0.4959197587395538 0.8691566723330351 0.11617030254613141 0.0937177728654909
275 0.3710639719078509 0.8844319866683381 0.14273280254613133 0.09464535580511538