259 0.51171875 0.5234375 0.04921875 0.04140625
266 0.39921875 0.5203125 0.05546875 0.04453125
113 0.39453125 0.57890625 0.04453125 0.03984375
111 0.50859375 0.58203125 0.0453125 0.03515625
110 0.390625 0.63515625 0.0453125 0.03515625
99 0.50625 0.64140625 0.0453125 0.03515625
85 0.3875 0.69453125 0.0453125 0.03515625
72 0.5046875 0.70390625 0.04453125 0.0375
53 0.38359375 0.753125 0.0453125 0.03671875
35 0.5015625 0.76796875 0.0453125 0.03671875
9 0.38203125 0.8140625 0.0453125 0.04140625
152 0.5015625 0.82890625 0.04609375 0.03984375