260 0.525 0.39921875 0.034375 0.06640625
35 0.52890625 0.475 0.03125 0.06484375
186 0.53046875 0.55 0.034375 0.0640625
9 0.53359375 0.6203125 0.034375 0.0640625
342 0.47265625 0.728125 0.034375 0.05859375
275 0.51484375 0.71953125 0.034375 0.05859375
275 0.5578125 0.7078125 0.034375 0.05859375
264 0.59921875 0.69609375 0.034375 0.05859375
272 0.60390625 0.825 0.034375 0.05859375
272 0.5609375 0.8328125 0.034375 0.05859375
272 0.51953125 0.84453125 0.034375 0.05859375
272 0.478125 0.85859375 0.034375 0.05859375
9 0.75 0.56953125 0.03125 0.05625
266 0.6921875 0.6734375 0.03125 0.05625
266 0.73203125 0.66328125 0.03125 0.05625
266 0.77109375 0.6546875 0.03125 0.05625
266 0.809375 0.646875 0.03125 0.05625
266 0.74921875 0.359375 0.03046875 0.0625
266 0.7484375 0.43125 0.03046875 0.0625
266 0.7484375 0.5015625 0.03046875 0.0625
266 0.81171875 0.76875 0.0296875 0.05625
266 0.7734375 0.7765625 0.0296875 0.05625