260 0.5040778318643484 0.4236710179875681 0.03785520409301455 0.06800729135632881
35 0.5040125548405554 0.4996342045053327 0.034648316937884616 0.06629924214211727
186 0.5016444713943273 0.5747069791124385 0.03773237336031983 0.06566354135632899
9 0.5010845494134885 0.6451650283266502 0.03773237336031983 0.06566354135632899
342 0.43449683570953557 0.7501393186495219 0.03744576831736559 0.06019479135632881
275 0.4771347150627493 0.7435104830413801 0.03744576831736559 0.06019479135632899
275 0.5207176187262224 0.733793034736791 0.03744576831736577 0.06019479135632899
264 0.5627380223896955 0.7240028118250963 0.03744576831736559 0.06019479135632899
272 0.560669832091491 0.8531273856464139 0.03744576831736559 0.06019479135632864
272 0.5172916463158422 0.858938583951003 0.03744576831736577 0.06019479135632864
272 0.4752712426523692 0.8687288068626977 0.03744576831736559 0.06019479135632864
272 0.43312800825620135 0.8808627797743924 0.03744576831736559 0.06019479135632899
9 0.7201521319552054 0.6044630614108115 0.034197937584671045 0.057705492142117266
266 0.656894136139077 0.7056766509478948 0.034197937584671045 0.057705492142117266
266 0.6972701526474203 0.6973761534290942 0.034197937584671045 0.057705492142117086
266 0.7367830320006339 0.6906017686067406 0.034197937584671226 0.057705492142117266
266 0.7754737177762827 0.6845722464808341 0.034197937584671045 0.057705492142117266
266 0.730384704320157 0.3942704241072586 0.03374423620519007 0.06391910483856425
266 0.7258366451841884 0.46610903680370563 0.03374423620519007 0.06391910483856407
266 0.7221517232033496 0.5364215368037056 0.03374423620519007 0.06391910483856407
266 0.7714302696761621 0.8065564083914929 0.032635437584671044 0.05763271753501158
266 0.7327395839005133 0.8125859305173995 0.032635437584671044 0.05763271753501122