9 0.42041339760916047 0.24299662585621493 0.06115657885449064 0.09894729948690975
35 0.4939419028708324 0.23972484907072875 0.06115657885449046 0.09894729948690975
53 0.5675159107633401 0.23567182228524258 0.06271907885449064 0.09898366707809032
99 0.5621543056004903 0.34112238848965226 0.06271907885449046 0.09898366707809032
85 0.4871543056004903 0.342868032866319 0.06271907885449046 0.09898366707809032
72 0.41362580033881835 0.3461398096518052 0.06271907885449046 0.09898366707809032
110 0.4060569530684764 0.4493011772429858 0.06271907885449064 0.09898366707809032
111 0.4802302004376404 0.4483549666619093 0.06271907885449046 0.09898366707809032
113 0.5560114504376404 0.44659113848965226 0.06271907885449046 0.09898366707809032
119 0.5481240847514469 0.5552212560808328 0.06717136042452161 0.10844958605604163
8 0.4732150900131188 0.5554044004574996 0.06460009727034191 0.10448878466927099
152 0.3992238531672984 0.5532256110385759 0.06460009727034208 0.10448878466927099
114 0.46463747958859714 0.6624902018442704 0.0969953683170294 0.11148432028847229