10 0.33984375 0.2171875 0.16328125 0.1046875
111 0.35078125 0.328125 0.1515625 0.09375
113 0.571875 0.32578125 0.14296875 0.09140625
99 0.3609375 0.42421875 0.14140625 0.08125
110 0.5640625 0.42109375 0.13828125 0.0796875
72 0.37265625 0.50859375 0.128125 0.07265625
85 0.5609375 0.5046875 0.125 0.07109375
35 0.378125 0.5828125 0.1265625 0.0640625
53 0.55546875 0.578125 0.11484375 0.0609375
8 0.3828125 0.646875 0.11484375 0.05625
9 0.55390625 0.64375 0.11171875 0.0546875
275 0.39140625 0.73203125 0.103125 0.0515625
264 0.54921875 0.7296875 0.1015625 0.0515625
259 0.39609375 0.7828125 0.0984375 0.04375
272 0.54453125 0.78359375 0.03828125 0.0375