343 0.52265625 0.11171875 0.040625 0.03671875
265 0.5234375 0.16640625 0.03984375 0.03671875
111 0.48046875 0.221875 0.03984375 0.0375
110 0.48046875 0.27890625 0.0390625 0.03671875
99 0.48203125 0.33515625 0.03984375 0.0328125
343 0.5140625 0.78671875 0.040625 0.06484375
266 0.4921875 0.96171875 0.03203125 0.05859375
266 0.540625 0.95390625 0.0328125 0.05859375
111 0.52421875 0.221875 0.03984375 0.0375
110 0.525 0.27890625 0.0390625 0.03671875
99 0.525 0.33515625 0.03984375 0.0328125
85 0.48359375 0.3890625 0.03984375 0.0328125
85 0.52734375 0.3890625 0.03984375 0.0328125
72 0.48359375 0.4421875 0.03984375 0.0328125
72 0.528125 0.4421875 0.03984375 0.0328125
53 0.48515625 0.496875 0.03984375 0.0328125
53 0.52890625 0.496875 0.03984375 0.0328125
35 0.48671875 0.553125 0.03984375 0.0328125
35 0.52890625 0.5515625 0.03984375 0.0328125
9 0.4890625 0.60390625 0.03984375 0.03359375
9 0.53125 0.603125 0.03984375 0.03359375
343 0.478125 0.11171875 0.03984375 0.03671875
265 0.47890625 0.165625 0.03984375 0.0375