343 0.5154969872000736 0.13301536022702395 0.04297804441675908 0.03837409190105419
265 0.5127737029623474 0.18773469372512114 0.042196794416759074 0.038342258402957
111 0.46625035394979636 0.2414526013297754 0.042246859191583754 0.039123508402956995
110 0.46259562538759613 0.29848385132977534 0.04141554441675908 0.03831042490485981
99 0.4605534616002206 0.3547975183259698 0.04194647054263569 0.034436008402957
343 0.4636472717515668 0.8076651917479548 0.044780376310446714 0.06649909190105419
266 0.43055776219084285 0.9759121960451204 0.03578610811184966 0.04817560790975932
266 0.4794959099390894 0.9729848261116093 0.036567358111849656 0.05403034777678144
111 0.5100003539497964 0.24323527722321833 0.042246859191583754 0.039123508402956995
110 0.5071268753875962 0.30029836072131555 0.04141554441675908 0.03831042490485981
99 0.5035222116002206 0.3565483607213155 0.04194647054263569 0.034436008402957
85 0.458661492137319 0.4087674353221642 0.04194647054263569 0.03443600840295709
85 0.5024114921373191 0.41055011121560714 0.04194647054263569 0.03443600840295691
72 0.4552570874492421 0.4618924353221642 0.04194647054263569 0.03443600840295709
72 0.4997883374492421 0.4637069447137043 0.04194647054263569 0.03443600840295691
53 0.45331505321151583 0.5166436023183586 0.04194647054263569 0.03443600840295709
53 0.49706505321151584 0.5184262782118015 0.04194647054263569 0.03443600840295691
35 0.45127288942414034 0.5729572693145529 0.04194647054263569 0.03443600840295691
35 0.4935605189737896 0.5731137782118015 0.04194647054263569 0.03443600840295691
9 0.45036242906053736 0.6238340198088446 0.04199653531746037 0.035217258402957086
9 0.49259999383536207 0.6247717787060931 0.04199653531746037 0.035217258402957086
343 0.4709657372000736 0.13120085083548377 0.042196794416759074 0.038342258402957
265 0.468292517737172 0.18513893433358097 0.042246859191583754 0.039123508402956995