343 0.5239562153484993 0.15132327241953153 0.04105226133831792 0.03979712842423862
265 0.5253738120225899 0.20606997200461302 0.04027101133831792 0.0397379288391571
111 0.4830504993634531 0.25828274482512986 0.04028010200509069 0.0405191788391571
110 0.48371411803786196 0.3153139948251299 0.03948976133831792 0.03967872925407558
99 0.4859311460454979 0.3716823939952929 0.040225558004454244 0.0358316788391571
343 0.5232168014401315 0.8256720769836349 0.04137952534213589 0.06792212842423843
266 0.5033781107972212 0.9842520110535908 0.03271305000795408 0.03149597789281842
266 0.551724704129494 0.9821661482948473 0.03349430000795408 0.03566770341030541
111 0.5268004993634532 0.2615979215896945 0.04028010200509069 0.0405191788391571
110 0.5282453680378619 0.31868837117477605 0.03948976133831792 0.03967872925407558
99 0.5288998960454979 0.3749383711747761 0.040225558004454244 0.0358316788391571
85 0.4881209020528157 0.4257070431654559 0.040225558004454244 0.0358316788391571
85 0.5318709020528157 0.42902221993002054 0.040225558004454244 0.0358316788391571
72 0.4887390673933609 0.4788320431654559 0.040225558004454244 0.0358316788391571
72 0.533270317393361 0.48220641951510207 0.040225558004454244 0.0358316788391571
53 0.4909379140674515 0.5336379423356189 0.040225558004454244 0.0358316788391571
53 0.5346879140674515 0.5369531191001836 0.040225558004454244 0.0358316788391571
35 0.4931549420750875 0.5900063415057819 0.04022555800445442 0.0358316788391571
35 0.535324260741542 0.5916406191001836 0.040225558004454244 0.0358316788391571
9 0.49608958541531434 0.6409651902610265 0.04023464867122719 0.0366129288391571
9 0.5382679947485417 0.6433807178554282 0.040234648671227016 0.0366129288391571
343 0.4794249653484993 0.14794889606988532 0.04027101133831792 0.0397379288391571
265 0.4808334713558171 0.20191434565496685 0.04028010200509051 0.0405191788391571