53 0.5974745192773719 0.06721279144613124 0.042439509391540044 0.04618659190105419
35 0.6045176981365644 0.12483429045754806 0.03768834239534584 0.04443309091247101
9 0.6091852934976597 0.18177003996325647 0.04471959239534584 0.04471959239534575
266 0.6144749713682691 0.2347677059708677 0.04074967539915129 0.042997924904859805
275 0.5261340074515548 0.4097451427387256 0.052037343878220454 0.052037343878220454
264 0.7263104209877081 0.38672018372774625 0.05219651136870649 0.055943593878220545
237 0.5376219471851622 0.5188336412558507 0.052323845361095245 0.05906859387822046
191 0.7361085267289267 0.4927473492410659 0.05372717787060921 0.05522601087441501
265 0.5473882194282836 0.6240795567691704 0.04663226087441501 0.05337700939154004
266 0.7416820474891734 0.5911211822448715 0.0464094263877346 0.047908259391540045
289 0.5542695722037528 0.7161397227767816 0.030720759391540044 0.04570908942959626
289 0.7508753167665454 0.6823045977581911 0.0362531763877346 0.047494423916276673
261 0.643658382964437 0.6052884530051182 0.08409776878308026 0.09234135030401128
261 0.655704738211364 0.7088763680241461 0.09434951927737192 0.09509893577927464