309 0.0889998875627677 0.34599427693097135 0.02984686772806624 0.021257376463433175
272 0.08664029104652879 0.37490052693097137 0.029846867728066218 0.021257376463433175
272 0.08506194453028988 0.40381132211051113 0.02750311772806624 0.021243740924813716
342 0.12877986468395042 0.3470073310875016 0.02743934484924897 0.020462490924813715
272 0.16777859180513316 0.34801584006449204 0.03140936772806624 0.021266466822512698
272 0.1647652910465288 0.3753550448849522 0.029655549091614386 0.018913626463433086
272 0.16318694453028987 0.404265840064492 0.02750311772806624 0.021243740924813716
277 0.40118089423072745 0.31341916802873565 0.1686381718206505 0.06657494252382001
16 0.591933439988362 0.312965691836449 0.16707567182065047 0.0665658521647404
343 0.5719723999806033 0.5191975111182897 0.0914698939408634 0.039576105287998334
265 0.5668865451294147 0.5910770562978296 0.0930323939408634 0.039585195647078034
110 0.08134714210469557 0.4397442769309713 0.0558832092433353 0.024532367388246712
111 0.15875466498351284 0.4394129997054124 0.05419316348570078 0.02296077702916719
99 0.15639506846727394 0.4683192497054124 0.05419316348570078 0.02296077702916719
72 0.154035471951035 0.4972254997054124 0.05419316348570078 0.02296077702916719
35 0.1517396483136134 0.5253504997054124 0.05419316348570078 0.02296077702916719
264 0.14880609588801907 0.5612879997054124 0.05432070924333532 0.02452327702916719
85 0.0775525913460912 0.46707893657189176 0.05432070924333528 0.02452327702916719
53 0.0751929948298523 0.4959851865718917 0.0543207092433353 0.02452327702916719
277 0.07289717119243065 0.5241101865718918 0.0543207092433353 0.02452327702916719
275 0.06989984588801909 0.5608289365718917 0.0543207092433353 0.02452327702916719
263 0.06518065285554128 0.6186414365718917 0.0543207092433353 0.02452327702916719
259 0.0676677951294147 0.5881726865718917 0.0543207092433353 0.02452327702916719
309 0.1440869028555413 0.6191004997054124 0.03478945924333532 0.02440964754067192
288 0.14644649937178017 0.5901942497054125 0.05432070924333532 0.02452327702916719