309 0.1171875 0.3453125 0.028125 0.02109375
272 0.1171875 0.37421875 0.028125 0.02109375
272 0.11796875 0.403125 0.02578125 0.02109375
342 0.15703125 0.34609375 0.02578125 0.0203125
272 0.19609375 0.346875 0.0296875 0.02109375
272 0.1953125 0.37421875 0.028125 0.01875
272 0.19609375 0.403125 0.02578125 0.02109375
277 0.4265625 0.3109375 0.16328125 0.065625
16 0.6171875 0.309375 0.16171875 0.065625
343 0.6140625 0.515625 0.08828125 0.0390625
265 0.61484375 0.5875 0.08984375 0.0390625
110 0.1171875 0.4390625 0.05390625 0.02421875
111 0.19453125 0.43828125 0.05234375 0.02265625
99 0.19453125 0.4671875 0.05234375 0.02265625
72 0.19453125 0.49609375 0.05234375 0.02265625
35 0.19453125 0.52421875 0.05234375 0.02265625
264 0.19453125 0.56015625 0.05234375 0.02421875
85 0.115625 0.46640625 0.05234375 0.02421875
53 0.115625 0.4953125 0.05234375 0.02421875
277 0.115625 0.5234375 0.05234375 0.02421875
275 0.115625 0.56015625 0.05234375 0.02421875
263 0.115625 0.61796875 0.05234375 0.02421875
259 0.115625 0.5875 0.05234375 0.02421875
309 0.19453125 0.61796875 0.0328125 0.02421875
288 0.19453125 0.5890625 0.05234375 0.02421875