260 0.31856400544229563 0.1545429472845416 0.07503226025161905 0.1408958090935541
53 0.33210569418703545 0.31924317607271424 0.07397819173996475 0.13301953621473678
266 0.3445933144201211 0.4760671319820696 0.07136162322831048 0.12501571757828495
260 0.3544098024392215 0.6233247692549734 0.0680729321213179 0.12007312606301604
123 0.36478928564899854 0.7643961794066941 0.06788195916315995 0.11460437606301603
266 0.37663206513791125 0.9250626124372324 0.06612848620500192 0.10900808030538159
72 0.6001562897405318 0.3434610235070371 0.08050101025161886 0.14134221924527496
35 0.6051042284852717 0.5074597506282198 0.0778571598887993 0.1325571506088231
120 0.6105060350160263 0.6621472506282198 0.07688493693064125 0.12702462773000586
122 0.6140452411839614 0.8081134548705853 0.07440477767481415 0.1229270590935542
264 0.6199108391845284 0.9593581219801302 0.06944445916315978 0.08128375603973978