113 0.4544604904808793 0.17357916074416752 0.04048759043361087 0.06401327332708329
111 0.5437075011312957 0.2578769568326862 0.039637989915231486 0.06316367280870364
110 0.46402000113129577 0.26484870970740826 0.04126884043361088 0.06408162384546294
99 0.5514311097081936 0.34615820683268617 0.036952487323333116 0.05905237125356475
85 0.4741557102265734 0.35370615815226936 0.039637989915231486 0.06316367280870364
72 0.5592914193218509 0.43600195683268617 0.03667908524981467 0.05592737125356475
53 0.4815669605093973 0.4294190576338897 0.037938788878472 0.06146447177194432
35 0.5661948216781933 0.5149082068326861 0.0342669847314351 0.05494106969842587
9 0.4906480175311563 0.5152198565971304 0.035389987323333115 0.05891567021680544
275 0.6143868968432395 0.6248402814320844 0.03667908524981485 0.05592737125356475
259 0.4656370385491654 0.6252585294058342 0.03667908524981485 0.05592737125356475
264 0.5390451442513413 0.6274956811965288 0.037118582657916475 0.05208947177194432