259 0.4847631300697294 0.11264184501842682 0.09124734889504875 0.14960112939699582
111 0.48595465345073974 0.2753809610795031 0.08577859889504875 0.14915471924527496
99 0.42756908103879454 0.4473996112292843 0.0829596014929388 0.1310584234876405
110 0.5503399455211836 0.42206438456714357 0.08523229567674004 0.14134221924527496
72 0.4331421018219149 0.5924250688056297 0.08439641535490913 0.14049719636645755
85 0.5507337934078261 0.5737384548705853 0.0821783514929388 0.1309946506088231
35 0.4354808619613736 0.7387579348667059 0.08312349245843151 0.13340217348764033
53 0.5518378354782699 0.715256275174027 0.07788968924012281 0.12520703621473678
120 0.4400923162846334 0.8750620966854168 0.07561699505632155 0.11492324045710234
9 0.5541601701233608 0.8505878683562861 0.07460079827463009 0.12260819469946789
275 0.5541223292740838 0.9573292102761798 0.07287440730913755 0.08534157944764047
264 0.44283526801000334 0.9714357394786752 0.07072739926336595 0.05712852104264954