85 0.25857438474088024 0.10274197208312526 0.1484762305182395 0.18801803846084475
85 0.4070255215103554 0.10887430975818171 0.13124782020981396 0.1848737677826803
266 0.5570664318187809 0.11351692204034403 0.13821088636243814 0.18129500351465663
266 0.7056675730524831 0.11105550971540049 0.13632110389503396 0.1624722289075508
53 0.27586743019722315 0.36626081658260723 0.13341429220663673 0.17482667969333915
53 0.40869356696669834 0.3716654081866052 0.11796657020981396 0.1842551836222805
72 0.5456714155867266 0.36318943630836764 0.1215864480508353 0.16803087014004517
72 0.6760992552783011 0.37160986600170676 0.11902450973923262 0.15542170822938636
9 0.2884417479747004 0.5865561999572189 0.11646257142762995 0.14281254631872747
9 0.41117981859155145 0.5875815066150285 0.11295178774240977 0.16528685980096292
35 0.5333139172115796 0.5784141759692855 0.11763928774240995 0.1655051836222805
35 0.6544076672115796 0.5840542080199894 0.10470291111920442 0.1399229867654336
259 0.29935415422593614 0.7676799214211716 0.10932222727182861 0.1362350605867512
259 0.4110729042259361 0.7728833058292404 0.09589097280760175 0.12702272642635143
288 0.522324049923865 0.7600815529337561 0.10459381696340309 0.13367298676543377
340 0.6363047293070141 0.7700815992524838 0.09742619926865145 0.12553300103345713
264 0.30667395617510074 0.9306529563673596 0.10292222280760174 0.12735021215832773
264 0.4106211164835263 0.933148717739899 0.08622960064862309 0.11017982878371627
275 0.5148273754119801 0.9208007291124385 0.09976994926865146 0.12564216294411637
275 0.618651804795129 0.930327740484978 0.08842334618439622 0.10169524069437515