85 0.26015625 0.090625 0.1453125 0.18125
85 0.40859375 0.08984375 0.128125 0.17890625
266 0.55859375 0.0875 0.13515625 0.175
266 0.70703125 0.078125 0.13359375 0.15625
53 0.28203125 0.353125 0.13046875 0.16875
53 0.41484375 0.35234375 0.11484375 0.17890625
72 0.5515625 0.3375 0.11875 0.1625
72 0.68203125 0.33984375 0.11640625 0.15
9 0.2984375 0.57265625 0.1140625 0.1375
9 0.42109375 0.56796875 0.11015625 0.16015625
35 0.54296875 0.553125 0.11484375 0.16015625
35 0.6640625 0.553125 0.10234375 0.13515625
259 0.3125 0.753125 0.10703125 0.13125
259 0.42421875 0.753125 0.09375 0.12265625
288 0.53515625 0.73515625 0.10234375 0.12890625
340 0.64921875 0.73984375 0.0953125 0.12109375
264 0.32265625 0.915625 0.10078125 0.12265625
264 0.4265625 0.91328125 0.084375 0.10625
275 0.53046875 0.89609375 0.09765625 0.12109375
275 0.634375 0.90078125 0.08671875 0.09765625