259 0.5797917707831204 0.13688654658659458 0.08560935409082884 0.10794031667727225
85 0.2878178022099025 0.28235577729154737 0.08010239926336586 0.09616702267663584
10 0.3975916399570864 0.28654274327659357 0.07848526894153504 0.09536759134309047
24 0.5042404777042704 0.29076607192873055 0.08015702958519669 0.09694827267663593
37 0.6117251957732852 0.29419905991409484 0.08384475829787323 0.09386872601049952
44 0.7164126957732851 0.29298091056655007 0.08462600829787323 0.09387781667727228
53 0.28908573524583897 0.42050975795672924 0.07721234604505715 0.0883272506763177
113 0.3920468442803463 0.42165353994272986 0.06968942314857936 0.0812141846753633
23 0.4901019320275303 0.4259768659293669 0.07308757475773361 0.08515679734245421
36 0.5899926713838685 0.4263757605824584 0.07615794443590289 0.08441191000954493
43 0.6891021607402068 0.42678374590232265 0.07933757475773362 0.08522952267663583
35 0.28692266568388536 0.5407495326225475 0.06768988057393237 0.07494600334181775
111 0.38519627471839274 0.5419478586091845 0.06779914121759419 0.07650850334181776
20 0.47805576407473105 0.5424285692632305 0.06858039121759418 0.07651759400859053
28 0.5717511337529001 0.5421189392505038 0.06774451089576328 0.07572725334181776
42 0.6675717321437459 0.5449070372374589 0.06690863057393237 0.07493691267504517
9 0.28557905094939473 0.6492705572883658 0.06914311993027074 0.0734016846753633
110 0.37849317062756394 0.6489700179424117 0.06100283799928548 0.06862327800763594
16 0.468282290305733 0.6487058412635486 0.06585422896477802 0.07102157200827222
26 0.5572355296620713 0.6492320052514583 0.06111209864294729 0.07018577800763595
39 0.6470792796620713 0.6481865785725953 0.06345584864294729 0.07021305000795408
47 0.7364313567655935 0.6541724018937322 0.06267459864294729 0.07020395934118148
152 0.28494563039870546 0.747635331954184 0.06508940445914595 0.06008407200827222
99 0.37255489104236716 0.745054677275639 0.0621829257464694 0.0631727093411815
11 0.4576565107205363 0.7448450445974123 0.06223755606830021 0.06395395934118149
25 0.544102109111382 0.74774223058564 0.059893806068300214 0.06392668734086335
38 0.6276412287895511 0.7475507792409588 0.06174588317182241 0.05692270934118149
46 0.7134148378240586 0.7488945558959592 0.06023801349365332 0.05768577800763595
264 0.36627240403181743 0.834898427275639 0.05655028478097677 0.060765324673772624
275 0.6098585130663249 0.8344058892425495 0.06169125284999168 0.05614145934118149
193 0.20812567632754705 0.5401051899665925 0.07661141250491763 0.07973350067631771
193 0.20979780094939476 0.6501523519653197 0.0720495986429472 0.07031304734245403