131 0.4946718073378241 0.2634338396948698 0.02684634288963732 0.04574887662320544
273 0.4482689926228073 0.35258784294128065 0.0748036818249421 0.07312958279171564
231 0.40323235973273236 0.5136441197266418 0.026973676882026253 0.048873876623205345
111 0.5211493715957305 0.5678758778443167 0.02362584239534584 0.04335057954530477
110 0.4949052065767024 0.5761520280064725 0.023848676882026253 0.04881932954530477
99 0.46944229155767436 0.584414541399153 0.025411176882026078 0.04884660308425506
85 0.44085437653864634 0.5927316018697344 0.025411176882026078 0.04884660308425524
72 0.4114852115196183 0.6010622991097909 0.027005510380123353 0.04965512662320535
53 0.5275213884016445 0.6475088307664161 0.021441259885831697 0.04721591923687925
35 0.5021221403788108 0.6573338441590966 0.021441259885831697 0.04721591923687925
9 0.4759098088578799 0.6663912443212524 0.024661760380123354 0.04961421631478
120 0.44744922783124064 0.6778333047918338 0.02557034437251211 0.05275285308425524
121 0.418143729808407 0.6877265020318901 0.025506677376317732 0.051190353084255055
275 0.48347691113905744 0.7561668104738766 0.032856262357289626 0.05912558400953163
264 0.520866823192336 0.7336236087695932 0.02478909437251211 0.052739216314779826
263 0.3830803913302129 0.2685088977298191 0.02759575939154013 0.04498126339268058