131 0.4693453850074231 0.2465309254873418 0.02737472749876275 0.04662269448207601
273 0.4147187607425922 0.33743256445149383 0.0756418091359686 0.0756418091359686
231 0.3547628273417926 0.5002910905707757 0.027538501809022266 0.049747694482076096
111 0.4674398897571216 0.550481441091174 0.024126896766068207 0.044115170171816584
110 0.44046795398147276 0.5596860227283799 0.024413501809022263 0.049583920171816585
99 0.414277268205824 0.5688496607880207 0.025976001809022264 0.049665807326946344
85 0.3849615824301753 0.5781770731579211 0.025976001809022264 0.049665807326946344
72 0.35486464665452655 0.5875454291053864 0.027579445386587232 0.0505289444820761
53 0.4663886448455042 0.6300051667809144 0.021987864653892686 0.04789858943912186
35 0.4401160719147256 0.6407313048405554 0.021987864653892686 0.04789858943912186
9 0.41310319256151207 0.6507171364777612 0.02523569538658723 0.05040611374938138
120 0.3836237324756038 0.6631695488476617 0.026180719696846745 0.053572057326946344
121 0.3534449095448253 0.674100404795127 0.026098832541716986 0.05200955732694616
275 0.41230093114155136 0.7403561685899368 0.03353951831736559 0.060190549525030154
264 0.45172860131336784 0.7164749332892579 0.025399469696846744 0.053531113749381375
263 0.3574628606971637 0.255510857079119 0.028115033921197963 0.045882388059640886