131 0.48359375 0.271875 0.025 0.0453125
273 0.43359375 0.36015625 0.071875 0.071875
231 0.38203125 0.5203125 0.025 0.0484375
111 0.49765625 0.5765625 0.021875 0.04296875
110 0.47109375 0.584375 0.021875 0.0484375
99 0.4453125 0.5921875 0.0234375 0.0484375
85 0.41640625 0.6 0.0234375 0.0484375
72 0.38671875 0.6078125 0.025 0.04921875
53 0.50078125 0.65625 0.01953125 0.046875
35 0.475 0.665625 0.01953125 0.046875
9 0.4484375 0.67421875 0.02265625 0.04921875
120 0.41953125 0.68515625 0.0234375 0.05234375
121 0.38984375 0.69453125 0.0234375 0.05078125
275 0.45234375 0.7640625 0.03046875 0.05859375
264 0.490625 0.7421875 0.02265625 0.05234375
263 0.371875 0.275 0.02578125 0.04453125