266 0.44375 0.16640625 0.11953125 0.08046875
259 0.54609375 0.175 0.10703125 0.0765625
37 0.44453125 0.275 0.109375 0.07109375
38 0.5421875 0.28125 0.096875 0.0640625
28 0.440625 0.33515625 0.10703125 0.05859375
36 0.5421875 0.33984375 0.10078125 0.0609375
25 0.44140625 0.39609375 0.103125 0.06015625
26 0.53671875 0.39453125 0.09375 0.05546875
23 0.44375 0.45078125 0.10078125 0.05703125
24 0.5375 0.44921875 0.09375 0.05703125
20 0.44375 0.50390625 0.0984375 0.05703125
22 0.5359375 0.50078125 0.0953125 0.0546875
11 0.44296875 0.55703125 0.09765625 0.059375
16 0.5328125 0.5515625 0.0890625 0.04921875
113 0.44296875 0.60703125 0.09921875 0.06328125
10 0.5328125 0.60078125 0.08671875 0.04921875
110 0.4421875 0.65703125 0.0984375 0.0625
111 0.5328125 0.65078125 0.090625 0.05859375
85 0.4390625 0.70625 0.09453125 0.05390625
99 0.53125 0.6984375 0.09296875 0.06171875
53 0.4390625 0.75703125 0.0984375 0.06015625
72 0.53125 0.7484375 0.0921875 0.05625
152 0.48359375 0.8015625 0.178125 0.06796875
275 0.43984375 0.9140625 0.08984375 0.059375
264 0.5265625 0.9015625 0.0921875 0.0609375