266 0.4408453681017888 0.13537622720006726 0.12093583725594251 0.08882718924012271
259 0.543039113637562 0.1368134050402236 0.10836765340856669 0.08404685409082883
37 0.4397311071447402 0.24391534687823638 0.11061594602224041 0.07874199505632147
38 0.5372782629889388 0.24333655664937792 0.09799321509696383 0.07083665990702759
28 0.4347748258951521 0.30434474848739074 0.10805400771063774 0.06607810409082884
36 0.536255505278301 0.3019303066493779 0.10184491801906326 0.06798481151618194
25 0.43449240787608884 0.3652276181655599 0.10417503124958802 0.06736745248167449
26 0.5298321814150391 0.357000218902194 0.09471821063273715 0.06202438861970414
23 0.4358815840128269 0.41975122720006725 0.10177673417168745 0.06407856151618194
24 0.5296588575517772 0.41163308858036307 0.09474548417168727 0.06358688861970414
20 0.43495428368851535 0.4728762272000672 0.09943298417168744 0.06391467055068922
22 0.527196330766416 0.46330484922402493 0.09626707386326191 0.061352399263365956
11 0.4332457333642038 0.5260558575218981 0.09869264448011279 0.0662037902288585
16 0.5231849407505299 0.5143046205113484 0.08992161647693564 0.05544660668871888
113 0.43237298011779296 0.5760558575218981 0.10032332832748878 0.07021930087252012
10 0.5223258242735943 0.5635233705113484 0.08757786647693563 0.055282715723226336
110 0.43071897687138205 0.626110487843729 0.09952844155801355 0.06938342055068922
111 0.5214530710271834 0.6135233705113483 0.09164775771063774 0.0649308673323807
85 0.42673486039444636 0.6755477591310525 0.09547218709378669 0.06051651894153487
99 0.5190587280891981 0.66128888115501 0.09404605478853831 0.06821975829787323
53 0.42584847037856033 0.7263290091310525 0.0994875312495882 0.06703967055068923
72 0.5181859748427872 0.7112888811550101 0.09316934740221221 0.06269637797604233
152 0.46960242451847556 0.767746330786693 0.17931139894433984 0.08042446337743776
275 0.4238887297140511 0.8833056288092216 0.09088014448011279 0.06565748701054978
264 0.5108256680256538 0.8647416630859952 0.09325116801906326 0.06738387797604233