266 0.4435885031955332 0.5706997202256077 0.029709886803468068 0.04189855562435252
275 0.42011393486438636 0.6660678782073249 0.03149989995764777 0.04587758023145838
264 0.45536119012605825 0.6628679495474432 0.031317889434303935 0.04275258023145838
59 0.4521837112433328 0.7308003122438903 0.028974139434303936 0.0426434183207995
47 0.41438830865484916 0.7777502409037721 0.028192889434303935 0.04260703101724665
57 0.4495900612856851 0.7753315622438903 0.02727513154179615 0.04022689371369381
46 0.41170365343552967 0.8238439909037719 0.026584886803468065 0.04175300641014061
56 0.4476411534355297 0.8221701749403373 0.027366136803468066 0.04178939371369381
44 0.4088824903237024 0.8722814909037719 0.026721394695975852 0.04409675641014062
55 0.44472898506203046 0.8721701749403372 0.026584886803468065 0.04175300641014061
16 0.406842577211875 0.9206826036002191 0.026584886803468065 0.04175300641014061
54 0.4428255798427109 0.9182275376367844 0.028192889434303935 0.04260703101724665
273 0.4598175318523797 0.26530374483271346 0.08943203925077725 0.2379045684446341