10 0.246875 0.51796875 0.03515625 0.02578125
111 0.24609375 0.56015625 0.034375 0.0265625
99 0.24921875 0.603125 0.03671875 0.0265625
72 0.24765625 0.64609375 0.0359375 0.02578125
35 0.2515625 0.6890625 0.0359375 0.0265625
152 0.25234375 0.73125 0.03828125 0.028125
11 0.31484375 0.4984375 0.0328125 0.0234375
113 0.315625 0.53984375 0.03359375 0.02578125
110 0.3171875 0.58125 0.03359375 0.02734375
85 0.31796875 0.6234375 0.0328125 0.025
53 0.3203125 0.665625 0.03515625 0.0265625
342 0.3203125 0.70703125 0.0328125 0.0265625
343 0.28046875 0.45546875 0.034375 0.03359375
265 0.2890625 0.7734375 0.034375 0.03359375
266 0.29140625 0.878125 0.03515625 0.0296875