263 0.5026681006070497 0.6823483092627319 0.03631620257436623 0.06283471091032525
28 0.4290801402107629 0.8137101374420815 0.0363617052052021 0.06361596091032524
36 0.4952588770565832 0.8230370821415492 0.03535294205102239 0.05964593803150784
24 0.42361211923466263 0.8941151145632642 0.03631620257436623 0.06283471091032525
25 0.49066311134215485 0.9019433321415491 0.0371429552052021 0.0636797337891423
26 0.5578051087113189 0.9082090497198342 0.036543715728545936 0.06674096091032525
16 0.4180075903660546 0.9725438738343465 0.0355804552052021 0.05491225233130699
22 0.4858398324735468 0.9750748519037847 0.03824272362105354 0.049850296192430574
23 0.5537630798427109 0.9792161596323357 0.03801521046687402 0.04156768073532859
263 0.19012259797621373 0.6576204077358249 0.033744939420186526 0.05873714227387339
342 0.17521939284159876 0.7922027018264695 0.0347992052052021 0.0634884151526908
342 0.16846188765051412 0.8677926331900178 0.034753702574366184 0.06270716515269044
342 0.15899661141274204 0.9494412459171141 0.03397245257436619 0.06264339227387339
266 0.10044763501967817 0.8630256427329155 0.03608868942018657 0.05892846091032524
266 0.09203662456692166 0.9400505283388292 0.034662697312694356 0.06114466515269044
342 0.24553189284159876 0.7979422609200235 0.03420767100433508 0.05333216515269061
342 0.23941912975800633 0.875939715162389 0.03264517100433508 0.05320461939505634
342 0.23169836404357796 0.9545908736471199 0.031863921004335084 0.05314084651623894
273 0.23087275547343333 0.24099088819098752 0.10819817882625564 0.13557045136742757
273 0.5293557581042693 0.26457087789918377 0.10819817882625564 0.13557045136742749