263 0.53984375 0.63828125 0.0328125 0.06015625
28 0.47421875 0.775 0.0328125 0.0609375
36 0.540625 0.77890625 0.03203125 0.05703125
24 0.4734375 0.85546875 0.0328125 0.06015625
25 0.540625 0.8578125 0.03359375 0.0609375
26 0.6078125 0.85859375 0.0328125 0.0640625
16 0.47265625 0.93828125 0.03203125 0.0609375
22 0.540625 0.940625 0.034375 0.06640625
23 0.60859375 0.94140625 0.034375 0.0625
263 0.22734375 0.6390625 0.03046875 0.05625
342 0.2203125 0.77421875 0.03125 0.0609375
342 0.21796875 0.85 0.03125 0.06015625
342 0.21328125 0.93203125 0.03046875 0.06015625
266 0.15 0.85078125 0.0328125 0.05625
266 0.14609375 0.928125 0.03125 0.05859375
342 0.290625 0.77421875 0.03125 0.05078125
342 0.2890625 0.85234375 0.0296875 0.05078125
342 0.2859375 0.93125 0.02890625 0.05078125
273 0.24375 0.22109375 0.10078125 0.12734375
273 0.5421875 0.2203125 0.10078125 0.12734375