44 0.32324028091839396 0.21887313636573338 0.11045317054078732 0.05732335064862308
39 0.3270532877668712 0.30016404667415886 0.1081094205407874 0.05728244034019756
36 0.3338253512540442 0.36888677313520857 0.10673617468997225 0.049456303570722504
25 0.3461253643262988 0.438295292209932 0.10384797303029832 0.05252675649282175
16 0.35176098030298275 0.5023441554404569 0.09994172303029832 0.052458572645445935
113 0.35710059835425917 0.5624867686709816 0.1030075234452168 0.05173186972334669
99 0.36220341806520956 0.6195043819015065 0.10402557178554277 0.05487050649282175
85 0.36568453819107843 0.6757680186709816 0.09657992468997226 0.049279025567545175
53 0.3705505595617028 0.7296606319015064 0.10174102137062428 0.055610846184396226
35 0.37590183300691954 0.7796333583625562 0.0939993763496462 0.04611311525911983
9 0.38041265686705483 0.828838471593081 0.09218842261537982 0.05310345495069413
42 0.4816223885967082 0.2959014663180752 0.10745822510489074 0.04868869034019756
37 0.48286650249879964 0.36393840016545104 0.10090057178554268 0.05481595941492108
26 0.48670282013515764 0.42488953693492626 0.10066377344521679 0.05169095941492099
23 0.4884913856969231 0.4897878340128269 0.09543182178554269 0.05472050202859489
10 0.49064680416311807 0.5492037443212524 0.09411777551980922 0.047675615259119654
110 0.4932874747039054 0.6046997678602027 0.09736117468997225 0.04929266233702023
43 0.6221881890116266 0.29266559781254464 0.09807156971095025 0.05866766233702041
38 0.6185080045733921 0.35765935227677154 0.09404692054078723 0.0570369784896446
28 0.6162719209649946 0.42106333320204803 0.09044832386013528 0.05073243141174384
24 0.6177052890162711 0.48127413027994875 0.08558322510489073 0.04830686079489297
11 0.6139775603868953 0.5353167479747004 0.08444677759440164 0.043605724025417736
111 0.6175178800978458 0.5923616347441756 0.09333652551980923 0.047661978489644596
275 0.4451272749183312 0.8879446903434929 0.10343357593472771 0.04705800649282175
259 0.4724096414964932 0.10205600893174901 0.07824432178554286 0.05442049310014117
264 0.5592130857062119 0.8656139484611678 0.07891882800932012 0.04272901663909181