342 0.49609375 0.1359375 0.02734375 0.0484375
259 0.565625 0.1390625 0.02890625 0.04453125
38 0.49765625 0.28515625 0.02578125 0.04453125
46 0.53203125 0.28515625 0.02578125 0.04453125
57 0.56484375 0.28515625 0.02578125 0.04453125
56 0.565625 0.33359375 0.02578125 0.04453125
55 0.565625 0.38125 0.02578125 0.04453125
43 0.5328125 0.38515625 0.02578125 0.04453125
44 0.5328125 0.3359375 0.02578125 0.04453125
37 0.49921875 0.334375 0.02578125 0.04453125
36 0.49921875 0.384375 0.02578125 0.04453125
28 0.4984375 0.43125 0.02578125 0.04453125
35 0.49921875 0.48046875 0.02578125 0.04453125
9 0.5 0.5296875 0.02421875 0.04453125
41 0.5328125 0.47890625 0.02578125 0.04453125
47 0.56640625 0.48046875 0.02578125 0.04453125
39 0.5328125 0.52734375 0.02578125 0.04453125
54 0.565625 0.43203125 0.02578125 0.04453125
42 0.5328125 0.43125 0.02578125 0.04453125
264 0.56640625 0.60703125 0.02578125 0.04453125
275 0.5 0.609375 0.02578125 0.04453125