342 0.4953028887600732 0.1330513109922214 0.02762555113146803 0.048596581283893325
259 0.564815958041914 0.13577179001317838 0.029165325233769225 0.044699421642972935
38 0.4959972594679698 0.2822609706331417 0.026040325233769222 0.044681240924813716
46 0.5303722594679698 0.2820609827333902 0.026040325233769222 0.044681240924813716
57 0.5631847594679698 0.28187008519271817 0.026040325233769222 0.044681240924813716
56 0.5636842083365016 0.3303030400131784 0.026040325233769222 0.044681240924813716
55 0.5634069523845733 0.37795929001317835 0.026040325233769222 0.044681240924813716
43 0.5305717264868741 0.3820564375538503 0.026040325233769222 0.044681240924813716
44 0.5308580727978821 0.33283768755385035 0.026040325233769222 0.044681240924813716
37 0.49727341315696183 0.3314706302740621 0.026040325233769222 0.044681240924813716
36 0.4969825216664141 0.38147063027406214 0.026040325233769222 0.044681240924813716
28 0.4959285608940255 0.428350175453602 0.026040325233769045 0.044681240924813716
35 0.49642346458301756 0.4775643802740621 0.026040325233769045 0.044681240924813716
9 0.49691836827200964 0.5267785850945224 0.024477825233769224 0.044672150565734016
41 0.5300263049420971 0.4758064375538503 0.026040325233769222 0.044681240924813716
47 0.5636109645830175 0.4771734948336386 0.026040325233769045 0.044681240924813716
39 0.529744503810629 0.5242439375538503 0.026040325233769045 0.044681240924813716
54 0.5631115157144857 0.42874054001317835 0.026040325233769222 0.044681240924813535
42 0.5303035608940255 0.42815018755385037 0.026040325233769045 0.044681240924813716
264 0.5628746454975685 0.6037359948336386 0.026040325233769045 0.044681240924813716
275 0.49645475995894905 0.6064660850945224 0.026040325233769222 0.044681240924813716