342 0.49767552601845366 0.15037235385270126 0.02790737133990877 0.04923312186589692
259 0.5672431386855445 0.15552050659741057 0.029424418006045273 0.04537233597251959
38 0.5009743433720437 0.2996365679593239 0.026299418006045093 0.04528140775927421
46 0.5353493433720437 0.3006367783050229 0.026299418006045093 0.04528140775927429
57 0.5681618433720437 0.30159152454409927 0.026299418006045093 0.04528140775927429
56 0.5695067147119526 0.35005175659741056 0.026299418006045273 0.04528140775927421
55 0.5700612453850885 0.39770800659741057 0.026299418006045273 0.04528140775927421
43 0.5372941987189522 0.40065951035833425 0.026299418006045273 0.04528140775927429
44 0.5367214867122707 0.35144076035833427 0.026299418006045273 0.04528140775927429
37 0.5031095553787251 0.3489007820659466 0.026299418006045273 0.04528140775927421
36 0.5036913580521795 0.3989007820659466 0.026299418006045273 0.04528140775927421
28 0.5034555480585429 0.4457530500126353 0.026299418006045273 0.04528140775927412
35 0.5048095100652242 0.4949945320659467 0.026299418006045273 0.04528140775927412
9 0.5061634720719057 0.5442360141192579 0.024736918006045272 0.04523594365265158
41 0.5383850787316788 0.49440951035833425 0.026299418006045273 0.04528140775927429
47 0.5719970100652242 0.49694948865072186 0.026299418006045273 0.04528140775927412
39 0.5389487000715876 0.5428470103583343 0.026299418006045093 0.04528140775927429
54 0.5706521387253154 0.4484892565974105 0.026299418006045273 0.04528140775927412
42 0.5378305480585428 0.4467532603583343 0.026299418006045273 0.04528140775927429
264 0.5734696980824052 0.6235119886507219 0.026299418006045273 0.04528140775927412
275 0.5070907200827234 0.6239235141192581 0.026299418006045273 0.04528140775927412