9 0.18828125 0.14184063926725682 0.09375 0.10132027297895925
35 0.29140625 0.1391383389904016 0.09140625 0.09726382865448527
53 0.39375 0.1349236034883711 0.09609375 0.10147046730343323
72 0.18984375 0.24877175971760748 0.09140625 0.09492007865448526
85 0.29140625 0.2446070889904016 0.09140625 0.09492007865448535
0 0.39296875 0.44434866826319575 0.08984375 0.097163699104836
99 0.39140625 0.23898004781284507 0.09140625 0.09726382865448527
110 0.18828125 0.35355938926725683 0.09375 0.09741402297895921
111 0.290625 0.34856340376522627 0.09375 0.09507027297895929
113 0.39375 0.342736103488371 0.09140625 0.09726382865448535
168 0.18984375 0.45658425971760747 0.09140625 0.09960757865448536
8 0.29140625 0.4508570889904016 0.09140625 0.09726382865448535
131 0.50703125 0.8221954611387954 0.34375 0.10952850092285046