9 0.17481619787921326 0.1495239552627429 0.10208876324231464 0.09749455547083344
35 0.2775994452873151 0.15102994424482613 0.09940326065041649 0.09353375408406257
53 0.37973814373217624 0.1509916170224997 0.10443251324231469 0.09754910685760425
72 0.1670146768612042 0.2565188376715623 0.09919820909527761 0.09119000408406261
85 0.2683721253060653 0.2564986942448262 0.09919820909527761 0.09119000408406261
0 0.3518900884538435 0.46038480081808986 0.0978407606504165 0.09349738649288213
99 0.3683037747876857 0.2549524184092705 0.09940326065041649 0.09353375408406261
110 0.15629320739833402 0.3612427052627429 0.1017470106504165 0.09358830547083344
111 0.25850025636157475 0.36042312804041643 0.1015419590952776 0.09124455547083343
113 0.36155690584319516 0.35880411702249965 0.09940326065041649 0.09353375408406261
168 0.14883343897222312 0.4643313376715623 0.09960831220555537 0.09587750408406262
8 0.2503275884538435 0.4627486942448261 0.09940326065041649 0.09353375408406243
131 0.43225578289268685 0.8428862166619092 0.3514052580585183 0.09550087005972259