266 0.5472667844540335 0.8694428080653551 0.1203811985739442 0.1467891624695909
266 0.6623650645082628 0.8250246666730032 0.11091984016268785 0.13189087031511307
113 0.6504534761922866 0.1868343202637994 0.11948631908544911 0.12725336729005093
72 0.5293415454741274 0.1906638230924698 0.1319863190854491 0.1273260901626879
53 0.5317574974659172 0.31252064237431054 0.13199995462406838 0.12966984016268784
35 0.5357904916121847 0.42499337129707165 0.13117325282867043 0.12185279498314809
111 0.6505438589022356 0.3055797750842596 0.12179825282867043 0.12179825282867043
110 0.6538683259211402 0.40555704918656055 0.11406302088084708 0.1350340510332723
99 0.655575750785567 0.5149184136479411 0.11406302088084708 0.1350340510332723
85 0.6572922660090732 0.6227172781093216 0.11245506908544911 0.1272124606741926
119 0.5415218202637994 0.6483899646812133 0.128152791958086 0.13980336426498888
152 0.5390149646812133 0.5421581453993726 0.128152791958086 0.13980336426498888