266 0.572655049674341 0.9145103566526289 0.12293161977538211 0.15515128651747148
266 0.6864805071212855 0.8794626956596112 0.11321112765916688 0.1395971414964933
113 0.6559993461240279 0.239997453957981 0.12169577488562507 0.1355608369323898
72 0.5349783313063889 0.23394651827034663 0.13419577488562523 0.13650803029369402
53 0.5409400034184724 0.35605831661067266 0.1342503262723959 0.13885178029369402
35 0.5482459699834725 0.4689135141211618 0.13328723831649308 0.1309800807086125
111 0.6595445330537503 0.3588066535430625 0.12391223831649327 0.13026968568763442
110 0.6657783088893059 0.4591026514684701 0.11640886284152785 0.14295893983681934
99 0.6706677902719449 0.5686552502237145 0.11640886284152785 0.14295893983681918
85 0.6755209040634033 0.6766453489789591 0.11466452488562506 0.13502804066665614
119 0.5604777855222922 0.6928838103868953 0.13058046561506947 0.14871203236828645
152 0.5548797893220143 0.5863970120465694 0.13058046561506947 0.14871203236828645