266 0.55234375 0.87265625 0.11953125 0.14609375
266 0.6671875 0.82890625 0.11015625 0.13125
113 0.6515625 0.190625 0.11875 0.1265625
72 0.53046875 0.19375 0.13125 0.1265625
53 0.53359375 0.315625 0.13125 0.12890625
35 0.53828125 0.428125 0.13046875 0.12109375
111 0.65234375 0.309375 0.12109375 0.12109375
110 0.65625 0.409375 0.11328125 0.134375
99 0.65859375 0.51875 0.11328125 0.134375
85 0.6609375 0.6265625 0.11171875 0.1265625
119 0.5453125 0.6515625 0.12734375 0.1390625
152 0.5421875 0.5453125 0.12734375 0.1390625