265 0.4234375 0.146875 0.0296875 0.02265625
343 0.4765625 0.14375 0.02890625 0.02109375
16 0.4234375 0.20078125 0.03203125 0.02265625
41 0.47734375 0.1984375 0.03125 0.02734375
11 0.42421875 0.24140625 0.03046875 0.02421875
39 0.47890625 0.240625 0.03203125 0.025
10 0.425 0.2828125 0.03203125 0.0265625
38 0.47890625 0.28125 0.03203125 0.02421875
113 0.42421875 0.32421875 0.03359375 0.025
37 0.47890625 0.321875 0.03203125 0.025
111 0.42578125 0.36484375 0.03125 0.0265625
36 0.47890625 0.3640625 0.0296875 0.0234375
24 0.48046875 0.528125 0.0296875 0.0234375
110 0.42578125 0.4046875 0.03203125 0.025
28 0.478125 0.4046875 0.0328125 0.02578125
99 0.425 0.44453125 0.0296875 0.0234375
26 0.478125 0.44375 0.0296875 0.0234375
85 0.425 0.4859375 0.03046875 0.021875
25 0.47890625 0.4859375 0.03046875 0.02265625
72 0.42578125 0.52734375 0.03046875 0.02421875
53 0.42578125 0.56796875 0.03046875 0.02109375
23 0.4796875 0.56796875 0.03203125 0.025
35 0.42734375 0.60859375 0.03203125 0.02265625
22 0.48046875 0.60859375 0.02890625 0.02265625
9 0.42734375 0.64921875 0.03046875 0.02421875
20 0.48046875 0.65 0.03203125 0.02421875
152 0.4265625 0.6890625 0.03203125 0.02578125
266 0.453125 0.7875 0.03671875 0.03359375
266 0.45234375 0.84765625 0.03671875 0.03046875