259 0.5967939622874512 0.4309039726837172 0.04516884985021878 0.0489891570570359
264 0.40128975683713763 0.5290908283640299 0.08174407863839157 0.05931465186125599
275 0.6544945051701477 0.5382519329590618 0.08330657863839157 0.05942391250491745
72 0.28631820320359536 0.5956231284802455 0.085857622729036 0.05261118379224108
53 0.30009353184198684 0.6501849423422159 0.08345009985021878 0.05166604282674854
35 0.3096437460862919 0.7005673545950319 0.07935253121376692 0.04904914121759418
9 0.31978389169414523 0.7486606471696788 0.0769450083349497 0.04810400025210164
152 0.33057774154436403 0.7952460700661567 0.07356491681968062 0.044760478964778014
113 0.4124342930518744 0.599004490616846 0.08104257697140156 0.050720901861255996
111 0.4198958488114487 0.6523480119041695 0.07785380409258416 0.04972113057393237
110 0.42860104017693657 0.7018945438351547 0.07544628121376692 0.04877598960843983
99 0.43639743578478984 0.749823945444309 0.07362868969849785 0.04554172896477802
85 0.44328503563500865 0.7961362167316325 0.07284743969849786 0.04548709864294711
22 0.5339266557789709 0.6028393208224613 0.07876259985021879 0.05133826089576328
20 0.5389806886597277 0.6552377011442921 0.07707255409258415 0.04966650025210164
16 0.5437796300252156 0.7045110814661231 0.0730387583349497 0.04783084864294729
11 0.549232275633069 0.7522765921097848 0.07134871257731526 0.046159087999285475
10 0.5513048297256533 0.796698581466123 0.06315357530441154 0.04092528478097677
28 0.6538565185060673 0.606564890384415 0.07551005409258416 0.04955723960843983
26 0.6550680742656414 0.6594713690970915 0.07394755409258416 0.04944797896477802
25 0.6575232656311293 0.7085808584534297 0.0730387583349497 0.04783084864294729
24 0.6589421154813481 0.7545107174879371 0.06972243969849785 0.04526857735562366
23 0.6602971924527496 0.7996593265224445 0.06484362106204618 0.04259704542463858
39 0.7731326769907982 0.6117983296245376 0.07863505409258416 0.04977576089576328
38 0.7704379827503723 0.6644316567280599 0.07297498545613265 0.04704959864294729
37 0.7695768554794084 0.7109788747970747 0.07291121257731525 0.046268348642947286
36 0.7687795010872618 0.7583073428660894 0.0688774168196808 0.044432697033792934