259 0.5511755425661207 0.4045531342117713 0.043015879218760135 0.04705749116628475
264 0.342559455998299 0.5122889797671183 0.0792261977304145 0.05570644576343753
275 0.5967658063611188 0.5096049633339588 0.08078869773041468 0.05574281335461819
72 0.2188466482864179 0.5844704914506252 0.0836681610699257 0.048784298536979166
53 0.22633920055600337 0.6385949469977085 0.08129712921876023 0.047948497150208526
35 0.23006191208141596 0.6887222335668405 0.07730903366526398 0.04551382817225687
9 0.2346477191603249 0.7365239539315628 0.07493800181409851 0.04467802678548623
152 0.24006933994156468 0.7827813580918752 0.07170387440943689 0.041480291603125254
113 0.34560012124457595 0.5819475163362503 0.07892609736759475 0.04711269576343753
111 0.34686995536532683 0.6351452515186115 0.07577381551642937 0.046258710581076556
110 0.3498386987419049 0.684473104292153 0.07340278366526398 0.04542290919430556
99 0.3520807558208138 0.7322202732701044 0.07173115626060227 0.04226154160312508
85 0.3535961266020535 0.7783867584524656 0.07094990626060227 0.04224335780753474
22 0.4676388123515684 0.5800966884483337 0.07660962921876013 0.04783939437666671
20 0.4665921783234849 0.632458622243924 0.07499256551642937 0.04624052678548622
16 0.4656546717000628 0.6816955560395143 0.0710317518140986 0.04458710780753474
11 0.4655529787789717 0.7293881736306949 0.06941468811176765 0.04298824021635426
10 0.4624354132625424 0.7738830560395142 0.061438497004775175 0.03811890226045147
28 0.588115003458561 0.5782094929692366 0.07343006551642936 0.04620415919430556
26 0.583134837579312 0.6312617577868755 0.07186756551642937 0.04616779160312508
25 0.5798535809558899 0.6804441401956949 0.0710317518140986 0.04458710780753474
24 0.5759002017371297 0.7264833388089242 0.06782490626060209 0.04217062262517359
23 0.571974104369535 0.7717412874221533 0.06305556070710594 0.03971776985163196
39 0.7077553808632228 0.5778666136945493 0.07655506551642936 0.04627689437666689
38 0.6988689649839737 0.6308279595342368 0.07100446996293304 0.043805857807534744
37 0.692544553914048 0.677593856760695 0.07097718811176765 0.04302460780753492
36 0.6861928609929568 0.7251410039871533 0.06701637440943689 0.04137118882958326