259 0.5109375 0.09611676286561674 0.04375 0.05986674498543507
42 0.5671875 0.17744097070403325 0.04140625 0.05979854882550106
39 0.5671875 0.30634722070403325 0.040625 0.05977581677218975
41 0.5671875 0.24384722070403325 0.04140625 0.057454798825501106
37 0.56796875 0.4298074527573446 0.040625 0.05743206677218975
38 0.56796875 0.3696512027573446 0.040625 0.05821331677218975
36 0.56953125 0.4915716668639673 0.04140625 0.05823604882550093
28 0.56953125 0.5532904168639673 0.04140625 0.05589229882550093
26 0.57109375 0.61505463097059 0.040625 0.06211956677218975
25 0.57109375 0.6744296309705899 0.03984375 0.057409334718878394
24 0.57109375 0.73458588097059 0.03984375 0.05194058471887839
23 0.51328125 0.4305599590255508 0.0421875 0.059821280878812465
22 0.51484375 0.4938866731321735 0.040625 0.05821331677218957
20 0.515625 0.5556281551854848 0.040625 0.05430706677218957
16 0.515625 0.6150031551854848 0.0390625 0.053480352665567034
11 0.51640625 0.6775258872387961 0.03984375 0.05428433471887839
10 0.5171875 0.7392673692921075 0.0375 0.053434888558944314
113 0.45859375 0.4953749652937569 0.04296875 0.061406512932123646
111 0.459375 0.5586789473470682 0.04453125 0.05832697703874636
110 0.46015625 0.6196391794003796 0.0421875 0.05982128087881229
99 0.46171875 0.6837471435070024 0.04296875 0.059844012932123644
85 0.4625 0.7447073755603136 0.0421875 0.059821280878812465
53 0.57109375 0.8244296309705901 0.04296875 0.059844012932123644
168 0.5734375 0.885435327130524 0.03828125 0.057363870612255854
9 0.57421875 0.9471768091838353 0.03671875 0.051849656505633133