16 0.41758379000976786 0.3437434220448532 0.03820262902925915 0.045351041356328815
16 0.4626912384546289 0.33928920843878335 0.040106881621157345 0.04933006596343468
20 0.5094978879362493 0.3363247202256076 0.036776830066018465 0.04684076674922295
20 0.55311118689949 0.33272453122664364 0.040106881621157345 0.04933006596343468
11 0.6043995762963418 0.38995268031702085 0.038202629029259326 0.045351041356328815
11 0.6464503752595825 0.3864252659251627 0.03657177851087958 0.04449701674922295
10 0.5156104783698604 0.3972258329220547 0.03514597954763872 0.045986742142117176
10 0.5609229783698604 0.39511536931598484 0.0369135311027776 0.04840326674922295
113 0.4255322825168973 0.4076967601341945 0.0369135311027776 0.04840326674922295
113 0.4698584809617584 0.40327893383167746 0.038270979547638716 0.04613229135632899
111 0.6104438162115733 0.4500725430134679 0.03650342799249984 0.04371576674922295
111 0.6532075146564342 0.44572749131805683 0.03813427851087958 0.04456979135632881
110 0.5217914193218509 0.45890819561850177 0.03799757747412027 0.04300729135632899
110 0.5654047182850916 0.45530800661953774 0.035790528510879584 0.044460629445670106
99 0.43313902243212865 0.4677438482235356 0.04132762902925915 0.045496590570540715
99 0.47668397087698977 0.4633624092245716 0.039120580066018464 0.04694992865988183
85 0.6148572056084249 0.5094839303170209 0.03813427851087958 0.04456979135632881
85 0.6576209040532859 0.5051388786216098 0.036708479547638714 0.04605951674922295
72 0.5293298087187026 0.5181740337078431 0.03799757747412027 0.04300729135632899
72 0.5721618576819434 0.514610232012432 0.03742137902925915 0.045314654052775974
53 0.4414586618289804 0.5269732990093239 0.03877882747412027 0.04304367865988183
53 0.4835094607922212 0.5234458846174658 0.039120580066018464 0.04694992865988183
35 0.6205596929317581 0.5656975430134679 0.03629837643736096 0.04137201674922295
35 0.6625421413766193 0.5613888786216098 0.03762643058439803 0.04765840405277597
277 0.5359502470787951 0.5759137591007372 0.03643507747412027 0.04293451674922295
9 0.5771514455236563 0.5716414820124319 0.03707962643736096 0.041408404052775974
119 0.44886035018907294 0.5846766370986651 0.03721632747412027 0.042970904052775795
119 0.4899931981155545 0.5796231100103599 0.03748972954763872 0.04609590405277579
275 0.45534408751240624 0.6408538624915593 0.03806592799249984 0.043788541356328994
264 0.4633219743173598 0.6961770632773476 0.0355854769557407 0.04211687944567011
259 0.5415843838837487 0.6313461217971842 0.03296832488222208 0.03888271753501123
263 0.5479997706887023 0.6867420971900783 0.0312007733270832 0.03646619292790554
290 0.4981761364756469 0.6372900607961481 0.03487257747412027 0.042861742142117264
290 0.5045231727622209 0.6919047861890423 0.03616167540060182 0.03980951674922295
290 0.5837035333653692 0.628599957405326 0.03657177851087958 0.04449701674922295
290 0.5884197191335635 0.6825062074053261 0.03616167540060182 0.03980951674922295
272 0.6666137781815729 0.6168940159251626 0.03820262902925915 0.04535104135632899
288 0.6255492807734709 0.622728793013468 0.035517126437360956 0.04133562944567011