266 0.4194758550216755 0.24919728461172977 0.029308068401734035 0.02063976400381797
266 0.43295306804879824 0.38663364994432076 0.04391659997176518 0.030178396005727047
266 0.5000950654179623 0.3850706026018666 0.04616934471009326 0.028643168006045182
110 0.4380038600715858 0.4733523999443207 0.04391659997176518 0.030178396005727137
99 0.4400059758283665 0.5077273999443207 0.043825594710093264 0.028615896005727136
85 0.442053594215983 0.5428836499443207 0.04387109734092931 0.029397146005727137
72 0.44396470471109184 0.5756961499443207 0.04308984734092931 0.029388055338954187
53 0.44670256783703666 0.6092808092775479 0.04070059471009326 0.028579533338636054
35 0.4479234335938173 0.6436648999443207 0.03922909997176518 0.03012385200509069
9 0.45061579408892616 0.676468309277548 0.04396210260260105 0.030959646005727138
22 0.5024534969456411 0.43898594326863927 0.046905092079257214 0.027871008672817867
20 0.5045466179640936 0.4749234432686394 0.04469784997176518 0.03018748667249973
16 0.5074209889825461 0.5108518526018667 0.04621484734092931 0.029424418006045273
11 0.5086873573701627 0.5460171932686394 0.04460684471009326 0.02862498667249973
10 0.5107349757577794 0.5811734432686393 0.04695059471009326 0.028652258672817864
113 0.51273709151456 0.6155484432686393 0.04378009207925739 0.02783464600572714
111 0.5147847099021765 0.6507046932686393 0.04327185786427279 0.03251305533895419
272 0.4873793176958624 0.7573455919398664 0.022140310509226248 0.018214198002863568