266 0.4046875 0.25390625 0.028125 0.0203125
266 0.41015625 0.39140625 0.0421875 0.0296875
266 0.47734375 0.390625 0.04453125 0.028125
110 0.41015625 0.478125 0.0421875 0.0296875
99 0.41015625 0.5125 0.0421875 0.028125
85 0.41015625 0.54765625 0.0421875 0.02890625
72 0.41015625 0.58046875 0.04140625 0.02890625
53 0.4109375 0.6140625 0.0390625 0.028125
35 0.41015625 0.6484375 0.0375 0.0296875
9 0.4109375 0.68125 0.0421875 0.03046875
22 0.4765625 0.44453125 0.0453125 0.02734375
20 0.4765625 0.48046875 0.04296875 0.0296875
16 0.47734375 0.51640625 0.04453125 0.02890625
11 0.4765625 0.5515625 0.04296875 0.028125
10 0.4765625 0.58671875 0.0453125 0.028125
113 0.4765625 0.62109375 0.0421875 0.02734375
111 0.4765625 0.65625 0.04140625 0.03203125
272 0.44296875 0.7625 0.02109375 0.01796875