258 0.540625 0.24453125 0.0515625 0.06875
342 0.73125 0.23828125 0.05546875 0.08203125
53 0.4921875 0.3546875 0.0546875 0.07109375
53 0.540625 0.35390625 0.05 0.06796875
35 0.49140625 0.46796875 0.0484375 0.06796875
35 0.54140625 0.46484375 0.05 0.06796875
9 0.49296875 0.56953125 0.0515625 0.06484375
9 0.54140625 0.56953125 0.05 0.06640625
275 0.496875 0.6765625 0.0484375 0.06328125
342 0.5421875 0.67890625 0.046875 0.0640625
272 0.634375 0.6765625 0.0453125 0.05859375
272 0.5421875 0.79609375 0.05 0.06484375
272 0.6359375 0.79609375 0.046875 0.06796875
272 0.7296875 0.79375 0.05 0.065625