258 0.5392023588040399 0.20356513712359367 0.051962475799503235 0.07265717261537982
342 0.7298637202403583 0.18287043836370478 0.055945993851679886 0.08623442054078737
53 0.4901239884889268 0.31739176139864744 0.055101111338122524 0.07523772095570588
53 0.5385660336684666 0.3129401371235937 0.050395430619963474 0.0717575234452168
35 0.4886836874556545 0.43073221098372894 0.04883293061996348 0.07163912427505377
35 0.5387018681738137 0.42381843753851217 0.050395430619963474 0.0717575234452168
9 0.48965531411547936 0.532176311813566 0.051939749901804076 0.06875092261537982
9 0.5380928141154794 0.5285059375385123 0.050386340260883775 0.07019502344521662
275 0.4929388745185255 0.6389115638881584 0.048805659542724554 0.06695162427505377
342 0.538237738979906 0.6378217379534307 0.04724770472226432 0.06761447510489074
272 0.6304388745185255 0.6284924369138123 0.04565338846548563 0.062027325934727706
272 0.5375559620489347 0.7550092379534308 0.050377249901804075 0.06863252344521661
272 0.6313059620489347 0.7479052877436493 0.04727043061996348 0.07152072510489074
272 0.7250695975875543 0.7384575875338678 0.05038179508134384 0.06941377344521679