9 0.49077689637343697 0.6299980945367307 0.024292138392743114 0.03822069324473994
35 0.5213001977602078 0.6296068707548924 0.024255770801562448 0.036658193244739935
53 0.5509876977602078 0.6315093321982296 0.02585463839274311 0.03832082279438911
72 0.4914483903895134 0.66837947408638 0.025000653210381963 0.03514575801956443
85 0.5203546403895134 0.6702318707548924 0.02583645459715278 0.037539572794389284
99 0.5508779417762841 0.6698406469730542 0.02583645459715278 0.037539572794389284
110 0.49053920060999945 0.70744197408638 0.024219403210381962 0.035095693244739753
99 0.5210443182011799 0.7078320003045417 0.023474520801562447 0.036608128469915256
113 0.5507500019967703 0.708953211747879 0.024292138392743114 0.03822069324473994
276 0.49042944462607585 0.7457732888612048 0.024255770801562448 0.036658193244739755
8 0.5209345622172563 0.7461633150793665 0.02583645459715278 0.03753957279438911
186 0.5506402460128467 0.7472845265227035 0.025781903210381964 0.03519582279438911
131 0.5216060562333327 0.7845446946290158 0.08363077080156245 0.040463116131413915
273 0.5211385032310412 0.5357066764304185 0.08154224715020852 0.08479410703211539