265 0.4355077099922413 0.21414568952612342 0.035108323637421536 0.02869774431795715
343 0.5252398896887996 0.22666505478524313 0.031074527879787085 0.027067060470581338
258 0.47555914089674756 0.3368934427725343 0.03348205075860431 0.027889220779006775
11 0.4374377743766294 0.4684474058409034 0.033482050758604484 0.027889220779006862
113 0.43568408467813147 0.5090996793798537 0.03341827787978709 0.02710797077900686
110 0.4331491449796335 0.5497383161493289 0.031855777879787085 0.027080697240056396
85 0.43055043240231833 0.5911582029188039 0.031855777879787085 0.027080697240056396
53 0.4287967427038204 0.6318104764577545 0.029512027879787083 0.027039786931630873
9 0.427951848762957 0.6709138867661799 0.03329073212215263 0.025545470779006863
152 0.4261343861856418 0.7123474103051303 0.031855777879787085 0.027080697240056396
42 0.5032539640751272 0.42891334739891696 0.031074527879787085 0.027067060470581338
39 0.5016278201342639 0.4680031209378672 0.031202073637421536 0.02862956047058134
37 0.4983754033145832 0.5078468709378672 0.031074527879787085 0.027067060470581338
28 0.4974667364949026 0.5477315312462927 0.030946982122152633 0.02550456047058134
25 0.4958405925540392 0.5868213047852431 0.030819436364518005 0.02394206047058134
23 0.4934331986131758 0.6258974415547183 0.02932070924333523 0.02469603693163087
20 0.4918070546723124 0.6649872150936686 0.03088320924333523 0.02472331047058134
136 0.41755686951574245 0.7982576367661799 0.03601711939505616 0.03027388108743221
142 0.48882596269800144 0.7877661960189452 0.03341827787978709 0.02710797077900686
309 0.4191354739078891 0.8460093441525061 0.037388300758604484 0.0279574046263825
309 0.4890333857265999 0.833146879866321 0.03738830075860431 0.0279574046263825
272 0.4484404655729394 0.8895508384704632 0.035108323637421536 0.028697744317956974