265 0.45234375 0.20625 0.0328125 0.028125
343 0.54296875 0.2171875 0.02890625 0.0265625
258 0.50234375 0.328125 0.03125 0.02734375
11 0.475 0.46015625 0.03125 0.02734375
113 0.4765625 0.50078125 0.03125 0.0265625
110 0.47734375 0.54140625 0.0296875 0.0265625
85 0.478125 0.5828125 0.0296875 0.0265625
53 0.4796875 0.6234375 0.02734375 0.0265625
9 0.48203125 0.6625 0.03125 0.025
152 0.48359375 0.70390625 0.0296875 0.0265625
42 0.5375 0.41953125 0.02890625 0.0265625
39 0.5390625 0.45859375 0.02890625 0.028125
37 0.5390625 0.4984375 0.02890625 0.0265625
28 0.54140625 0.53828125 0.02890625 0.025
25 0.54296875 0.57734375 0.02890625 0.0234375
23 0.54375 0.61640625 0.02734375 0.02421875
20 0.5453125 0.65546875 0.02890625 0.02421875
136 0.48203125 0.78984375 0.03359375 0.0296875
142 0.55234375 0.778125 0.03125 0.0265625
309 0.4875 0.8375 0.03515625 0.02734375
309 0.55625 0.8234375 0.03515625 0.02734375
272 0.5203125 0.88046875 0.0328125 0.028125