11 0.44609375 0.2109375 0.05546875 0.07421875
113 0.4484375 0.2953125 0.053125 0.06875
110 0.4515625 0.3734375 0.046875 0.06484375
85 0.453125 0.4484375 0.0484375 0.06640625
53 0.45546875 0.52109375 0.046875 0.0609375
9 0.45859375 0.58828125 0.05 0.0609375
10 0.58984375 0.28515625 0.0484375 0.06640625
111 0.5890625 0.3609375 0.046875 0.06640625
99 0.58828125 0.4359375 0.04609375 0.06484375
72 0.58828125 0.50625 0.04609375 0.0609375
35 0.5859375 0.575 0.04453125 0.05703125
275 0.46015625 0.68046875 0.04609375 0.05703125
264 0.58515625 0.66796875 0.04296875 0.05703125
342 0.94453125 0.18203125 0.04140625 0.06875
342 0.93828125 0.25625 0.040625 0.0609375
342 0.928125 0.32890625 0.040625 0.0609375
342 0.9203125 0.396875 0.0375 0.0609375
342 0.9125 0.46328125 0.0359375 0.05546875
342 0.90625 0.52578125 0.040625 0.059375
275 0.896875 0.61171875 0.0375 0.05390625
342 0.8296875 0.265625 0.04296875 0.06484375
111 0.821875 0.340625 0.04140625 0.06328125
342 0.81796875 0.41171875 0.0390625 0.0609375
342 0.8109375 0.47890625 0.0359375 0.06484375
342 0.80859375 0.5453125 0.0390625 0.05703125
264 0.8 0.63359375 0.0359375 0.059375