11 0.4350389840574834 0.22911442741349877 0.05935838986866315 0.07647892836490086
113 0.4329608276804769 0.31358492790779036 0.056728034825709095 0.07091467787060939
110 0.43199146992398935 0.3918372619001792 0.050273316937884616 0.0667537598858317
85 0.4296233864777612 0.4669009288963736 0.05191770409301437 0.06837992688202625
53 0.42815938376422774 0.5396526793906651 0.050068599050060315 0.0628475098858317
9 0.4277632360936484 0.606967513383054 0.05319359905006031 0.06297484387822046
10 0.5748993441888203 0.3091905410633828 0.05191770409301455 0.06837992688202607
111 0.5701465671650274 0.3849399575652856 0.05035520409301455 0.0683162598858317
99 0.5654347337187993 0.4599081240671884 0.04949206693788462 0.0667219263877346
72 0.5617498117379605 0.5302206240671884 0.04928734905006031 0.0628156763877346
35 0.5558030269122514 0.5988751235728967 0.04752013116223601 0.05884575939154004
275 0.42449439394099303 0.6992186803792484 0.04908263116223601 0.058909426387734595
264 0.550149491182031 0.6918120400747997 0.045957631162236015 0.05878209239534584
342 0.9349913964273838 0.22051794919950965 0.045009284825709275 0.07043717539915137
342 0.9248517565587207 0.2944820312147321 0.04381859905006032 0.06259284190105419
342 0.9108877538451873 0.36672444573946855 0.04381859905006032 0.06259284190105419
342 0.899513162597043 0.43437486075849663 0.040693599050060314 0.06246550790866543
342 0.8882204585040284 0.5004627757775246 0.03884449400710608 0.05693309091247105
342 0.8786949722988385 0.5627081077927472 0.04373671189493038 0.061030341901054184
275 0.8648161787667021 0.6482636058155806 0.0403251068519765 0.05543425790866543
342 0.8157666836279421 0.29943217497922187 0.046367066937884616 0.06659459239534575
111 0.804023600181714 0.37411383999824993 0.044722679782755036 0.06496842539915137
342 0.7963914846233104 0.44504842250776394 0.042256099050060315 0.0625291749048598
342 0.7858390869527311 0.5119494210248892 0.03933581693788461 0.06630809091247088
342 0.7800151328597165 0.5782601705305976 0.042051381162236015 0.058622924904859805
264 0.7667947585948857 0.6661912520515284 0.03904921189493056 0.06083934091247105