9 0.42387437923627314 0.6144095633368511 0.06826631058675119 0.11256764198874976
35 0.5068324284504848 0.6247797182850917 0.06644909946188057 0.10696219095199062
53 0.5840306292362731 0.6284214196046749 0.06723034946188058 0.10703054147037036
72 0.4316591081438239 0.7481400143736103 0.06488659946188076 0.10682548991523148
85 0.5127271716260593 0.7513422182850917 0.06630355024766903 0.10383719095199062
99 0.588617583536718 0.7603159685679156 0.06890201137253946 0.1095109925071295
110 0.4396065028909749 0.8686575659287492 0.06519481451569256 0.09673759043361088
111 0.516950252890975 0.8754242672483326 0.06299661372990428 0.099657538878472
113 0.5920230274980808 0.8835484170127768 0.0613613391227986 0.09795833784171286
177 0.44439251033457305 0.9698929227263768 0.06441356451569255 0.060214154547246324
8 0.5192833484239141 0.9707958223494092 0.06619438833701033 0.05840835530118156
273 0.4909654100486319 0.2506976693218509 0.36445222166884045 0.4411484291237956