9 0.396875 0.5796875 0.06328125 0.10703125
35 0.4796875 0.5828125 0.06171875 0.1015625
53 0.55703125 0.5796875 0.0625 0.1015625
72 0.3984375 0.71328125 0.06015625 0.1015625
85 0.4796875 0.709375 0.06171875 0.0984375
99 0.55546875 0.71171875 0.0640625 0.10390625
110 0.40078125 0.83359375 0.0609375 0.09140625
111 0.478125 0.83359375 0.05859375 0.09453125
113 0.553125 0.83515625 0.05703125 0.09296875
177 0.4 0.953125 0.06015625 0.09140625
8 0.475 0.95078125 0.06171875 0.09609375
273 0.48125 0.20859375 0.3453125 0.4109375