9 0.4002475232185382 0.5912353830821611 0.06390393959695384 0.1088725463182186
35 0.48307820393669737 0.5967699807331631 0.06230962334017516 0.10335833221159589
53 0.5604037732185382 0.5958954540109859 0.06309087334017516 0.10338106426490726
72 0.4025872489198455 0.7248745971887838 0.06074712334017516 0.10331286810497317
85 0.4838145230221464 0.7233324807331631 0.062291442622015934 0.10023333221159589
99 0.5596094085607659 0.7278812399043632 0.06466700887879462 0.10577027837152997
110 0.4056309565689761 0.8452552933487179 0.06146928600615773 0.09317935015828453
111 0.48297470656897606 0.8475057666265405 0.05914371672431695 0.09623615399835046
113 0.5579837969280557 0.8512505437444291 0.05757212636523725 0.09462818989172775
177 0.40554511903856677 0.9590927511214599 0.06068803600615773 0.08181449775708032
8 0.4805314834999474 0.9578287736537486 0.062277807083396475 0.08434245269250269
273 0.482463562937129 0.2225966948397858 0.34770326443793953 0.42098506756361254