72 0.48515625 0.21484375 0.10546875 0.13515625
53 0.48515625 0.37890625 0.0921875 0.10703125
35 0.4859375 0.5125 0.084375 0.0921875
9 0.4875 0.62578125 0.078125 0.0796875
259 0.44765625 0.72578125 0.0734375 0.071875
263 0.53046875 0.71328125 0.07109375 0.07265625
275 0.45390625 0.809375 0.0703125 0.06875
264 0.5296875 0.7921875 0.0671875 0.0640625
272 0.4578125 0.89296875 0.0546875 0.04921875
272 0.52734375 0.87734375 0.05625 0.0546875
272 0.459375 0.9453125 0.053125 0.04921875
272 0.5265625 0.93515625 0.0546875 0.04921875