72 0.47389676616965914 0.24310088374910915 0.11255198891872346 0.14129910516284977
53 0.4652986148810352 0.4071633837491092 0.09779677012638803 0.11240056043863902
35 0.4590785131174414 0.5408026363799451 0.08920634215265544 0.09710178413027978
9 0.45470419437053433 0.6541748916416169 0.08230124491161739 0.08423776308359247
259 0.4096196664422303 0.7518542574689848 0.07720430913596861 0.0761522472985769
263 0.49308726368326833 0.7441775363375928 0.07490150271353357 0.07679698940606912
275 0.4114887036427885 0.835812028515672 0.07391553482570909 0.07284523677523325
264 0.48817071234921583 0.8230382837067569 0.07054487336031982 0.06797572625188977
272 0.41101399084334683 0.9196332916698517 0.057266945386587234 0.052403934158514784
272 0.4813641123946443 0.908058025814249 0.05911605042954129 0.057963689420186884
272 0.4098332711465001 0.9720680469315237 0.05570444538658723 0.05231292889684269
272 0.47755303765484347 0.9658250231834131 0.057266945386587234 0.052403934158514784