266 0.5199039547222644 0.04289322376536483 0.06359941256778665 0.05726601334587287
266 0.5185283279642435 0.20939497425965642 0.029119873438370903 0.03789658942959626
275 0.4097760175611974 0.32088291399326385 0.07693065954272456 0.06640093281352524
316 0.6152902193565956 0.32032320399370134 0.06987213846548564 0.06142693133065045
99 0.40938162870292827 0.5217278309894582 0.07300622882456516 0.0631167653230392
85 0.4105219478865732 0.583414747491361 0.07141191256778665 0.05758434832684482
72 0.4077696526088375 0.6476045814837498 0.07221588846548563 0.0615224318249421
53 0.40734747179248243 0.709355164981847 0.07063975292686617 0.05911501482874755
35 0.406934381335207 0.7726682484799442 0.06904543667008767 0.05358259783255335
9 0.408070155339312 0.8335739149818469 0.0667107770291672 0.05504959733826169
11 0.6109077672666098 0.5072647884803818 0.06046077702916719 0.05479492935348418
10 0.6081236557320955 0.5659858724727705 0.06279543667008766 0.05332792984777566
113 0.6053395441975812 0.6247069564651593 0.06044259631100797 0.051669929353484
111 0.6048946374835269 0.6825512899632565 0.06357668667008767 0.05335976334587293
110 0.6044588211285525 0.7419581234613537 0.0690727077473264 0.05827009783255317