111 0.3776225568391885 0.29996692138763387 0.1233433342330974 0.031096553349772016
110 0.3751953738508465 0.3319981713876339 0.12334333423309748 0.031096553349772016
99 0.3727681908625045 0.3640294213876339 0.1233433342330974 0.031096553349772016
85 0.3712406570443255 0.39450726205440656 0.12334333423309748 0.031096553349772016
53 0.36803222405598357 0.4265294213876339 0.1233433342330974 0.031096553349772016
35 0.3639241418974785 0.46010499005408845 0.12334333423309748 0.031096553349772016
331 0.3629410597389735 0.4937169213876339 0.1233433342330974 0.031096553349772016
177 0.36268002799538696 0.528119193387952 0.12334333423309748 0.031096553349772016
193 0.3568910466667189 0.5632390807208612 0.1233433342330974 0.03109655334977184
275 0.590971893972071 0.4666566240849506 0.11096173340326061 0.03251360268140839
264 0.5861058726014466 0.5205537834181779 0.11096173340326043 0.03251360268140839