275 0.35619039166299593 0.6369259570656947 0.02884425181409851 0.04360518284565984
264 0.3921551735141614 0.6369811616628476 0.028008438111767654 0.04202449905006951
72 0.3897270887604383 0.7065124116628476 0.029680065516429453 0.045185866641249996
53 0.3873089276905126 0.7533692278672574 0.028707842558271413 0.03969893284565984
35 0.38489076662058697 0.800226044071667 0.028063001814098598 0.043586999050069505
9 0.3505901776905126 0.7525145894745142 0.031378974772256554 0.04912848423243048
186 0.34817201662058694 0.799371405678924 0.03048859736759475 0.04598530043684033
152 0.34567200999716496 0.8485719718833338 0.029761911069925696 0.047529616641249814
119 0.34398053522490846 0.8970094718833337 0.028898815516429366 0.04516768284565984
342 0.14681539166299595 0.6320526998475001 0.02962550181409851 0.043623366641249994
342 0.1396253958393472 0.748386214665139 0.030352188111767653 0.04207905043684015
342 0.1356174529182561 0.7959879132783682 0.02954365626060227 0.04127961664125017
342 0.13071913259250328 0.846696428096007 0.02970734736759484 0.04596711664124982
342 0.12821912596908133 0.8958969943004167 0.02962550181409851 0.043623366641249814
273 0.3931150498225148 0.22885953713781282 0.08351193756361353 0.2454956443766667