275 0.378125 0.628125 0.02734375 0.04296875
264 0.4140625 0.62734375 0.0265625 0.04140625
72 0.4140625 0.696875 0.028125 0.04453125
53 0.41328125 0.74375 0.02734375 0.0390625
35 0.4125 0.790625 0.0265625 0.04296875
9 0.3765625 0.74375 0.0296875 0.0484375
186 0.37578125 0.790625 0.02890625 0.0453125
152 0.375 0.83984375 0.028125 0.046875
119 0.375 0.88828125 0.02734375 0.04453125
342 0.16875 0.628125 0.028125 0.04296875
342 0.165625 0.74453125 0.02890625 0.04140625
342 0.16328125 0.7921875 0.028125 0.040625
342 0.16015625 0.84296875 0.028125 0.0453125
342 0.159375 0.8921875 0.028125 0.04296875
273 0.40078125 0.21953125 0.075 0.24375