275 0.4147091151920833 0.6479416915413999 0.02984639469597585 0.04440177521477064
264 0.4506011125612474 0.6490438461093843 0.028974139434303936 0.04279833163720585
72 0.4546508467056446 0.7185750961093843 0.03071864995764777 0.046005218792335614
53 0.45659975455580015 0.7654091525318194 0.029618881541796326 0.04049552521477064
35 0.45854866240595565 0.8122432089542546 0.029065144695975854 0.04436083163720568
9 0.4198810045558002 0.7634848043862702 0.0325086631118273 0.04999335594746519
186 0.42182991240595563 0.8103188608087054 0.03154540258848364 0.0468274123699004
152 0.4239153281486189 0.8594966672311404 0.030855157850155378 0.04834896879233561
119 0.4267364912604462 0.9079341672311404 0.02993739995764777 0.045964275214770825
342 0.20533411519208333 0.6369688127540132 0.030627644695975852 0.04444271879233561
342 0.2089890071866361 0.7532112884437537 0.031317889434304025 0.0429211623699004
342 0.20942091766762747 0.8007447077110591 0.030491136803468065 0.042098968792335614
342 0.20925358867196256 0.8513621834007996 0.03076415258848364 0.04678646879233561
342 0.2113390044146258 0.9005399898232348 0.030627644695975852 0.04444271879233526
273 0.41356748926489484 0.24053530529078135 0.0891968208208084 0.24768058344622812