266 0.7355538312234653 0.2974263866187739 0.15017521424430527 0.050849948573944204
272 0.6128481076054404 0.7858717839630541 0.041310397274843244 0.0564636234383709
272 0.7631668430615728 0.8272047902095702 0.04657185318419863 0.06352214451560982
288 0.6164830327600708 0.8687024646812134 0.057652874396026024 0.05577782220870695
259 0.7780261817019039 0.9326371787732516 0.16819163273097573 0.09936926180566061
72 0.7461083071367002 0.4075735462596943 0.17989453621473678 0.07054482503737738
53 0.7505724086539087 0.4622610462596943 0.17989453621473678 0.07054482503737738
35 0.7523738957770313 0.5130559317983138 0.1794321506088231 0.07444652985783762
9 0.7557378829001535 0.5638417269778536 0.17704060318419862 0.06428118949875809
144 0.7590380971444587 0.6138462721573934 0.1776145590935542 0.07131243949875792
249 0.762673151237043 0.6583775221573933 0.1776145590935542 0.07131243949875792
250 0.7638209341177999 0.7107394528755526 0.1776145590935542 0.07131243949875792