266 0.7109375 0.3015625 0.14609375 0.05
272 0.5484375 0.7890625 0.03671875 0.05625
272 0.6953125 0.83125 0.04140625 0.06328125
288 0.5453125 0.871875 0.053125 0.05546875
259 0.7015625 0.93671875 0.16015625 0.0984375
72 0.7125 0.41171875 0.17421875 0.06953125
53 0.7125 0.46640625 0.17421875 0.06953125
35 0.71015625 0.5171875 0.1734375 0.0734375
9 0.709375 0.56796875 0.171875 0.06328125
144 0.70859375 0.61796875 0.171875 0.0703125
249 0.70859375 0.6625 0.171875 0.0703125
250 0.70546875 0.71484375 0.171875 0.0703125