259 0.615462747100215 0.20074072274822355 0.056073323860135284 0.04982782467377245
99 0.6243785736596426 0.33900379141467807 0.05673617468997207 0.04827441534054513
85 0.46988125042420725 0.38091747672658816 0.05835787427505359 0.04907384667409058
72 0.6305236751141795 0.4304009507479053 0.05595492468997225 0.04826532467377227
53 0.47602635187874415 0.4723146360598154 0.055055275519809224 0.04669373400699968
35 0.6372724278134718 0.5194634507479053 0.059801975104890735 0.04752952800763595
9 0.48367475374819957 0.5629487267265881 0.05638097717948316 0.04358691534054522
186 0.6408961805127642 0.6084895880808144 0.06058322510489074 0.047538618674408895
252 0.48892020603257347 0.6527742953930428 0.05644017676456468 0.04436816534054522
272 0.6492433220092575 0.7186458380808144 0.05661777551980922 0.04671191534054522
272 0.49209367283909444 0.7152561140594973 0.05884312634964619 0.04517668734086335
275 0.4974216354964304 0.7855686140594973 0.05728062634964619 0.045158506007317814
264 0.6558969863262674 0.7858515194143599 0.05481847717948316 0.043568734006999676
289 0.5843906844614565 0.8825896120703149 0.03407992468997225 0.04801078600413611
343 0.6681279896502598 0.9678645880808144 0.05427402551980922 0.04668464334022673
265 0.5104930884055043 0.9683720233927247 0.05126742468997225 0.048210780673136354