259 0.60078125 0.19375 0.05234375 0.04921875
99 0.59921875 0.33203125 0.053125 0.04765625
85 0.44140625 0.37578125 0.0546875 0.0484375
72 0.5984375 0.4234375 0.05234375 0.04765625
53 0.440625 0.4671875 0.0515625 0.04609375
35 0.5984375 0.5125 0.05625 0.046875
9 0.44140625 0.5578125 0.053125 0.04296875
186 0.5953125 0.6015625 0.05703125 0.046875
252 0.43984375 0.64765625 0.053125 0.04375
272 0.5953125 0.71171875 0.053125 0.04609375
272 0.43828125 0.71015625 0.05546875 0.04453125
275 0.43828125 0.78046875 0.05390625 0.04453125
264 0.596875 0.77890625 0.0515625 0.04296875
289 0.51796875 0.8765625 0.03046875 0.04765625
343 0.5953125 0.9609375 0.05078125 0.04609375
265 0.4375 0.96328125 0.04765625 0.04765625