259 0.125 0.07645450668363558 0.25 0.15290901336727117
342 0.3700371922881189 0.07933624805058857 0.25133186542376224 0.15286356003340756
266 0.6193105059904498 0.08067367075108703 0.25278523801910036 0.149756741366953
266 0.8669121922881189 0.08511791211804003 0.24508186542376223 0.15279083469922577
266 0.12266181758340051 0.2764999600174992 0.24532363516680103 0.17317606003340752
266 0.3708109746874385 0.28098965471831583 0.258400320958725 0.17637378536758935
287 0.6153967883897693 0.28227253341817793 0.2559474435540633 0.1732215133672712
72 0.8653967883897694 0.28518154678544905 0.2475719483633867 0.17937151603277127
266 0.12624625295281588 0.489853935351681 0.25249250590563177 0.18274196403563464
287 0.3729017204262693 0.4896924927195885 0.2475719483633867 0.17937151603277127
287 0.6167881296820964 0.48862253075267786 0.25220488466105595 0.17786356003340753
53 0.8621551933844274 0.4899145001193127 0.24325647059590522 0.16760731269890758
264 0.12687371897106584 0.697766432686181 0.25374743794213167 0.17805446403563466
275 0.37264871616510004 0.698368058720543 0.24986113466105583 0.1778362880330894
249 0.6197419709744235 0.6949907094207233 0.24361113466105594 0.17776356269890758
35 0.8612300665279197 0.6954559754534945 0.22725944836338668 0.17913515869668045
261 0.12647936017072564 0.9025266580203628 0.2529587203414513 0.18430446403563466
266 0.3718054348620887 0.9015657840547249 0.24121282095872498 0.17617379069858927
52 0.6134299396714121 0.898124800087496 0.2535491298517325 0.1716317413669529
9 0.8532464078202467 0.9016968847867218 0.22461559800056713 0.17051413669636234