259 0.125 0.075 0.25 0.15
342 0.37265625 0.075 0.24609375 0.15
266 0.621875 0.0734375 0.24765625 0.146875
266 0.86953125 0.075 0.23984375 0.15
266 0.12890625 0.275 0.24609375 0.1703125
266 0.38046875 0.2765625 0.25234375 0.1734375
287 0.625 0.275 0.25 0.1703125
72 0.875 0.275 0.24140625 0.1765625
266 0.13515625 0.48828125 0.2625 0.1796875
287 0.38984375 0.48515625 0.24140625 0.1765625
287 0.63359375 0.48125 0.24609375 0.175
53 0.87890625 0.4796875 0.2375 0.16484375
264 0.14375 0.69609375 0.2625 0.175
275 0.396875 0.69375 0.24375 0.175
249 0.64375 0.6875 0.2375 0.175
35 0.88515625 0.68515625 0.22109375 0.1765625
261 0.15 0.90078125 0.2625 0.18125
266 0.403125 0.896875 0.23515625 0.1734375
52 0.64453125 0.890625 0.24765625 0.16875
9 0.884375 0.89140625 0.21875 0.16796875