259 0.1276190577118811 0.075 0.2552381154237622 0.15
342 0.37527530771188106 0.07136855448351334 0.2513318654237621 0.14273710896702668
266 0.6244394940095501 0.06619165800701018 0.25278523801910036 0.13238331601402037
266 0.8721503077118811 0.06409429742388437 0.24508186542376223 0.12818859484776873
266 0.13850946161023064 0.27124921120362877 0.2520411935540633 0.1774730967930723
266 0.39012652531256153 0.26549199003737717 0.258400320958725 0.180779953219563
287 0.6346032116102307 0.25681435735092756 0.2559474435540633 0.177586757059629
72 0.8804086187142687 0.24954010029129856 0.2391827625714626 0.18358670447320424
266 0.15220740697839244 0.4843486047771381 0.2687748257680484 0.1873254699126104
287 0.40678577957373074 0.473812955397641 0.2475719483633867 0.18358670447320424
287 0.6503993703179036 0.4628143047645028 0.25220488466105595 0.18216059679307223
53 0.88701453565881 0.45411394002474187 0.22597092868237995 0.17175429420664762
264 0.16805812938839626 0.6919110521907134 0.26861113466105585 0.1826379699126104
275 0.4211012838348999 0.6822021169178389 0.24986113466105592 0.1820924006331383
249 0.6677580290255765 0.6687687880714555 0.24361113466105594 0.18191054420664762
35 0.8977263546451935 0.6594008335982512 0.204547290709613 0.18299567108710946
261 0.18145597439373837 0.8964166957642226 0.26882938947037927 0.1888879699126104
266 0.4344445651379113 0.8851452604913483 0.24121282095872498 0.18027984804671354
52 0.6756325603285879 0.8718710560181441 0.2535491298517325 0.17595606089969493
9 0.9015978965897349 0.8656735656515625 0.19680420682053032 0.1743337249271754