309 0.426567113076899 0.29342312007578625 0.05464087842423861 0.04513613421305553
272 0.5494960502144258 0.3282362004246286 0.04148968298834195 0.03544877591898139
260 0.38331586577619137 0.37811118689949 0.05548132800932013 0.0459857347314351
264 0.48163496660602834 0.38516085221532315 0.05542212842423862 0.0452044847314351
259 0.3881818871468156 0.43208578741786974 0.05470007800932013 0.04591738421305536
309 0.48601573590206015 0.44297335221532314 0.05644017676456468 0.04839783524981485
43 0.39391259150578195 0.51795493689949 0.050616229254075586 0.04323188162115734
38 0.3963873186852651 0.5608553363811104 0.050616229254075586 0.04323188162115734
26 0.40036534627966675 0.6031111868994901 0.05055702966899407 0.04245063162115734
22 0.4027808738740684 0.6452303363811105 0.048390878424238615 0.044589330066018465
10 0.40591845188338854 0.6866365863811105 0.04743202966899407 0.042177229547638716
111 0.4098372798927087 0.7281111868994901 0.04893533008391256 0.041532680584398206
72 0.4122528074871103 0.7702303363811105 0.0483316788391571 0.04380808006601846
35 0.4144907363262675 0.8100057358627307 0.048213279668994066 0.04224558006601846
252 0.41835036475050613 0.8506990863811105 0.04665077966899407 0.042108879029259326
177 0.4213695435896632 0.8905428363811104 0.04688757800932013 0.04523387902925933
41 0.4936175161957542 0.5740183006601842 0.05307837842423861 0.04499943317629622
36 0.49687349337523734 0.6169870506601842 0.04893533008391256 0.041532680584398206
24 0.500070270969639 0.6591745506601843 0.05206033008391255 0.04180608265791648
16 0.5026041977342037 0.7028562001418047 0.05307837842423861 0.04499943317629622
111 0.5065822253286053 0.7451120506601843 0.05049783008391255 0.04166938162115734
85 0.5082757025080885 0.7879440996234249 0.04815408008391255 0.04146433006601846
53 0.5122537301024901 0.8301999501418047 0.050616229254075586 0.04323188162115734
9 0.5122071085267288 0.8705515480682863 0.0491129288391571 0.043876430584398204
152 0.5168479869509673 0.9113132491050454 0.05055702966899407 0.04245063162115734
266 0.473916048363548 0.9782766630774649 0.05085302759440165 0.04344667384507019
272 0.5845323944195002 0.9032655947224526 0.03662458423309758 0.03269492280870381