309 0.38749538692310104 0.26254873738858836 0.05464087842423861 0.04122498400699968
272 0.5067539497855742 0.28817654073836035 0.04148968298834195 0.032485783338636144
260 0.3307466342238087 0.35102943471513415 0.05548132800932013 0.04201532467377245
264 0.4293025333939717 0.35061235872849716 0.05542212842423862 0.04123407467377245
259 0.3274431128531844 0.4049447753819068 0.05470007800932013 0.042006234006999675
309 0.4249217640979398 0.40842485872849715 0.05644017676456468 0.04436816534054522
43 0.32014990849421804 0.4908731847151341 0.050616229254075586 0.039617030673136
38 0.3161126813147349 0.5338328440483615 0.050616229254075586 0.039617030673136
26 0.31369715372033324 0.576029434715134 0.05055702966899407 0.038835780673136
22 0.3097191261259316 0.6182078440483615 0.048390878424238615 0.04115225867281787
10 0.3065815481166115 0.6596140940483615 0.04743202966899407 0.03879941800604527
111 0.30422522010729136 0.7010294347151341 0.04893533008391256 0.03803634933959064
72 0.30024719251288967 0.7432078440483615 0.0483316788391571 0.040371008672817864
35 0.29644676367373257 0.7830425033815887 0.048213279668994066 0.03880850867281786
252 0.29414963524949395 0.8236765940483615 0.04665077966899407 0.038790327339272325
177 0.29113045641033686 0.8635203440483614 0.04688757800932013 0.04191532733927232
41 0.4126324838042458 0.539647586728179 0.05307837842423861 0.04120680267345413
36 0.40937650662476266 0.582616336728179 0.04893533008391256 0.03803634933959064
24 0.406179729030361 0.624803836728179 0.05206033008391255 0.03807271200668154
16 0.4020833022657963 0.6685447460614062 0.05307837842423861 0.04120680267345413
111 0.3996677746713947 0.710741336728179 0.05049783008391255 0.038054530673136
85 0.3948492974919115 0.7536919053946336 0.04815408008391255 0.038027258672817865
53 0.3924337698975099 0.7958884960614062 0.050616229254075586 0.039617030673136
9 0.38623039147327126 0.8364771333943153 0.0491129288391571 0.040380099339590456
152 0.38471451304903265 0.8771203147278609 0.05055702966899407 0.038835780673136
266 0.33077145163645205 0.9492129433879519 0.05085302759440165 0.04274203067313635
272 0.45453010558049983 0.8638577934038605 0.03662458423309758 0.030087489337999783