273 0.7 0.3109375 0.06015625 0.08203125
231 0.74296875 0.8109375 0.02421875 0.04140625
111 0.70390625 0.8125 0.025 0.04453125
110 0.74453125 0.8609375 0.025 0.04296875
99 0.70625 0.86328125 0.02578125 0.04453125
85 0.74765625 0.91171875 0.025 0.04140625
72 0.70859375 0.9125 0.0234375 0.0390625
53 0.75 0.9625 0.02265625 0.040625
35 0.7109375 0.965625 0.02421875 0.04296875
231 0.67265625 0.0484375 0.0234375 0.03359375
111 0.596875 0.053125 0.02109375 0.03359375
110 0.5234375 0.0609375 0.015625 0.021875
99 0.4484375 0.065625 0.01796875 0.02734375
85 0.375 0.071875 0.0203125 0.0296875
72 0.30234375 0.07578125 0.01953125 0.02890625
53 0.228125 0.08125 0.01875 0.02734375
35 0.15625 0.0875 0.01796875 0.02890625
9 0.084375 0.0921875 0.0171875 0.02734375
120 0.0125 0.0984375 0.0171875 0.02734375
266 0.7171875 0.684375 0.01953125 0.03515625