342 0.4808350250048491 0.17005326206453614 0.14961697591323464 0.12245934330833305
259 0.496889686074654 0.414242759472638 0.06235634985021878 0.05122003887847217
20 0.442472995168208 0.47929226955740667 0.06144755409258416 0.04958918836009261
22 0.5605055180470253 0.4903944478327304 0.062228804092584335 0.049657538878472
11 0.4473835068371376 0.5394485195574067 0.06307382697140156 0.05050713939685174
16 0.5638535297159549 0.5504139967959712 0.06144755409258416 0.04958918836009261
113 0.45144899562725005 0.598755169039027 0.06066630409258415 0.049520837841712864
10 0.5670739956272499 0.6088710457592119 0.060538758334949705 0.04795833784171286
110 0.45532316578091053 0.6557180685206474 0.06066630409258415 0.049520837841712864
111 0.5701669157809105 0.6657655947224527 0.058976258334949704 0.04782163680495373
85 0.4599785859345711 0.7127493185206474 0.060538758334949705 0.04795833784171286
99 0.5741048588133884 0.7235097442040731 0.06047498545613248 0.04717708784171286
53 0.4639165289670489 0.7704934680022678 0.05969373545613248 0.047108737323333115
72 0.5762252103305971 0.7779921926489342 0.05734998545613248 0.04690368576819424
152 0.4685081762418921 0.8267434680022678 0.060538758334949705 0.04795833784171286
35 0.5800993804842577 0.8349550921305546 0.06041121257731526 0.04639583784171286
275 0.4713938023049081 0.8906009164471289 0.05975750833494971 0.04788998732333312
264 0.5829850065472735 0.8988125405754157 0.058976258334949704 0.04782163680495373
273 0.4908632134953991 0.32141071050939723 0.11701189894183325 0.07461787412828684