342 0.4703125 0.12890625 0.140625 0.11015625
259 0.46640625 0.3734375 0.05859375 0.04609375
20 0.40625 0.44375 0.0578125 0.04453125
22 0.52421875 0.44453125 0.05859375 0.04453125
11 0.40625 0.50390625 0.059375 0.0453125
16 0.52265625 0.5046875 0.0578125 0.04453125
113 0.40546875 0.56328125 0.05703125 0.04453125
10 0.52109375 0.56328125 0.05703125 0.04296875
110 0.4046875 0.6203125 0.05703125 0.04453125
111 0.51953125 0.6203125 0.05546875 0.04296875
85 0.4046875 0.67734375 0.05703125 0.04296875
99 0.51875 0.678125 0.05703125 0.0421875
53 0.40390625 0.73515625 0.05625 0.0421875
72 0.51640625 0.7328125 0.05390625 0.0421875
152 0.40390625 0.79140625 0.05703125 0.04296875
35 0.515625 0.78984375 0.05703125 0.04140625
275 0.4015625 0.85546875 0.05625 0.04296875
264 0.51328125 0.85390625 0.05546875 0.04296875
273 0.46796875 0.28046875 0.11171875 0.06484375