41 0.22768601232010863 0.3451488420101172 0.18933836710992508 0.16654020317271012
42 0.40697426429727496 0.3420213859270002 0.18709011760421673 0.1688021076192138
43 0.5840142667687329 0.3364683342903869 0.17824169961943923 0.16225200725639422
37 0.22482631467783584 0.4921329694147789 0.1848591141441756 0.15234129391688303
38 0.40339698365119653 0.48741573148049644 0.18709011760421673 0.16880210761921396
39 0.5771209851340714 0.48644105243922153 0.17980419961943922 0.16230657095872497
26 0.22528261802414623 0.6345387242241024 0.179916946159398 0.14592760280989053
28 0.39666286950702095 0.633482199629331 0.18673994912514758 0.1602083576192138
36 0.5730807894689649 0.6239956161415524 0.17789153114037007 0.15365825725639404
23 0.22427192186474815 0.7745461653310949 0.17773236364988404 0.14975200725639404
24 0.39493459034381734 0.7718998588851582 0.18241986364988402 0.1499156983633867
25 0.5671279253247893 0.7700893661415524 0.1780825321289532 0.15834575725639405
11 0.22598697768251647 0.9052604519915839 0.17028727817462047 0.13935022059590524
16 0.39102172867109963 0.9063294225874892 0.1766964456651065 0.14347472540522865
22 0.5631513966558772 0.9060814298438832 0.17200894566510633 0.143311034298236