42 0.5277337762181618 0.05189269421941274 0.04296755243632351 0.06252917490485979
43 0.6062092296419344 0.06054479402913231 0.0413247092838688 0.0733711744105682
38 0.5358442697397567 0.17845519421941272 0.044750097932816854 0.078186008402957
39 0.612807287938354 0.1878248770329379 0.04475009793281668 0.078186008402957
28 0.541861337135475 0.30882844372512114 0.04079378315799218 0.07724559091247096
36 0.617942975784423 0.31660379304054914 0.039762209283868796 0.07330750741437378
24 0.5486095897563688 0.4384522767289267 0.0405434592838688 0.07333934091247088
25 0.623859913630492 0.44541454254625756 0.0405434592838688 0.07333934091247088
16 0.5553578423772624 0.5680761097327324 0.04044332973421945 0.07177684091247105
22 0.6303578423772624 0.5711321255500632 0.04044332973421945 0.07177684091247087
113 0.5619559006736821 0.6953561927365379 0.04044332973421945 0.07177684091247105
10 0.6360244563492081 0.6960366250557716 0.04044332973421945 0.07177684091247105
99 0.5678227737449264 0.8233856922422464 0.04044332973421945 0.07177684091247087
110 0.6433536998708032 0.8225672915576745 0.04044332973421945 0.07177684091247087
9 0.5752521468161708 0.9514788587441491 0.043668459283868796 0.07346667490485999
35 0.6497514990679241 0.9467223745614799 0.04190570018457009 0.07027800790866508
44 0.6816598126153564 0.0706320598464631 0.03903102405869348 0.07405692391627663
41 0.68762681523625 0.2002240593521715 0.042606607032115384 0.08121550790866543
37 0.6932934292081956 0.32512855885787995 0.0389809592838688 0.07327567391627658
26 0.698228857954966 0.45078247486549117 0.03888082973421945 0.07171317391627667
23 0.7038454071520871 0.5749057243711995 0.0387807001845701 0.07015067391627668
11 0.7101430767995588 0.6974983073750052 0.03873063540974542 0.06936942391627668
111 0.7173721907715045 0.8224664738769079 0.040974255860096065 0.06790242441056833
53 0.7228385456441515 0.9442459733826164 0.03784925586009606 0.06777509041817957
342 0.9994106261535635 0.9266233691614536 0.0011787476928731167 0.05758700692008212
342 0.9983450248661878 0.8142507031538424 0.003309950267624373 0.05742783942959626
342 0.9960449676102814 0.7018462036481339 0.00791006477943732 0.06130225593149898
342 0.9935621140480813 0.5878792041424254 0.012875771903837574 0.06130225593149916
342 0.9913947883236439 0.47160028813481425 0.017210423352712213 0.06130225593149916
342 0.9893601941306759 0.3537907056253003 0.021279611738648185 0.06211533942959626
342 0.986436650793651 0.23822937262149466 0.027126698412698148 0.06211533942959626
342 0.9834630426818014 0.12191862311578627 0.033073914636397105 0.06374150642579064