342 0.4359375 0.234375 0.03359375 0.046875
342 0.5984375 0.234375 0.03359375 0.04765625
272 0.5171875 0.234375 0.034375 0.04609375
272 0.5171875 0.3015625 0.034375 0.046875
110 0.43671875 0.37109375 0.040625 0.0546875
85 0.43671875 0.43671875 0.0390625 0.053125
53 0.4375 0.503125 0.0390625 0.05234375
277 0.4390625 0.56796875 0.040625 0.05390625
111 0.54375 0.36953125 0.03984375 0.053125
99 0.54375 0.4359375 0.0390625 0.05234375
72 0.54375 0.50078125 0.040625 0.05390625
35 0.54375 0.565625 0.0390625 0.05078125
275 0.4390625 0.63203125 0.03984375 0.0515625
264 0.54375 0.62890625 0.04140625 0.05234375
259 0.4390625 0.69453125 0.04375 0.05546875
266 0.490625 0.36953125 0.03359375 0.04609375
266 0.59765625 0.36953125 0.0328125 0.0453125
266 0.490625 0.4359375 0.0328125 0.04453125
266 0.59765625 0.43515625 0.03125 0.04375
266 0.490625 0.5015625 0.0328125 0.0421875
266 0.59609375 0.5 0.03125 0.0421875
266 0.48984375 0.565625 0.034375 0.0453125
266 0.59609375 0.565625 0.03125 0.040625
275 0.49140625 0.63125 0.0328125 0.04140625
316 0.5953125 0.63046875 0.03359375 0.040625
258 0.490625 0.69609375 0.0328125 0.04375
272 0.59609375 0.69296875 0.03125 0.040625
326 0.55234375 0.8515625 0.0296875 0.03984375
263 0.590625 0.85 0.0421875 0.04609375