273 0.35625 0.1734375 0.19921875 0.046875
259 0.315625 0.53359375 0.034375 0.02578125
85 0.4125 0.63828125 0.03515625 0.028125
72 0.41171875 0.66875 0.0328125 0.02421875
53 0.4125 0.69765625 0.03359375 0.0265625
35 0.3140625 0.640625 0.03203125 0.02421875
9 0.31328125 0.66953125 0.0328125 0.02421875
8 0.3140625 0.69921875 0.03359375 0.02421875
248 0.31328125 0.73125 0.03515625 0.02734375
134 0.41171875 0.72890625 0.0328125 0.02734375
272 0.296875 0.86484375 0.03046875 0.025
272 0.315625 0.59140625 0.021875 0.01640625
272 0.41328125 0.590625 0.02265625 0.01640625
290 0.36171875 0.83828125 0.02890625 0.02421875
272 0.42578125 0.8640625 0.03046875 0.025