273 0.35725902985783764 0.15476722863041656 0.1994914607723885 0.05731561227904338
259 0.31872935762568944 0.5170525446637901 0.03452499092481372 0.027582767412854637
85 0.41621341168402387 0.6166630410457455 0.035319876463433174 0.029967460990419425
72 0.41560942368607634 0.6471727346233104 0.032953400565734016 0.025938380257724703
53 0.41655884532904935 0.6760380410457455 0.03374828610435347 0.028323073835289668
35 0.31778954722264324 0.6241656818189198 0.03217215056573401 0.025897436680159914
9 0.3171764688656162 0.6531128753964847 0.032953400565734106 0.025938380257724703
8 0.31813043568812893 0.6827594318189198 0.0337346505657341 0.02597932383528967
248 0.3175355380492611 0.7148316253964848 0.035315331283893324 0.029186210990419424
134 0.4159594025106417 0.7073289846233104 0.032971581283893235 0.029063380257724702
272 0.30190651375056843 0.849285190525347 0.030614195745273864 0.02659679952502998
272 0.3190657009116353 0.5748650446637902 0.02197044877033605 0.017552670171816588
272 0.4167174057320954 0.5689658474681807 0.02275169877033605 0.017593613749381377
290 0.3665957276462149 0.8193243735874625 0.029047150565734016 0.0257336623699004
272 0.4308082185710286 0.8417482502271426 0.030614195745273954 0.02659679952502998