273 0.35120348416488245 0.1485260732451244 0.20058267319868045 0.06080573206687121
259 0.3000990075883544 0.5115230999803295 0.03512515775927429 0.0281849841605581
85 0.39392791244463476 0.609436440073302 0.03597460391920828 0.03058336448238901
72 0.39226011236549246 0.6399598203951328 0.03351719365265158 0.02651322351689629
53 0.3922002763929729 0.6688114400733018 0.034366639812585566 0.028911603838727373
35 0.2954222162847008 0.6186636106239913 0.032735943652651575 0.02645859319506556
9 0.2937998803121811 0.6476244909458221 0.03351719365265158 0.026513223516896466
8 0.29371731228635023 0.6772573606239913 0.034298443652651577 0.026567853838727375
248 0.2920040481005852 0.7093432409458221 0.03595187186589692 0.02980211448238901
134 0.39050974426051926 0.7001160703951328 0.03360812186589692 0.029638223516896288
272 0.271710616984346 0.8440842277042704 0.031196175705962937 0.02713058255140375
272 0.29841683564331517 0.5693355999803295 0.022352373119538173 0.01793589901126431
272 0.39609581769662655 0.5617255597514711 0.02313362311953817 0.017990529333095216
290 0.3373272567969316 0.8129874109923083 0.02961094365265158 0.02624007190774229
272 0.40063959903765733 0.8342889746021772 0.031196175705962937 0.02713058255140375