272 0.39604678932136456 0.13763244773621736 0.05702281570031094 0.09675317363517104
272 0.4960467893213646 0.13180811098921902 0.05702281570031094 0.09675317363517104
290 0.4018403049652058 0.2909394582595611 0.04462923151356133 0.07111613680346807
290 0.5050108075960417 0.285714360989219 0.044075494667741036 0.0749768841726322
72 0.4138537285297896 0.4164476924745455 0.04816375519108469 0.07832939732681173
53 0.418471881047686 0.5361154503670533 0.048300263083592476 0.08067314732681172
260 0.5076037285297896 0.4109873767742346 0.04682876834526421 0.08214464206513998
99 0.5131851415710298 0.5337346320359064 0.045728999929412775 0.07663038943430393
35 0.4248345440889262 0.6588172029978893 0.04609302097610026 0.08288038943430394
260 0.5188120572431059 0.6572631372975783 0.048300263083592296 0.0806731473268119
9 0.4314702229151819 0.7862064556287252 0.04816375519108469 0.0783293973268119
342 0.3732624657285458 0.0425397556146077 0.04223997888272546 0.0701983789109603