272 0.3857869881943392 0.15565636994750243 0.05210792154477702 0.09434998400699968
272 0.4857869881943392 0.15449276460059394 0.05210792154477702 0.09434998400699968
290 0.38177113300453663 0.30881773261459333 0.04102497579950324 0.06922271467218159
290 0.48489158782499686 0.308399014600594 0.04026645169720222 0.07311987400540883
72 0.3857268590986275 0.434544438613957 0.04419088241536144 0.0762903273392725
53 0.3826876966290366 0.5541029606142752 0.04420451795398091 0.07863407733927233
260 0.4794768590986275 0.43345355860123025 0.042651108313060605 0.08017839600572714
99 0.4772007659108775 0.5561279899347757 0.04183804205628192 0.07470055533895419
35 0.38119285344128667 0.6767683012810478 0.04187440349260037 0.08095055533895419
260 0.4749201275435876 0.6795836712683212 0.04420451795398091 0.0786340773392725
9 0.3796707391762978 0.8041211419478206 0.04419088241536144 0.07629032733927232
342 0.3691585452777357 0.059762614616502306 0.03867668061996339 0.0684141926718634