273 0.275002456083117 0.16908478358044593 0.1010962524470707 0.1689533858421822
264 0.35504458703115777 0.40193943439875257 0.05919643992586625 0.08633929328391084
275 0.2574156188823232 0.40456841579443115 0.06402034918169335 0.0904092343909035
85 0.3521055815888622 0.5307911206964218 0.05539931733052796 0.08932788402808356
72 0.3512300731513417 0.6228967751429254 0.0554811628840242 0.09167163402808357
53 0.3493550599044978 0.7212797114405947 0.05760665807470078 0.08550347958158007
35 0.25573901307720787 0.5419592883897695 0.061458344372369925 0.08407738883740698
186 0.25238334538386026 0.6380530383897695 0.06173116288402421 0.09188988883740698
9 0.2505901776905126 0.7340922246874385 0.06769098620500191 0.10614336179556502
119 0.24698897333667613 0.8372172246874385 0.06739088584218215 0.09754961179556502
273 0.7167435227806728 0.18877222396964832 0.06786460099579195 0.13345982994439964
342 0.7183804007334886 0.38769087360682863 0.04251737141421188 0.0779538744094368
342 0.6528372462869849 0.3876387991047246 0.05130209437236992 0.08372272477225655
342 0.7177950689749905 0.49383174620216685 0.04316221215838478 0.07407490626060209
342 0.7140946609002896 0.5774527780533323 0.027636415879249122 0.054025301088459085
342 0.7116665761465665 0.6469840280533323 0.03715774881887377 0.08088790145127885
342 0.7079388862207003 0.7313863099044978 0.03165179328391084 0.05728671034428636
342 0.6515549661651001 0.6701511987419048 0.035858143646730414 0.06601686960011328
342 0.6531025971979588 0.5811432624442358 0.029308043283910835 0.05720486479078986
342 0.6528694734214942 0.4984398898488974 0.035186021051392305 0.0691145877489479