273 0.28125 0.17890625 0.0953125 0.165625
264 0.36953125 0.41484375 0.05625 0.084375
275 0.271875 0.4140625 0.0609375 0.08828125
85 0.37109375 0.54375 0.05234375 0.0875
72 0.3734375 0.6359375 0.05234375 0.08984375
53 0.375 0.734375 0.0546875 0.08359375
35 0.275 0.5515625 0.05859375 0.08203125
186 0.275 0.64765625 0.05859375 0.08984375
9 0.2765625 0.74375 0.0640625 0.10390625
119 0.2765625 0.846875 0.0640625 0.0953125
273 0.72421875 0.2140625 0.06328125 0.13125
342 0.7328125 0.41328125 0.03984375 0.0765625
342 0.6671875 0.4109375 0.0484375 0.08203125
342 0.7359375 0.51953125 0.040625 0.07265625
342 0.73515625 0.603125 0.02578125 0.053125
342 0.73515625 0.67265625 0.034375 0.0796875
342 0.734375 0.75703125 0.0296875 0.05625
342 0.67578125 0.69375 0.03359375 0.06484375
342 0.67421875 0.6046875 0.02734375 0.05625
342 0.67109375 0.521875 0.0328125 0.06796875