273 0.2895826925136207 0.19528719710093284 0.10302660835322089 0.17117632096198282
264 0.3888529081866052 0.4363664943853923 0.06017982878371626 0.08765118942018653
275 0.2911602708830522 0.42989741553090177 0.06504926530148092 0.0918304552052021
85 0.39641931327283836 0.5653637496470643 0.05641912799792799 0.09054867626600682
72 0.40305676509208394 0.6576877575395719 0.05652828990858687 0.092892426266007
53 0.40920406533975295 0.7562162628012438 0.05858094148016342 0.08677893415851479
35 0.3006894363083677 0.5675794260542454 0.06241441687305756 0.08544394731269431
186 0.3051650746453779 0.6636731760542454 0.06277828990858687 0.09325644731269431
9 0.3112032129823882 0.7598579313159173 0.06890201137253946 0.10763746572854593
119 0.3160063370513747 0.8629829313159174 0.0685017510334573 0.09904371572854558
273 0.7341888711735025 0.2562434387849021 0.06939431699689198 0.13493571309770988
342 0.7520613835794994 0.4559627177240972 0.04340970574818712 0.0788831341726322
342 0.6863272216688404 0.44979674673387954 0.05225816687305738 0.0848524131118273
342 0.7601350568626976 0.562394728247441 0.04400901923042237 0.07502238680346807
342 0.763247248342861 0.645942975616605 0.028255586641598995 0.054626586817585476
342 0.7664857183590715 0.715474225616605 0.03808650496239885 0.08168961575678076
342 0.7696342971427879 0.7998037229857691 0.0323073858558109 0.05797909997176518
342 0.7080931755550007 0.7331097756730747 0.03661389619489306 0.0668003631259447
342 0.7023825229499667 0.6439562704114029 0.029963635855810723 0.05784259207925739
342 0.6954004687733564 0.5609617598880592 0.03597819540910478 0.06987986049510883