73 0.4691529624624254 0.7088948066495777 0.04923343152767874 0.05632192107632772
64 0.47338470713016634 0.7815510566495777 0.04918792889684287 0.05554067107632772
63 0.4776619544287433 0.8549885566495778 0.049233431527678916 0.0563219210763279
62 0.48203020698899196 0.9299885566495778 0.05097794205102239 0.059528808231457474
266 0.6280729361540661 0.692729816826343 0.049324436789350654 0.05788442107632754
266 0.632350183452643 0.766167316826343 0.047670931527678914 0.05624003392119796
266 0.7755016729998865 0.6810852306665816 0.048543186789350656 0.05784347749876275
266 0.7802871545134479 0.7497942870890166 0.04767093152767874 0.05624003392119796
287 0.7899946254330783 0.8895561499338868 0.04610843152767874 0.05615814676606803
287 0.6413674096339455 0.9075326232487783 0.048634192051022394 0.05940597749876275
273 0.5235556812453301 0.3244135860482199 0.2237762181476203 0.29835004805469206