73 0.49053858520333193 0.6989270265454944 0.05080993576819441 0.05739902551980922
64 0.4968951834126374 0.7715832765454944 0.05074158524981485 0.05661777551980922
63 0.5033201321403225 0.8450207765454945 0.05080993576819424 0.05739902551980904
62 0.5098817819047666 0.9200207765454944 0.05264583784171286 0.06064242468997207
266 0.6492300800195356 0.6790378111888661 0.05094663680495355 0.058961525519809044
266 0.6556550287472207 0.752475311188866 0.049247435768194237 0.05728062634964619
266 0.7965445774276374 0.6639428396084602 0.05016538680495355 0.05890232593472753
266 0.8033406730450448 0.7326336400233787 0.049247435768194237 0.057280626349646015
287 0.8171379158349982 0.8723589908532159 0.047684935768194235 0.05716222717948298
287 0.6688077225739334 0.8938223616037846 0.05030208784171286 0.060464825934727885
273 0.5338143827524531 0.3126567172075063 0.2321842407637032 0.3031878900466006