309 0.4276522355020306 0.06550282059338045 0.12855340144887445 0.12700058034884237
26 0.44237247686415715 0.2339110680014823 0.12047079117755644 0.10997917568342572
23 0.4490613702934672 0.3260302174831026 0.12110184685308259 0.1077037762018053
16 0.4546185602990045 0.41274896748310264 0.11787671730343323 0.10586787412828684
113 0.4616381207548925 0.4977685164463434 0.11498225478036198 0.09706907257314797
99 0.4660135425618325 0.578305616964723 0.11326956045588794 0.09458862153638865
53 0.47043902914359725 0.6596239674831027 0.11248831045588795 0.09452027101800908
280 0.47597643275194007 0.7337743669647231 0.10848193090623859 0.09261601842611089
261 0.6599838741509785 0.05489352659019733 0.11721538325027722 0.10978705318039465
28 0.5540912268641571 0.22413694387319544 0.11915861505167982 0.11374872464666641
24 0.5590173611941684 0.3132677943915751 0.11890829117755644 0.10984247464666641
20 0.5631622455241798 0.4024669954283343 0.1153827729789592 0.10331907257314796
10 0.5661253616555938 0.4854845469834732 0.115913699104836 0.09948117309152771
110 0.5687880891380599 0.563814598538612 0.11107600478036198 0.09672731998124995
72 0.573944760945 0.6442833485386121 0.11014456045588794 0.0943152194628702
9 0.5762570350036934 0.717144650093751 0.11067548658176474 0.09047731998124994
36 0.6609722825396832 0.21242917285518645 0.11656454117755662 0.10963742309152753
25 0.6629236111941685 0.30417717544708456 0.11187704117755644 0.10922731998124977
22 0.6653057364248811 0.3903880775206031 0.11132632865448536 0.10063356998124977
11 0.6667063525562952 0.4735423301125012 0.10429507865448535 0.10001841531583314
111 0.6679567743632353 0.5543528327043994 0.10311331045588794 0.09370006479745356
85 0.6714007518457012 0.6326145337411586 0.0991069309062386 0.09179581220555537
35 0.6721004611295701 0.7048312863330567 0.09870641270764154 0.08554581220555538
259 0.4832055467238856 0.8588427174831027 0.10770068090623859 0.09254766790773132
275 0.582073843300113 0.8446934516488899 0.10364423658176473 0.08986216531583295
264 0.6756235842008144 0.8333663894433346 0.09441943090623858 0.09138570909527743
342 0.9242034677648586 0.18861379816125173 0.099507449104836 0.09804581220555537
342 0.9230297964193438 0.28063520282666843 0.09920706045588794 0.09335831220555538