309 0.42109375 0.10234375 0.12109375 0.11640625
26 0.425 0.27109375 0.1140625 0.1
23 0.42578125 0.36328125 0.11484375 0.09765625
16 0.42578125 0.45 0.11171875 0.09609375
113 0.42734375 0.53515625 0.109375 0.0875
99 0.4265625 0.615625 0.1078125 0.08515625
53 0.42578125 0.696875 0.10703125 0.08515625
280 0.4265625 0.77109375 0.103125 0.08359375
261 0.653125 0.10703125 0.11015625 0.11015625
28 0.53671875 0.27109375 0.1125 0.10390625
24 0.5359375 0.36015625 0.1125 0.1
20 0.534375 0.44921875 0.109375 0.09375
10 0.53203125 0.53203125 0.11015625 0.08984375
110 0.5296875 0.61015625 0.10546875 0.0875
72 0.5296875 0.690625 0.1046875 0.08515625
9 0.52734375 0.76328125 0.10546875 0.08125
36 0.64375 0.26875 0.11015625 0.1
25 0.63984375 0.36015625 0.10546875 0.1
22 0.63671875 0.44609375 0.10546875 0.09140625
11 0.6328125 0.52890625 0.0984375 0.09140625
111 0.62890625 0.609375 0.09765625 0.08515625
85 0.62734375 0.6875 0.09375 0.08359375
35 0.6234375 0.759375 0.09375 0.07734375
259 0.42578125 0.89609375 0.10234375 0.08359375
275 0.525 0.890625 0.0984375 0.08125
264 0.61875 0.8875 0.0890625 0.08359375
342 0.90703125 0.26796875 0.09375 0.08984375
342 0.9 0.359375 0.09375 0.08515625