259 0.43671875 0.3078125 0.02890625 0.0265625
263 0.4890625 0.309375 0.02734375 0.02578125
275 0.43828125 0.35625 0.02890625 0.02578125
264 0.48984375 0.35625 0.0265625 0.025
10 0.440625 0.403125 0.03203125 0.02734375
113 0.440625 0.43359375 0.02890625 0.025
111 0.44140625 0.46484375 0.02890625 0.02578125
110 0.44296875 0.49453125 0.02890625 0.02421875
99 0.44296875 0.52421875 0.02890625 0.025
85 0.44453125 0.553125 0.02890625 0.025
72 0.4453125 0.58203125 0.02734375 0.02421875
53 0.44609375 0.6109375 0.02734375 0.02421875
35 0.446875 0.6390625 0.02734375 0.02421875
9 0.4484375 0.6671875 0.02734375 0.0234375
152 0.4484375 0.69609375 0.02734375 0.02265625
119 0.44921875 0.7234375 0.02734375 0.02265625
120 0.45 0.75078125 0.02734375 0.02265625
38 0.490625 0.4015625 0.0296875 0.0265625
37 0.49140625 0.43046875 0.02734375 0.02421875
36 0.49140625 0.46015625 0.02734375 0.02421875
28 0.4921875 0.4890625 0.02734375 0.0234375
26 0.49296875 0.51796875 0.0265625 0.02421875
25 0.49375 0.54765625 0.0265625 0.02265625
24 0.49453125 0.575 0.0265625 0.02265625
23 0.4953125 0.603125 0.02578125 0.02265625
22 0.49609375 0.63046875 0.0265625 0.02421875
20 0.49609375 0.65859375 0.02578125 0.021875
16 0.496875 0.684375 0.0265625 0.02265625
11 0.49765625 0.71171875 0.02734375 0.0234375