72 0.4640625 0.14765625 0.090625 0.125
53 0.465625 0.30703125 0.08359375 0.10546875
35 0.46875 0.44453125 0.07890625 0.09296875
277 0.4734375 0.56640625 0.07109375 0.07734375
266 0.55859375 0.14921875 0.07265625 0.09765625
266 0.55390625 0.30703125 0.06640625 0.0859375
266 0.55078125 0.4453125 0.0671875 0.0796875
266 0.5484375 0.56640625 0.0578125 0.06875
275 0.3765625 0.69375 0.0671875 0.06640625
275 0.44609375 0.6953125 0.05234375 0.05546875
259 0.38359375 0.784375 0.065625 0.0625
342 0.4484375 0.7859375 0.04921875 0.0515625
263 0.42265625 0.8671875 0.096875 0.0578125
263 0.39765625 0.9359375 0.0546875 0.04609375
266 0.4578125 0.93828125 0.0421875 0.03984375
264 0.5765625 0.696875 0.06875 0.071875
264 0.6484375 0.696875 0.0484375 0.05703125