263 0.5388857385002483 0.38877872673111435 0.0520885295467771 0.03716176038012335
275 0.45484519153466574 0.5019419130046806 0.0536510295467771 0.03722542737631773
264 0.5454701915346657 0.4982492272254059 0.05371480242559432 0.03800667737631773
111 0.4626892556291896 0.5980356630046806 0.051243506667959696 0.036348676882026254
110 0.464235651237043 0.6457874134989723 0.051897210910325245 0.03481801038012335
99 0.512593273966079 0.690847904107432 0.051052188031507836 0.034004926882026075
85 0.5147933738162978 0.7370053211036265 0.04948968803150784 0.0339412598858317
72 0.5184284279088821 0.7815365711036264 0.04955346091032524 0.0347225098858317
53 0.5220634820014664 0.8260678211036264 0.051833438031508014 0.034036760380123356
35 0.5240084903364159 0.8691002380998208 0.04942591515269079 0.0331600098858317
9 0.5275159986713659 0.912068988099821 0.05098841515269079 0.0332236768820259
261 0.5566943471444586 0.5973406432330173 0.056249871062046 0.04044592787060921
261 0.560584492752312 0.6449968932330172 0.05605855242559432 0.03810217787060921
273 0.48375234410034285 0.2319039856283629 0.1580514871231223 0.05705244912514758