263 0.50546875 0.409375 0.04921875 0.03515625
275 0.4125 0.51875 0.05078125 0.03515625
264 0.503125 0.51875 0.05078125 0.0359375
111 0.4125 0.61484375 0.0484375 0.034375
110 0.41015625 0.6625 0.04921875 0.0328125
99 0.4546875 0.709375 0.0484375 0.03203125
85 0.453125 0.75546875 0.046875 0.03203125
72 0.453125 0.8 0.046875 0.0328125
53 0.453125 0.84453125 0.04921875 0.03203125
35 0.4515625 0.8875 0.046875 0.03125
9 0.4515625 0.93046875 0.0484375 0.03125
261 0.50625 0.61796875 0.053125 0.03828125
261 0.50625 0.665625 0.053125 0.0359375
273 0.46328125 0.25078125 0.15390625 0.05078125