290 0.49453125 0.17669853459856646 0.040625 0.05134781603337357
290 0.45078125 0.1767494442549334 0.03984375 0.05521312245580869
62 0.515625 0.26842901119281815 0.040625 0.052910316033373574
61 0.51640625 0.327063704770383 0.040625 0.05291031603337348
60 0.51484375 0.38479431761525323 0.0421875 0.05533595318850324
59 0.51484375 0.4426068176152532 0.0421875 0.05142970318850324
57 0.5140625 0.4980346240376884 0.04140625 0.05138875961093845
56 0.5125 0.5549839868825586 0.040625 0.05291031603337348
55 0.51328125 0.6097124304601235 0.040625 0.05525406603337348
54 0.5125 0.6659214868825586 0.040625 0.054472816033373485
47 0.5140625 0.7222533740376884 0.04296875 0.051470646766068204
46 0.51171875 0.7752555433049937 0.040625 0.05681656603337348
44 0.51171875 0.8338492933049938 0.040625 0.054472816033373304
43 0.47265625 0.26773961442674993 0.04140625 0.05295125961093845
113 0.4296875 0.6037689676606817 0.040625 0.052910316033373664
110 0.4296875 0.6592377176606817 0.04140625 0.05138875961093845
85 0.42734375 0.7114586369279872 0.040625 0.049004066033373664
53 0.42890625 0.7670092740831169 0.0390625 0.054390928878243726
32 0.42890625 0.8216967740831169 0.040625 0.0490040660333733
266 0.47265625 0.3239896144267499 0.04140625 0.05451375961093845
266 0.471875 0.38410492084918507 0.040625 0.054472816033373575
266 0.471875 0.43644867084918515 0.0421875 0.05142970318850324
266 0.47109375 0.49500147727162014 0.040625 0.05525406603337366
266 0.47109375 0.5528139772716202 0.03984375 0.05521312245580869
266 0.47109375 0.6082827272716201 0.04375 0.056980340343633175
266 0.47109375 0.6645327272716202 0.04296875 0.05303314676606803
266 0.47109375 0.7215639772716201 0.04296875 0.05693939676606803
266 0.4703125 0.7738667836940554 0.0421875 0.05533595318850324
266 0.4703125 0.8277730336940554 0.040625 0.0568165660333733
266 0.428125 0.26618708050555207 0.03984375 0.05521312245580869
266 0.43046875 0.3217786612382466 0.04140625 0.05920125961093845
266 0.43046875 0.3803724112382466 0.040625 0.050566566033373575
266 0.4296875 0.4358002176606817 0.040625 0.052910316033373664
266 0.4296875 0.4936127176606817 0.04296875 0.05693939676606803
266 0.4296875 0.5483002176606817 0.04140625 0.05138875961093845