290 0.49453125 0.15078125 0.040625 0.04921875
290 0.45078125 0.153125 0.03984375 0.053125
62 0.515625 0.24140625 0.040625 0.05078125
61 0.51640625 0.3 0.040625 0.05078125
60 0.51484375 0.3578125 0.0421875 0.053125
59 0.51484375 0.415625 0.0421875 0.04921875
57 0.5140625 0.47109375 0.04140625 0.04921875
56 0.5125 0.528125 0.040625 0.05078125
55 0.51328125 0.5828125 0.040625 0.053125
54 0.5125 0.6390625 0.040625 0.05234375
47 0.5140625 0.6953125 0.04296875 0.04921875
46 0.51171875 0.7484375 0.040625 0.0546875
44 0.51171875 0.80703125 0.040625 0.05234375
43 0.47265625 0.24296875 0.04140625 0.05078125
113 0.4296875 0.58125 0.040625 0.05078125
110 0.4296875 0.63671875 0.04140625 0.04921875
85 0.42734375 0.6890625 0.040625 0.046875
53 0.42890625 0.74453125 0.0390625 0.05234375
32 0.42890625 0.79921875 0.040625 0.046875
266 0.47265625 0.29921875 0.04140625 0.05234375
266 0.471875 0.359375 0.040625 0.05234375
266 0.471875 0.41171875 0.0421875 0.04921875
266 0.47109375 0.4703125 0.040625 0.053125
266 0.47109375 0.528125 0.03984375 0.053125
266 0.47109375 0.58359375 0.04375 0.0546875
266 0.47109375 0.63984375 0.04296875 0.05078125
266 0.47109375 0.696875 0.04296875 0.0546875
266 0.4703125 0.74921875 0.0421875 0.053125
266 0.4703125 0.803125 0.040625 0.0546875
266 0.428125 0.24375 0.03984375 0.053125
266 0.43046875 0.29921875 0.04140625 0.05703125
266 0.43046875 0.3578125 0.040625 0.0484375
266 0.4296875 0.41328125 0.040625 0.05078125
266 0.4296875 0.47109375 0.04296875 0.0546875
266 0.4296875 0.52578125 0.04140625 0.04921875