20 0.14760055878351783 0.10486233090910516 0.20419936315559242 0.15644294461070407
113 0.1506406926621759 0.25962068588812703 0.20925427768032887 0.1467010917062746
85 0.15906866349897225 0.39683634335665985 0.19763102817462047 0.14815684793005196
9 0.16231438581864335 0.5274351479207631 0.1893091922050653 0.13506485207923688
205 0.17037494213070323 0.6545537549743774 0.18218244171077375 0.13218830581350324
22 0.3851642257797122 0.08530315704432552 0.20845578163466155 0.1653326925361116
10 0.38224086114124506 0.23350385870399948 0.20491694615939798 0.1549396441957856
99 0.38035341448755544 0.3753953607785919 0.19960736364988402 0.15843149710021498
35 0.3803149693167406 0.5101372136830213 0.18749202422028777 0.12869645290907386
201 0.37825110912689763 0.6372441653426952 0.17687285920125975 0.13568015871793265
233 0.6251034762740039 0.07285277712007121 0.21376536414417552 0.14570555424014242
11 0.6158982781374395 0.21424068276462735 0.20491694615939798 0.1549396441957855
110 0.6037909144875554 0.3584642794452795 0.19753552768032884 0.14581309793005204
53 0.5976298033091293 0.490554729030361 0.18618419220506527 0.13482805373891082
194 0.5878807771116753 0.6151286765408501 0.17765410920125965 0.13573935830301415
16 0.8479295281374395 0.19665840599541834 0.2047259451708147 0.15025214419578553
111 0.8280096644875554 0.34147399852688554 0.19034511018984296 0.14137405166431832
72 0.8101298033091293 0.47445244188818975 0.18790585969555132 0.13885270290907387
282 0.7995995271116751 0.5990855889837603 0.18436702422028778 0.1284596545687478
275 0.17655732205502858 0.8277661120279918 0.1764590237259962 0.12552390871793265
264 0.37580790555312577 0.8118889678322063 0.17480102323170454 0.12306175954776961
259 0.5751221560474173 0.7944493236364206 0.1660481057412186 0.11850431411187294
272 0.823064907530292 0.7686518051655813 0.09173385524692712 0.11053660352912935