26 0.5047517297074606 0.042574019931594057 0.05122730925276535 0.07089430267345423
28 0.5712398003243115 0.046488813255912656 0.05122730925276535 0.07089430267345423
24 0.5079370052750057 0.1355245885980486 0.05276253571381488 0.06934998400699968
25 0.572013142044481 0.13556040392268537 0.049664809252765355 0.07087612133990877
22 0.5094506866867496 0.22224333859804862 0.05194037540538936 0.06699714334022691
23 0.5750893234562249 0.22226097258913993 0.05269435186643925 0.06544373400699968
11 0.51421209902377 0.31595697593095773 0.051131851866439246 0.06542555267345422
16 0.5766439151763942 0.31132347258913995 0.05118639894433983 0.06855055267345422
113 0.5133547568965635 0.4011404979312759 0.049501168019063256 0.061501121339908774
10 0.5772945259712869 0.39336381325591263 0.05191310186643925 0.0654346433402269
110 0.5163627544609316 0.4839348165977304 0.054311398944339825 0.06858691534054522
111 0.5802752499967048 0.4745956319223673 0.05120003571381489 0.06933180267345414
85 0.5193571152558244 0.565947885264185 0.05353014894433983 0.06857782467377227
99 0.5825156343305479 0.5581802912555945 0.05204946956119087 0.07324714334022708
53 0.5231327260507174 0.6479518632638668 0.05204946956119087 0.0732471433402269
72 0.5854418112780649 0.6362871099220491 0.050405148944339825 0.06854146200668154
152 0.5244964029982343 0.7260768632638668 0.047184691558013726 0.06303634933959064
35 0.5860242382255819 0.7144212005888217 0.05274889894433983 0.06856873400699967