263 0.5165666459900053 0.3785779530165268 0.05671022642635144 0.0983294847314351
35 0.5553101606723138 0.5404231336009249 0.04400901923042237 0.07621047695574071
53 0.6062733471900783 0.5409596672956006 0.04493581844463392 0.07940382747412045
72 0.6589081956185018 0.5392891520270358 0.04653470574818712 0.08032177851087959
121 0.5518490587292335 0.6821027856744433 0.04575345574818712 0.08025342799249983
120 0.6020673825505511 0.6817897188507395 0.044790269230422376 0.07627882747412044
9 0.6545930690683158 0.6824629535821746 0.04400901923042237 0.07621047695574071
275 0.5093811147678708 0.8023278113106007 0.044081793837528235 0.0777729769557407
264 0.5790943012856354 0.8045047574463877 0.04319138192686935 0.07536087643736096
131 0.676296787017612 0.8059489717254615 0.04389985731976367 0.0738667269557407
273 0.40258111290584403 0.5858935840720363 0.1364064584342742 0.5231237246466665