10 0.312371809552596 0.2002108534428626 0.26243545349345937 0.23741818756361352
11 0.5757647587939917 0.1821429328391081 0.23770652046292132 0.23032245017748526
16 0.8300377995506564 0.16687263002136846 0.23048395182646964 0.2277331635169964
110 0.34119753759186267 0.4388194856568477 0.25314020182646946 0.22852433720079368
111 0.5956140995603547 0.41576396469027355 0.2373238831900178 0.2256349501774853
113 0.8408469801652986 0.39472481150971417 0.21956242728066222 0.21800349945184577
72 0.36783901229714944 0.6602133360196675 0.24534367728066223 0.21890380054030487
85 0.616659278508007 0.6354043420949352 0.22770976712894148 0.21283484981466555
99 0.8527882260824127 0.6078150885515562 0.21873337985603775 0.2078472494518458
8 0.39878534972953256 0.8770833774894797 0.2621803619781903 0.23429318756361361
35 0.6349940456369483 0.840927655797266 0.2193233112195859 0.20553078130301117
53 0.8629916288172677 0.8091593337422328 0.21028315106786516 0.1997619309401916