10 0.2835998317950992 0.18466177759943542 0.25975668429644416 0.23316092207625302
11 0.5511368930591796 0.1526815259778776 0.2351008917217973 0.2264881822225228
16 0.8090804330359365 0.12398991559002186 0.22790575075630456 0.22402170129724622
110 0.2763125836366846 0.4227793863657333 0.25056200075630464 0.22441716761202618
111 0.5355836768317502 0.3862616392084025 0.23477310979081203 0.22180068222252275
113 0.7853158790613232 0.35225128328477356 0.21709393689433423 0.214469423294069
72 0.2694459525585491 0.6437231319015064 0.24287518689433424 0.2149194366867496
85 0.5233575563972763 0.6057383421305017 0.22530527464151823 0.20915067775829588
99 0.7649330512014962 0.5656279906710997 0.21638374271053315 0.204313173294069
8 0.2675946034113988 0.8598975568204287 0.25953816300912075 0.23003592207625304
35 0.5105522817557583 0.8111798185915514 0.21700110174504025 0.20198306006354408
53 0.7445884281691325 0.7672995848269011 0.20802493949222428 0.1963643055993174