309 0.5014091911106942 0.3796162794333054 0.04515015226045129 0.06270439732681181
309 0.5982841911106941 0.3739739532096507 0.04838425503399311 0.06757390785015546
260 0.4998064042572217 0.5825592689099617 0.04187968189572917 0.056272386803468064
260 0.5951916394395829 0.5738829479479788 0.045059233282499986 0.0587981473268119
85 0.49833351681440907 0.6458405189099616 0.045059233282499986 0.0587981473268119
99 0.5937187519967703 0.6371641979479788 0.04187968189572935 0.056272386803468064
53 0.497605511780416 0.7106387662791257 0.04349673328249999 0.05870714206513998
260 0.5922276807583675 0.7012266979479789 0.041843314304548684 0.05470988680346807
266 0.4968593229508326 0.7762182636482897 0.04187968189572917 0.056272386803468064
35 0.5907366095199647 0.7652891979479788 0.041843314304548684 0.05470988680346807
266 0.493349850401909 0.9269995136482898 0.04193423328249999 0.05861613680346807
266 0.5888078207666311 0.9151981926863071 0.041843314304548684 0.05470988680346807