309 0.5085558259211401 0.4540762390202768 0.04409997882456533 0.06398387902925914
309 0.6054308259211402 0.4625517032993507 0.04725224990180408 0.0689447811027776
260 0.5104990792407899 0.6574746410937953 0.04093861738824671 0.057460476955740705
260 0.605829759958949 0.6626884043361099 0.04407725292686635 0.06007762902925915
85 0.5101309196980652 0.7207558910937953 0.04407725292686635 0.06007762902925915
99 0.6054616004162245 0.72596965433611 0.04093861738824671 0.057460476955740705
53 0.5105349197962612 0.7856679916121749 0.04251475292686617 0.05994092799249984
260 0.6050888956939603 0.79003215433611 0.04092952702916719 0.055897976955740704
266 0.5109343747149172 0.8513613421305546 0.04093861738824671 0.057460476955740344
35 0.6047161909716959 0.85409465433611 0.04092952702916719 0.055897976955740704
266 0.5100571550637342 0.9861202393263422 0.040952252926866176 0.02775952134731554
266 0.6054060165000525 0.9881411834474993 0.04092952702916719 0.02371763310500121