39 0.4700538789357422 0.20670835744074986 0.04020584733826169 0.0685903762801244
38 0.5301053581754955 0.3088770731692957 0.03824409931542796 0.07782886838761663
37 0.4659791911793011 0.30670835744074987 0.040923430342067316 0.06707337891096028
36 0.3989508586697871 0.29888888118886037 0.03958376482874763 0.07245112364928845
28 0.5245636709133461 0.40644231790762386 0.038802514828747546 0.07240562101845249
26 0.4614097549057348 0.399631604809914 0.035422846843970034 0.06597361049510883
25 0.39728358790954044 0.3974628890813682 0.039360930342067314 0.06698237364928836
24 0.5214612341454882 0.5018003205384598 0.03620409684397004 0.06601911312594488
23 0.455963568137877 0.4948530995482421 0.03529551285158128 0.06284861049510884
22 0.39102431764358536 0.49342013118886036 0.034641596843970036 0.06592810786427279
20 0.5146753818643106 0.5914620600151161 0.039951179353484 0.06234037628012441
16 0.45217538186431067 0.5878218495482421 0.038484179847775656 0.06459312101845249
11 0.38889413186431065 0.5841361364505322 0.035263679353484 0.06206736049510884
10 0.5101059455907444 0.6843853073842802 0.03763926285158128 0.06298511838761663
113 0.44832352859455 0.6823530995482421 0.040827929847775654 0.06472962891096028
111 0.38432469559074434 0.6770593838196962 0.036762512357289626 0.060595865756780755
110 0.506476926807664 0.7734478073842801 0.03623593034206714 0.06680036312594488
99 0.444758176807664 0.7698530995482422 0.03370117935348418 0.06197635523343692
85 0.38047284232098366 0.7715906338196963 0.036921679847775654 0.06450211575678075
72 0.5029434085188753 0.8601665573842802 0.03386034684397003 0.06588260523343692
260 0.44275532502077813 0.857444104809914 0.034641596843970036 0.06592810786427279
9 0.37693932403219493 0.8583093838196962 0.03285626235728971 0.06036835260260105
275 0.37296013677004547 0.9559656338196962 0.03370117935348409 0.06197635523343692
264 0.4338658032719483 0.9602960890248984 0.032856262357289626 0.06036835260260105
259 0.4965568042605314 0.9592487994917723 0.032760761862997964 0.05802460260260105