39 0.47734375 0.17890625 0.0375 0.06640625
38 0.54140625 0.27734375 0.03515625 0.07578125
37 0.47734375 0.27890625 0.03828125 0.06484375
36 0.41015625 0.275 0.03671875 0.0703125
28 0.53984375 0.375 0.0359375 0.0703125
26 0.4765625 0.371875 0.0328125 0.0640625
25 0.4125 0.3734375 0.03671875 0.06484375
24 0.540625 0.4703125 0.03359375 0.0640625
23 0.475 0.4671875 0.0328125 0.0609375
22 0.41015625 0.46953125 0.03203125 0.0640625
20 0.5375 0.56015625 0.0375 0.06015625
16 0.475 0.56015625 0.0359375 0.0625
11 0.41171875 0.56015625 0.0328125 0.06015625
10 0.53671875 0.653125 0.03515625 0.0609375
113 0.475 0.6546875 0.03828125 0.0625
111 0.4109375 0.653125 0.034375 0.05859375
110 0.53671875 0.7421875 0.03359375 0.06484375
99 0.475 0.7421875 0.03125 0.06015625
85 0.4109375 0.74765625 0.034375 0.0625
72 0.53671875 0.82890625 0.03125 0.0640625
260 0.4765625 0.8296875 0.03203125 0.0640625
9 0.4109375 0.834375 0.03046875 0.05859375
275 0.4109375 0.93203125 0.03125 0.06015625
264 0.471875 0.9328125 0.03046875 0.05859375
259 0.534375 0.928125 0.03046875 0.05625