11 0.25253430272886834 0.13533387841221278 0.25194360545773675 0.27066775682442556
99 0.28950787965055785 0.4163526302742396 0.2315561767978549 0.2516674696019258
9 0.3179026691448599 0.6561771095960752 0.20413749813797316 0.2153104385846792
16 0.5225022003715035 0.13743731239755613 0.2510724642252423 0.27487462479511227
110 0.528771586846487 0.4263482526905963 0.22568932051154872 0.2763399838699495
72 0.5398697144301302 0.6646295026905963 0.20121155128112633 0.20270127667402046
22 0.7922346575674327 0.14190750770421703 0.2666974642252423 0.28381501540843407
10 0.7731401710068867 0.42827666398208264 0.23595257836943145 0.24563579342324343
85 0.7554412105011888 0.670247994213541 0.2179088997095498 0.20971541004863212
275 0.35234840549600877 0.9082468777930401 0.18511136228216235 0.15829630521006804
259 0.5431917293173264 0.9040558757261256 0.18002360194308017 0.14948423138875028