111 0.3582523406536672 0.17413470432015707 0.1889266654946528 0.12080490219313514
113 0.6528108617309061 0.15401147557819886 0.1889266654946528 0.12080490219313508
110 0.6497535185431561 0.27679055631089344 0.17872041851971493 0.11167888568479167
85 0.6475456030485033 0.38780994346602327 0.17399201190385655 0.10440197421940249
53 0.6438660911446465 0.4832862177762827 0.15909371974937905 0.0942490462456698
9 0.6394326003180286 0.5741159356641072 0.15986587939029934 0.09272748982323478
119 0.3948877147794093 0.5892750254419132 0.15986587939029934 0.09272748982323478
35 0.3907183652469475 0.5004581869073025 0.15986587939029934 0.09272748982323478
72 0.3779916271508042 0.40584172772590543 0.1739920119038567 0.10440197421940241
99 0.36847624746591723 0.29621774423424885 0.17872041851971493 0.11167888568479167
259 0.750501389643836 0.6799797540723299 0.21934996369925486 0.11458920171816515
264 0.5192377541052167 0.694442803031533 0.14106133723582168 0.08236984396167771
275 0.291103663746137 0.7079608276804769 0.14106133723582168 0.08236984396167771
272 0.41474972112412106 0.7998882988476617 0.14106133723582168 0.08236984396167771
272 0.6272360855855016 0.7910953957500153 0.14106133723582168 0.08236984396167771