273 0.49453125 0.1890625 0.18984375 0.0625
265 0.43515625 0.3765625 0.09609375 0.05625
343 0.57109375 0.3734375 0.09609375 0.053125
266 0.440625 0.44921875 0.09375 0.04921875
260 0.571875 0.44453125 0.09375 0.05390625
275 0.44375 0.5296875 0.0875 0.046875
259 0.57578125 0.52734375 0.09765625 0.05078125
10 0.44609375 0.5890625 0.0875 0.04609375
113 0.584375 0.63515625 0.07734375 0.04609375
111 0.45 0.64140625 0.08359375 0.04453125
110 0.5875 0.684375 0.075 0.04453125
99 0.45078125 0.69140625 0.08125 0.04609375
85 0.58984375 0.73359375 0.0875 0.0484375
72 0.45703125 0.740625 0.08515625 0.04375
53 0.59140625 0.7796875 0.08359375 0.046875
35 0.45625 0.78671875 0.07890625 0.04921875
9 0.590625 0.825 0.08984375 0.04609375
8 0.46171875 0.834375 0.08515625 0.046875