273 0.49013077146715267 0.20057284260864625 0.19129845364722228 0.06691866232843768
265 0.42639166052548577 0.3866908741437851 0.0974029832825 0.05848660685760425
343 0.5624018957078469 0.38672985457649356 0.09733024810013902 0.05536160685760425
266 0.4301693175355899 0.459474410712917 0.09489557912218753 0.051400805470833436
260 0.5615284203091315 0.4578417883720838 0.09500468189572935 0.05608830547083343
275 0.43142138658979123 0.5400158958952781 0.08859102773541672 0.048911585106111134
259 0.5635071879765621 0.5407452073500352 0.09883819671336802 0.053054224448784736
10 0.43238316812493005 0.599445447282049 0.08857284393982638 0.04813033510611113
113 0.5695915741851036 0.6487577291015283 0.07841659393982639 0.04789394576343753
111 0.4350711038203814 0.6518801162600003 0.08463022634864589 0.04647691612815983
110 0.5715709950629161 0.6980492142838893 0.0760364763486459 0.04627689437666671
99 0.4346885909026036 0.7018983000555906 0.08232284393982639 0.047984864741388834
85 0.5727691659407286 0.7473225156706602 0.08862739532659739 0.050474085106111136
72 0.4397930117804161 0.7512625204203129 0.08617454255305557 0.045732033719340315
53 0.5732588220009022 0.7934526332618408 0.08468477773541672 0.04882066612815983
35 0.4379389178405896 0.7973380866247226 0.08005182912218753 0.051055313354618194
9 0.571422911856666 0.8387469494662504 0.09091659393982639 0.04818488649288213
8 0.44229845630958264 0.8451216231938545 0.08624727773541671 0.04885703371934014