259 0.2585542975718598 0.061319479033425786 0.09654604255729486 0.09936757213985134
289 0.47744068989172794 0.07364589735974561 0.1047078835443795 0.08482392250267105
57 0.28894780588513 0.30120043456838863 0.12202341567683303 0.1166468413771451
60 0.489797252045064 0.3105556203179036 0.11577341567683312 0.11642858656782167
56 0.4969003613745486 0.44738349772256536 0.10063414898378564 0.10575398139567849
55 0.30007082548117137 0.4420709712288774 0.11157164898378565 0.1061359273119944
54 0.5028357757977405 0.5709028432760616 0.09654604255729496 0.0993675721398514
47 0.3123699001709198 0.5697148215916972 0.11168530925034226 0.1100421773119944
46 0.5076262273679508 0.6818949069783924 0.0964096502374268 0.09468007213985138
44 0.3258222979010642 0.6833507356568477 0.1026596502374268 0.09489832694917481
43 0.5106495904583591 0.7858011569783925 0.0922760797043134 0.08673116288402412
42 0.3360814994712745 0.7945337723173365 0.10879598997087019 0.09121033175849824
39 0.5166842932822107 0.8859102843830542 0.08993232970431357 0.08664931733052797
38 0.3475167561351921 0.8924901226801563 0.10020223997087019 0.09091023139567866
37 0.5208837114663262 0.9681746333216864 0.09209422327782271 0.06365073335662715
53 0.35550876405275095 0.9738969684865252 0.08925036810497318 0.052206063026949676