259 0.2558129356954514 0.07332502713088106 0.09598660685760425 0.10374649545807213
289 0.4744538329219097 0.09586893319971601 0.10423486474138902 0.08960424712506207
57 0.27368619424482615 0.3143007134953991 0.12136846656500007 0.12219347758022465
60 0.47441289285805527 0.33303409335143686 0.11511846656499998 0.12168329454968649
56 0.4743557286297566 0.47000793486670595 0.10003832722232638 0.1103153598521585
55 0.27744436103857606 0.4554996694047545 0.11097582722232646 0.11120818015560019
54 0.4738264389264926 0.5936367535031577 0.09598660685760425 0.10374649545807202
47 0.28307415235736066 0.5835449210717444 0.11106674620027786 0.11511443015560019
46 0.47280683995267303 0.7047017992607923 0.09587750408406262 0.09905899545807202
44 0.29059375199677023 0.6976552184963689 0.10212750408406261 0.09956917848861017
43 0.47038839513916597 0.8086080492607923 0.09178941612815983 0.09092763106398571
42 0.2950429030229508 0.8091666744057244 0.10828658510611114 0.09617311151914834
39 0.47118586930361045 0.9088631407760612 0.08944566612815982 0.09073631242753422
38 0.3013636785741659 0.9075244260727142 0.09969283510611122 0.09547160985215833
37 0.4706390490151381 0.9786384355008515 0.09164394576343753 0.042723128998297
53 0.30481402726364504 0.9805200900053339 0.08890015226045148 0.03895981998933209