273 0.5352654105217715 0.2553458594048149 0.33771579872620644 0.18901069271163431
9 0.4431052254900467 0.5010481633911337 0.07692957694917482 0.10085452267663583
35 0.5360194117877158 0.5005674527370877 0.07528523139567848 0.09849259134309048
53 0.6266171299365505 0.5008407200827235 0.07536707694917481 0.10083634134309047
72 0.4457168487183572 0.6205612320575883 0.07358632213985139 0.09456816000954511
85 0.5362327213136955 0.618490749403224 0.07037947658635506 0.09218804734245403
99 0.6244048439090338 0.6163929947485417 0.06876241288402411 0.09060736600890866
110 0.44730168528617875 0.7330339600572702 0.07188741288402412 0.09064372867599957
111 0.5345834304768553 0.7278021147358149 0.06859872177703182 0.08591986600890884
113 0.6211657712210282 0.7249049287475872 0.07032491288402429 0.0906255473424542
276 0.44718761259817336 0.8415822567234065 0.07032491288402412 0.09062554734245402
8 0.535196044086519 0.8347970020687242 0.06868056733052796 0.08826361600890849
119 0.6178721348306919 0.8318543627466328 0.06555556733052796 0.08822725334181776