259 0.3900307979091029 0.200365372439172 0.08539101334587285 0.07004117515463033
340 0.5132772969205197 0.21512898729230026 0.08070351334587293 0.0696585378817268
275 0.386769193650759 0.29964789531798924 0.08295176285158128 0.06750610651817857
264 0.5085486931564674 0.311940214413483 0.080576179353484 0.0665335378817268
53 0.3835712563886096 0.3973679181968065 0.0821068458553869 0.06587983363936126
72 0.5038519228905124 0.40797019153466574 0.07891817885919253 0.06406224212409235
9 0.3813137366169461 0.4912454639544411 0.08201134536109525 0.06353608363936125
35 0.49928248661694613 0.5008751686558485 0.07804142836490087 0.06165471924527495
120 0.37749371684528266 0.584995463954441 0.08044884536109524 0.0634085378817268
152 0.4948085508376714 0.5914363957770312 0.07804142836490087 0.06165471924527495
122 0.3737691975679107 0.676401713954441 0.07969942885919253 0.0641260150029094
121 0.4911476985564939 0.6812801457770312 0.07726017836490087 0.06159094636645772
272 0.3701720122829276 0.764682963954441 0.059242348821136395 0.07802914727484307
272 0.48180057897511086 0.8529638271405794 0.05755251482874755 0.07477660151720862