259 0.396875 0.16796875 0.0828125 0.06328125
340 0.5203125 0.17265625 0.078125 0.06328125
275 0.39765625 0.2671875 0.08046875 0.0609375
264 0.51953125 0.26953125 0.078125 0.06015625
53 0.3984375 0.36484375 0.0796875 0.059375
72 0.51875 0.365625 0.0765625 0.0578125
9 0.4 0.45859375 0.0796875 0.05703125
35 0.51796875 0.45859375 0.07578125 0.05546875
120 0.4 0.55234375 0.078125 0.05703125
152 0.5171875 0.54921875 0.07578125 0.05546875
122 0.4 0.64375 0.07734375 0.0578125
121 0.5171875 0.6390625 0.075 0.05546875
272 0.4 0.73203125 0.05625 0.0734375
272 0.51484375 0.8109375 0.0546875 0.0703125