273 0.4552288972460844 0.25378077851567216 0.09417270169720222 0.07811656570031093
265 0.4918345386384363 0.37071764953412467 0.04633009933607006 0.04330965521931951
343 0.4215402193565955 0.36974741275889145 0.048687484874689525 0.0457899131118273
266 0.4914078126425414 0.43160964690328874 0.0463255541565303 0.04252840521931951
259 0.42347087889932 0.43311966802056334 0.051035780054229284 0.04670767100433508
16 0.4277316529034252 0.49428468117474295 0.045539758976990544 0.04170165258848364
11 0.4952009540348932 0.5466354074266324 0.04164714451560982 0.04381788943430394
10 0.4311975413689108 0.5530604416980867 0.043218734874689343 0.04547139469597585
113 0.4955282069617596 0.6028854074266324 0.040870439695149585 0.044553636803468064
111 0.4323151346548567 0.6109184443289226 0.042437484874689346 0.045425892065139986
110 0.4981901195295461 0.6577094153191403 0.0385130541565303 0.04207337891096028
99 0.43654863758172285 0.6673959574831022 0.044785780054229285 0.04634364995764777
85 0.5015969206610142 0.706328925842484 0.03694600897699054 0.041201123649288365
72 0.4376389597904298 0.7205664601139381 0.043214189695149584 0.044690144695975854
53 0.5011156525106417 0.757845923211648 0.040870439695149585 0.044553636803468064
35 0.4402872368195971 0.7730467180064459 0.04165623487468952 0.04538038943430393
9 0.5037502940011894 0.8079824311041557 0.04010282523376922 0.0468518841726322
8 0.4421497186692244 0.8247002232681175 0.043218734874689343 0.04547139469597568
275 0.5063803903121974 0.8573376889966635 0.039321575233769224 0.046806381541796324
264 0.44399401980069264 0.8732287285297897 0.044794870413308985 0.047906149957647415
272 0.5067485498549219 0.9206189389966635 0.035406234874689524 0.04501636838761662
272 0.5085655799091512 0.9644599442583355 0.035406234874689524 0.04501636838761662
272 0.44827751970249674 0.9382999916839692 0.039307939695149584 0.044462631541796326
272 0.4508939804748852 0.9813334037450805 0.04009373487468935 0.03733319250983911