273 0.45390625 0.22734375 0.09375 0.07265625
265 0.48984375 0.3421875 0.04609375 0.040625
343 0.41953125 0.3453125 0.0484375 0.04296875
266 0.4890625 0.403125 0.04609375 0.03984375
259 0.42109375 0.40859375 0.05078125 0.04375
16 0.425 0.46953125 0.0453125 0.0390625
11 0.4921875 0.51796875 0.04140625 0.04140625
10 0.428125 0.528125 0.04296875 0.04296875
113 0.4921875 0.57421875 0.040625 0.0421875
111 0.42890625 0.5859375 0.0421875 0.04296875
110 0.49453125 0.62890625 0.03828125 0.03984375
99 0.4328125 0.6421875 0.04453125 0.04375
85 0.49765625 0.67734375 0.03671875 0.0390625
72 0.43359375 0.6953125 0.04296875 0.0421875
53 0.496875 0.72890625 0.040625 0.0421875
35 0.4359375 0.74765625 0.04140625 0.04296875
9 0.49921875 0.77890625 0.03984375 0.04453125
8 0.4375 0.79921875 0.04296875 0.04296875
275 0.5015625 0.828125 0.0390625 0.04453125
264 0.4390625 0.84765625 0.04453125 0.0453125
272 0.5015625 0.89140625 0.03515625 0.04296875
272 0.503125 0.93515625 0.03515625 0.04296875
272 0.44296875 0.9125 0.0390625 0.0421875
272 0.4453125 0.959375 0.03984375 0.04296875