265 0.4630565621376698 0.4399862132082754 0.04596607530441155 0.036968734874689525
343 0.665910495168208 0.44741341470908597 0.041214802425594145 0.03616021379745078
290 0.520358621231224 0.5105986950579029 0.047656121062045996 0.038540325233769226
266 0.6305148712312241 0.511239565373016 0.04368609818322895 0.03773634933607006
111 0.5267996819917681 0.5895049450579029 0.06618285151720862 0.05504656918364485
113 0.6383271133553162 0.5878111557320955 0.059677760001939716 0.05188520774732641
99 0.5326987377513422 0.6426390354169824 0.0653378286383914 0.054260774004105096
110 0.6430622818419869 0.6362532009116353 0.062021510001939714 0.05189884328594587
85 0.6476061316922056 0.6823514960911752 0.062021510001939714 0.05189884328594587
72 0.53671642911683 0.6918577854169825 0.0653378286383914 0.054260774004105096
53 0.6507788001788762 0.7307844509116352 0.062021510001939714 0.05189884328594587
35 0.540734120482318 0.7410765354169825 0.06436526000193972 0.05191247882456533
9 0.6529151271502778 0.7760878605525556 0.05889651000193972 0.051880662567786826
8 0.5460592203325367 0.7871793757760621 0.06690032863839157 0.054269864363184796
136 0.553345303971898 0.8668714209556019 0.04740102954677709 0.03541532523376887
142 0.6604722777591009 0.8495344509116354 0.04024223378914264 0.03381191861791066
272 0.6186670282181428 0.9687657190620079 0.02841191348570078 0.022810786104353296