72 0.30008926464036484 0.19199101551809397 0.1848118993475448 0.10575561719185508
272 0.6633886959739103 0.18831500703208287 0.14072554467695397 0.0765948371376258
272 0.8649019112428679 0.6613292844540335 0.16363633334659014 0.09860164734428026
53 0.6484438539545021 0.33136102508425963 0.18481189934754488 0.10575561719185504
35 0.2859711259548202 0.3311262383907309 0.19266076201463572 0.10892606898725318
9 0.6342529899347757 0.4767462479568965 0.1926607620146356 0.10892606898725318
152 0.2655666246021848 0.4734228226996864 0.18869087734722667 0.10343459308955402
119 0.25130303524827663 0.6250580455723233 0.20130905601527208 0.1136635659621911
260 0.6215791725811858 0.6260286304704538 0.18883632801559003 0.11593459308955403
266 0.22061446721836891 0.8455341720357564 0.19898348734881743 0.11521243042357163
266 0.6087957198838689 0.8518689678044714 0.192815303349772 0.12220731898725319