273 0.63046875 0.06171875 0.2890625 0.1234375
263 0.59765625 0.3859375 0.0328125 0.02734375
22 0.59296875 0.4484375 0.04609375 0.03125
20 0.59453125 0.4828125 0.04375 0.03125
16 0.59453125 0.51640625 0.04375 0.03046875
11 0.59453125 0.54921875 0.04375 0.03046875
10 0.59296875 0.58359375 0.0421875 0.03046875
9 0.66328125 0.58515625 0.03984375 0.03046875
120 0.66171875 0.61640625 0.04375 0.03046875
121 0.66015625 0.64921875 0.04375 0.03046875
122 0.6625 0.68203125 0.04609375 0.0328125
123 0.6609375 0.71484375 0.04609375 0.03046875
124 0.66171875 0.74765625 0.04375 0.03046875
125 0.6609375 0.78125 0.0421875 0.03125
126 0.66015625 0.81328125 0.04375 0.02890625
264 0.59140625 0.87265625 0.04609375 0.03046875
275 0.66015625 0.87265625 0.04375 0.03046875
266 0.59296875 0.7484375 0.0421875 0.03125
266 0.59296875 0.7140625 0.04609375 0.03125
266 0.59296875 0.68125 0.0421875 0.03125
266 0.5921875 0.64921875 0.04375 0.03046875
266 0.59296875 0.61640625 0.0421875 0.03046875
266 0.66328125 0.55078125 0.04375 0.03046875
266 0.66328125 0.5171875 0.04375 0.03125
266 0.66328125 0.48203125 0.04375 0.0328125