273 0.6351455172214394 0.113183463205535 0.2984160344428789 0.14703346516238908
263 0.6269008450302669 0.43472375229520976 0.034884485477852854 0.030022210910325243
22 0.6269493118367879 0.4968411150223061 0.04846173340326043 0.03501259985021878
20 0.6311165935803744 0.5313436607799407 0.04611798340326061 0.03482128121376711
16 0.6336621757388794 0.5649374107799406 0.04605878381817892 0.03404003121376711
11 0.6361485583123029 0.5977499107799407 0.04605878381817909 0.03404003121376711
10 0.6371908400558894 0.6319973650223062 0.04449628381817909 0.033912485456132305
9 0.7076217392260524 0.6392994241158603 0.04215253381817909 0.033721166819680626
120 0.7084272226293129 0.6704218783582258 0.04605878381817892 0.03404003121376711
121 0.7093511052027365 0.7031068326005911 0.04605878381817909 0.03404003121376711
122 0.7141812377761599 0.736110651237043 0.04858013257342346 0.036575099850218784
123 0.7151051203495834 0.7687956054794085 0.04840253381817909 0.034231349850218785
124 0.718372752923007 0.8016718783582256 0.04605878381817892 0.03404003121376675
125 0.7201370850815121 0.8352018554794085 0.04455548340326061 0.034693735456132656
126 0.721783018069854 0.8671693326005911 0.045940384648015885 0.03247753121376675
264 0.6575321865360488 0.9209323192646718 0.04840253381817892 0.034231349850218605
275 0.7262821865360489 0.9265443326005911 0.04605878381817892 0.03404003121376675
266 0.6496819525080885 0.7968411150223063 0.04455548340326043 0.0346937354561323
266 0.6470771707645019 0.7624661150223061 0.04846173340326061 0.03501259985021878
266 0.6445907881910784 0.7296536150223062 0.04455548340326043 0.0346937354561323
266 0.6413823552027365 0.6975585921434889 0.04605878381817909 0.03404003121376693
266 0.6396772226293129 0.6648098650223062 0.04449628381817892 0.033912485456132305
266 0.705016957482466 0.6049244241158602 0.04605878381817892 0.03404003121376711
266 0.702471375323961 0.5713306741158602 0.04611798340326061 0.03482128121376711
266 0.6998073939952929 0.5361744241158602 0.04623638257342364 0.036383781213767105