273 0.6268740421639619 0.09476021709485487 0.2962519156720761 0.1385866236990041
263 0.5751779503670533 0.41725933683713007 0.03440509207925739 0.029063380257724702
22 0.5668502399001794 0.4795136753717408 0.04791385523343692 0.03366567107632754
20 0.5664106241433986 0.5139705625268706 0.04557010523343692 0.033542840343633175
16 0.5644540110174538 0.5475643125268705 0.04552460260260105 0.03276159034363317
11 0.562542900522345 0.5803768125268706 0.04552460260260105 0.03276159034363317
10 0.5589782847655644 0.6146699253717408 0.04396210260260105 0.03267970318850324
9 0.6291997795038926 0.6199173473525796 0.04161835260260105 0.0325568724558087
120 0.6258171742704556 0.6510854601974498 0.04552460260260105 0.03276159034363317
121 0.6223435637753467 0.6838160730423202 0.04552460260260105 0.03276159034363317
122 0.6227762032802379 0.7167514037750149 0.04800486049510884 0.035228171076327544
123 0.619302592785129 0.7494820166198851 0.04786835260260105 0.03288442107632754
124 0.6181727322900202 0.7823354601974499 0.04552460260260105 0.03276159034363317
125 0.6154348691640754 0.8158882666198851 0.04400760523343692 0.03346095318850324
126 0.6127880112998026 0.8478785730423202 0.04543359734092931 0.031199090343633173
264 0.5405798113562723 0.9036505382166112 0.04786835260260105 0.0328844210763279
275 0.6093298113562723 0.9072535730423201 0.04552460260260105 0.03276159034363317
266 0.5493772296591842 0.7795136753717408 0.04400760523343692 0.03346095318850324
266 0.551379345415965 0.7451386753717408 0.04791385523343692 0.03366567107632754
266 0.5532904559110738 0.7123261753717408 0.04400760523343692 0.03346095318850324
266 0.5543748137753467 0.680253981794176 0.04552460260260105 0.03276159034363317
266 0.5570671742704556 0.6474824253717408 0.04396210260260105 0.03267970318850324
266 0.6312018952606733 0.5855423473525796 0.04552460260260105 0.03276159034363317
266 0.633158508386618 0.5519485973525796 0.04557010523343692 0.033542840343633175
266 0.6352061267742346 0.5167923473525796 0.045661110495108834 0.035105340343633176