272 0.43303512351524953 0.20369753759186268 0.0381054052519918 0.050653575304411544
342 0.47749817735531563 0.20498884168444692 0.036611101411925875 0.052869779546777095
342 0.5211799811953816 0.2062163728982139 0.03741508346523723 0.05371480242559432
260 0.5641259991420702 0.20894263123316364 0.03736961935861451 0.05215230242559432
272 0.5043993096460537 0.29915330092778225 0.03573892319868044 0.049681006667959784
11 0.46680603292387646 0.3732446341081016 0.0654491552519918 0.052885626063015945
16 0.5503088547106311 0.37694333214154924 0.06866508346523723 0.056265717578285024
10 0.5527040804957363 0.4324758550203665 0.06618494114536908 0.05138689894183326
113 0.4706955625490476 0.4265609527445534 0.06542642319868044 0.05210437606301603
111 0.554227128067596 0.4848196050203665 0.06535822703874636 0.04976062606301603
110 0.4737811101209074 0.47903224850218784 0.06538095909205772 0.050541876063016036
99 0.5572672115328332 0.535728400778001 0.06531276293212365 0.04819812606301603
85 0.47762517563945595 0.5307860671386397 0.06375026293212364 0.0480705803053814
72 0.559503312944759 0.5857921736568182 0.06372753087881229 0.047289330305381405
53 0.4814010449980703 0.5801961357750915 0.06296901293212365 0.04800680742656418
35 0.5608672361434394 0.6326671736568183 0.0629462808788123 0.04722555742656418
190 0.48432746819675077 0.627198681532726 0.06136104882550093 0.04631676166892973
168 0.5630351413954312 0.6803871965356356 0.06055706677218957 0.04547173879011233
283 0.4872538913954312 0.6742012272903606 0.06131558471887821 0.04475426166892973
259 0.49219745566033846 0.7369563188056297 0.06060253087881229 0.04703423879011233
275 0.4950329506457735 0.7808338645632642 0.05897183471887839 0.044562943032477875
264 0.5684249865391509 0.7852660151720874 0.058994566772189574 0.0453441930324777
260 0.5112860879510767 0.8304830492607923 0.03236387061225567 0.040832165152690794
326 0.46358437384445395 0.8250304036529389 0.05407974623907634 0.03714905575957417