272 0.428125 0.16875 0.03671875 0.04765625
342 0.47265625 0.16640625 0.03515625 0.05
342 0.51640625 0.1640625 0.0359375 0.05078125
260 0.559375 0.16328125 0.0359375 0.04921875
272 0.496875 0.25859375 0.034375 0.046875
11 0.45703125 0.3359375 0.0640625 0.04765625
16 0.540625 0.3328125 0.0671875 0.05078125
10 0.54140625 0.38828125 0.06484375 0.04609375
113 0.459375 0.3890625 0.0640625 0.046875
111 0.54140625 0.440625 0.0640625 0.04453125
110 0.4609375 0.44140625 0.0640625 0.0453125
99 0.54296875 0.49140625 0.0640625 0.04296875
85 0.46328125 0.49296875 0.0625 0.04296875
72 0.54375 0.54140625 0.0625 0.0421875
53 0.465625 0.5421875 0.06171875 0.04296875
35 0.54375 0.58828125 0.06171875 0.0421875
190 0.4671875 0.5890625 0.06015625 0.04140625
168 0.54453125 0.6359375 0.059375 0.040625
283 0.46875 0.6359375 0.06015625 0.03984375
259 0.471875 0.6984375 0.059375 0.0421875
275 0.4734375 0.7421875 0.0578125 0.03984375
264 0.546875 0.740625 0.0578125 0.040625
260 0.48828125 0.790625 0.03125 0.03828125
326 0.440625 0.7890625 0.053125 0.0328125