131 0.569165770905513 0.1383886177757688 0.056241565700310935 0.09522758346523715
273 0.7154947393354819 0.1247399917532368 0.13583806043863902 0.09598375290299384
275 0.6830448023343698 0.2931550226320492 0.0692042972844595 0.09014527837152997
264 0.7523485391801902 0.28722561988733986 0.05565003149944392 0.08507133346523714
263 0.39585561547443204 0.32029315030393385 0.053996526237772 0.08346336935861451
120 0.41102413111827324 0.4732362938774431 0.050644013083592475 0.07946619114536908
9 0.48014585744074995 0.4641818911327338 0.05041649992941295 0.07555994114536908
35 0.5502308442865702 0.45822975633471313 0.05041649992941277 0.07555994114536908
53 0.6170998258707188 0.4508060497499379 0.050553007821920556 0.07790369114536908
72 0.6839233048240314 0.4426010931651626 0.050553007821920556 0.07790369114536908
85 0.7515735364081799 0.435154654527076 0.04977175782192056 0.07788095909205772
266 0.4179217893213646 0.14826738611816886 0.13579255780780314 0.09520250290299384