38 0.25546875 0.12421875 0.11171875 0.103125
42 0.50859375 0.11171875 0.103125 0.10390625
37 0.73125 0.21640625 0.10546875 0.09609375
36 0.50625 0.228125 0.10703125 0.1015625
28 0.26171875 0.24140625 0.109375 0.09765625
26 0.72109375 0.321875 0.09375 0.08828125
25 0.4984375 0.3390625 0.10390625 0.0875
24 0.26484375 0.353125 0.1078125 0.0953125
23 0.7109375 0.41796875 0.09375 0.0859375
16 0.496875 0.4359375 0.0921875 0.08359375
11 0.27578125 0.45625 0.1015625 0.08203125
10 0.7 0.509375 0.08984375 0.0796875
113 0.496875 0.52890625 0.0921875 0.07578125
111 0.28125 0.5484375 0.1015625 0.08203125
110 0.6890625 0.59453125 0.084375 0.071875
99 0.49375 0.61484375 0.0921875 0.07578125
85 0.28671875 0.63671875 0.09609375 0.078125
53 0.6828125 0.67578125 0.08203125 0.07578125
35 0.49140625 0.6953125 0.08203125 0.06484375
9 0.28828125 0.7171875 0.09765625 0.07578125
275 0.30546875 0.959375 0.0796875 0.0703125
264 0.65390625 0.9078125 0.07578125 0.06875