273 0.48820556830144585 0.29109778539161935 0.26089783925979315 0.45531965292199034
9 0.42153796630430396 0.5588034037704621 0.08696404048095996 0.17765539976444433
35 0.4866220169247226 0.5385585457592119 0.08505733305560703 0.18370034820930545
53 0.5531593069014795 0.5200128887847211 0.07923902179152656 0.15601484561740725
72 0.42035288869657866 0.699399009472638 0.0810746734006809 0.16005779665416658
85 0.48336634092615166 0.6750428499062491 0.07951217340068091 0.15992109561740725
99 0.5461612718684011 0.65381169033986 0.07455152179152655 0.1556047425071295
260 0.41875254784730165 0.8234516641380548 0.0786216627570191 0.1582902450990275
111 0.4811486410423672 0.796683404053286 0.07551308825138711 0.14714769354388882
113 0.5417090826282784 0.7736846929317581 0.06942697921687965 0.14894463939685174
0 0.4176985102163332 0.9309618114045481 0.07377027179152655 0.1380763771909038
8 0.4754071034113988 0.9125134556084248 0.0730600776077253 0.14538014198874977
131 0.5374043588592805 0.8802080950052767 0.07089664406758586 0.13664969095199062