273 0.48531652029374345 0.26747127326888565 0.26599024350121814 0.44454713193867273
9 0.4154673084653343 0.5374044298849567 0.08896626046098159 0.17414976581733085
35 0.48085306346630413 0.5142016932308295 0.08713269349151993 0.1803042653230392
53 0.5476737727096394 0.4926251235728968 0.08099439273291545 0.15280134783255334
72 0.4126457131570433 0.6775983483640259 0.08287575712700175 0.15677126482874754
85 0.47600658255209954 0.6503938612156072 0.08131325712700174 0.15670759783255317
99 0.5391123604318866 0.6263143740671884 0.07630689273291544 0.15261034684397004
260 0.40960084830391513 0.8013223498469007 0.0804044613693673 0.15511326433445588
111 0.47237178633542304 0.7717422792003846 0.07716789106592543 0.1440802638401646
113 0.5332613599728446 0.7460047915576744 0.07110920970237729 0.1461693458553869
0 0.40719371223895945 0.9172338513297753 0.07552564273291544 0.15257851334587258
8 0.4652771502704674 0.8874627796946764 0.07469659530829098 0.14242226334587293
131 0.5277132484536963 0.8523821255500632 0.07243259364130097 0.1337648463496784