273 0.50546875 0.246875 0.23046875 0.43515625
9 0.4578125 0.51875 0.075 0.17109375
35 0.52109375 0.49296875 0.07265625 0.17734375
53 0.5859375 0.46875 0.06875 0.15
72 0.46640625 0.65859375 0.0703125 0.15390625
85 0.52734375 0.62890625 0.06875 0.15390625
99 0.58828125 0.60234375 0.0640625 0.15
260 0.4734375 0.78203125 0.06796875 0.15234375
111 0.53359375 0.75 0.065625 0.14140625
113 0.5921875 0.721875 0.059375 0.14375
0 0.48046875 0.89765625 0.06328125 0.15
8 0.5359375 0.865625 0.06328125 0.13984375
131 0.5953125 0.828125 0.06171875 0.13125