42 0.14340553206366227 0.27790148885213517 0.1634114837646503 0.24239458565349697
43 0.811510649758414 0.22338006368674343 0.2818166103878557 0.27564376424995796
38 0.22670540706530992 0.512407892807078 0.3096143279204517 0.25886045583586925
39 0.516794618915863 0.47807754340782616 0.28767114407307587 0.25342455682460496
41 0.8003747321463879 0.4590279865832213 0.26859386160567167 0.2333634291006641
28 0.23053597037856027 0.7399865895887693 0.28528648376465027 0.2509169158591124
36 0.5066581396154395 0.7011708359824731 0.2807080779204517 0.2568391339281272
37 0.773173483771241 0.6762918962381473 0.2669904512972462 0.23091041845700247
24 0.23619781494139874 0.9073544060486298 0.25880007589185683 0.1640124955605245
25 0.5027677061751008 0.8793504663043039 0.2653773583592608 0.18319953813517137
26 0.7552341871003774 0.8546736223529339 0.261716570209814 0.19698888652601704