42 0.17196969228357176 0.28655402331318275 0.17825177212991122 0.23310449602163538
43 0.8393007134953991 0.2709690032225051 0.2982612542520638 0.2594771867043164
38 0.2791117389592902 0.5261608686346377 0.32485570516044937 0.2410544507081344
39 0.5678075771405794 0.5087257312619579 0.302661840766363 0.2368936620384982
41 0.8514651000193967 0.5062070692234595 0.2823812916747485 0.2179254860359528
28 0.3055459195739324 0.7541949619669106 0.30012677212991123 0.23452264003818007
36 0.5797328476035007 0.7314547065961395 0.2959494551604493 0.24071809603754382
37 0.8456289145729625 0.7221047892266412 0.28062747303829666 0.2155635547024076
24 0.3278508385196449 0.9220637146324107 0.2681755283388291 0.14907548870145285
25 0.5934918139738377 0.9095887972629123 0.2759560774304434 0.16789821403563465
26 0.8452616080644824 0.899621261895323 0.27319773924915436 0.18191526070177097