259 0.4205765078714844 0.3350069272963641 0.026432507414373772 0.03646644448207601
343 0.5512097425484452 0.40066182553277035 0.0315829224334017 0.028940549525030158
265 0.44486424205415354 0.4085739020815934 0.0354573389353046 0.028364017412854638
142 0.4445803991645162 0.4538045149264637 0.05014192144481875 0.025235695386587053
266 0.5540190661607106 0.44650991406738105 0.05254933844101313 0.026921026119281776
72 0.49853838730151806 0.5071065773417927 0.05020558844101295 0.026798195386587054
53 0.49807813087572744 0.5375343837642278 0.053298754942915846 0.026180719696846565
35 0.49608720794803407 0.5672628273417926 0.05164075444862419 0.023755082541716988
9 0.4964400350203405 0.5968684401866629 0.05170442144481875 0.02531758254171699
152 0.49441727859455 0.6273781337642277 0.052644838935304604 0.029264776119281778
272 0.5758835014085127 0.7517396466545265 0.02208058844101295 0.02532422659425162