259 0.4580859168696946 0.32229100649878195 0.027252914867109724 0.03719698212215263
343 0.5963356909283879 0.3840420942210291 0.03222101711886314 0.029830892273873387
265 0.490235885252862 0.3950589557401775 0.03607720234403846 0.02936850666795987
142 0.4947021421926923 0.440243909982543 0.050670628469915255 0.026673941365487862
266 0.6039770126430429 0.42975320694812547 0.05311450801956443 0.028427760001939716
72 0.5545568059800678 0.49190226270769977 0.05077075801956443 0.028236441365487863
53 0.5572905821982296 0.5223072398288824 0.053845693244739756 0.027710282880756942
35 0.5584117936415668 0.5520585127076997 0.052132998920265905 0.025238987123122315
9 0.5618767550849038 0.5816184669500652 0.052233128469915256 0.026801487123122313
152 0.5630480313030655 0.6121509898288824 0.05326470234403846 0.030771510001939718
272 0.6580274691491346 0.7339784502801658 0.022645758019564432 0.02594061772806633