99 0.3674007764088698 0.0999459975012003 0.16317710099579186 0.14326751577154692
85 0.5138615702409348 0.23455502799538697 0.15522819173996466 0.13876926992073182
72 0.36329857505025825 0.23973054791611878 0.14897819173996468 0.1382956732400797
53 0.5039185966498045 0.3630944250909575 0.14719743693064125 0.13192727406991675
35 0.3637028244172861 0.3620316004056297 0.14711559137714508 0.12958352406991666
9 0.49602919637965215 0.4774529230163651 0.13908483656782167 0.1227415282191016
152 0.36122761044480267 0.4775382012354667 0.14064733656782166 0.12285992738926463
264 0.48710308576521344 0.6214989209417727 0.1340972362050019 0.1137925807086125
275 0.2363317594490108 0.6179049373380195 0.12566717731199448 0.11782888527271584
259 0.36011399983036396 0.6209922033100591 0.13226191769334772 0.10586168153844948
261 0.48522807251836947 0.7198180217716097 0.13069941769334753 0.10574328236828645