99 0.3748571424768057 0.13461610227018092 0.1616486276591668 0.13401826420345947
85 0.5298200122521878 0.28335538554836387 0.15374520868121538 0.12997564650870785
72 0.37889329188746546 0.2744734890396561 0.1474952086812154 0.1298665523529065
53 0.5273334047289934 0.4113849281620377 0.1457872383164931 0.12358927881395605
35 0.3864356477951392 0.3972115596565071 0.14573268692972227 0.12124552881395614
9 0.526081988885174 0.5253792443146619 0.13777471656500015 0.11485916111920443
152 0.39068934954250045 0.5128638331954575 0.13933721656500014 0.1148864346581547
264 0.5255215572737852 0.669061060467286 0.13288719481350703 0.10618359050235338
275 0.2734317272016672 0.6420137706962812 0.12440254758704868 0.11072108603812651
259 0.39794141793111165 0.6566820170428332 0.13114285685760424 0.09834381696340308
261 0.5293752155181604 0.7675258340062363 0.12958035685760408 0.09831654342445262