22 0.3886620080672798 0.6055407102067194 0.038991879445670105 0.034434359191583754
259 0.5327929977281977 0.6233964435492816 0.039918678659881836 0.03760942396640843
20 0.5292826999617279 0.681940128774457 0.039918678659881836 0.03760942396640843
16 0.4560999110865985 0.6717652899409389 0.03668451674922295 0.03506541486710972
11 0.386042122211469 0.6617907102067194 0.037538541356328815 0.0366779796419344
10 0.5273349021952584 0.7405839435492816 0.04151756596343468 0.038490803516057784
113 0.45422488792723464 0.7288466047157636 0.03917381596343468 0.038340609191583754
111 0.3842034863556581 0.7180907749815442 0.03515840405277597 0.03574653531746037
110 0.5246786290358945 0.7976151935492816 0.03913742865988183 0.03755935919158375
99 0.45160500207142384 0.7850966047157636 0.03910104135632882 0.03677810919158375
85 0.3808387378034001 0.7735094602067194 0.041408404052775974 0.03614705351605778
72 0.5212411058765307 0.8545963787744568 0.03984590405277579 0.03604692396640843
53 0.44976636621561294 0.8413966694905882 0.03828340405277597 0.035946794416759076
35 0.3806717638582481 0.8275659045311935 0.03742937944567011 0.0343342296419344
9 0.5193660827171669 0.9116776935492815 0.041626727874093564 0.04083455351605778
252 0.44636523035980213 0.8975966047157635 0.039918678659881836 0.03760942396640843
177 0.3772706280024372 0.8837658397563688 0.03757492865988184 0.0374592296419344
264 0.5160377214684619 0.9663151287744569 0.040736315963434674 0.038440738741233105
275 0.3756503159679439 0.9353784045311935 0.037502154052775974 0.0358967296419344