9 0.3750125937769252 0.28174999608284834 0.11979084611461621 0.1837449417107738
35 0.49631542203575635 0.2507466882879137 0.09936926180566079 0.1641672707602467
53 0.6003852984991894 0.22685554353484072 0.08842267144658109 0.1621591017868859
72 0.37939504586691086 0.46869158056952875 0.11506698467829768 0.1773039407221905
85 0.4929535518188392 0.4256511877936221 0.0979067557555366 0.18129110376405216
99 0.5931353590004316 0.39847587555006314 0.08225448467829785 0.17596693380210837
110 0.38620760636815293 0.6408849155505006 0.09638061719185505 0.18747743676785794
111 0.49903940447455897 0.5884376892764969 0.09002153288289971 0.16847276878308043
113 0.5906956393492484 0.5491934585538688 0.07914312021691713 0.17818334980971962
8 0.5014099046709507 0.7182525232688857 0.0836624485739442 0.14946810079830275
130 0.39246163066684564 0.7747651670333754 0.10397494857394421 0.15029577174883002
0 0.5907723865205781 0.6703190420519659 0.0804374546240684 0.13215326680591383
264 0.4040116881430255 0.934629309552841 0.08516131606038702 0.13074138089431814
275 0.5835951698944571 0.8294393740671884 0.07727609318774994 0.12577593281352506
259 0.4949639410698918 0.8859984387822053 0.08516131606038684 0.13859426779449713