275 0.42706847540522863 0.16374353125288338 0.07165179990733286 0.10665514894433978
264 0.49355657095872496 0.16492815584749393 0.06911707694917482 0.10114548863591426
85 0.43602186787083286 0.30820659740550754 0.07059773139567849 0.09882901217486459
72 0.4424479718618496 0.4026833003276068 0.06752729509800943 0.10033696509696402
53 0.4481201077040319 0.49795489001918136 0.06760914065150558 0.10268071509696383
35 0.4560814298438832 0.5916230694023303 0.06847223620500191 0.10503810186643907
9 0.46013650198373457 0.6853594326328551 0.06769098620500191 0.10502446509696384
120 0.4656449467189242 0.7759435223244296 0.06507441769334754 0.09717105478853849
99 0.5244618968115914 0.669383830766416 0.07366816769334754 0.09732105925276535
260 0.5228324202252363 0.5779503072274658 0.06302084437236992 0.0830812812495882
260 0.5156796299365505 0.48504974107484156 0.07350447658635506 0.09263355925276535
111 0.5071007489036916 0.3960826984611677 0.07196925843752044 0.09338753571381489
113 0.5022371449126749 0.30157872200011804 0.07366816769334772 0.09732105925276535
272 0.5127903091474615 0.9619531603117208 0.022594251814098597 0.04333694277582971
272 0.5346851233979464 0.7606673498411396 0.03229663402808356 0.05287558400953163