275 0.4220891443192182 0.18579866777816564 0.06858234923787414 0.10784227105139221
264 0.4885090298578376 0.190461375127227 0.06620678298109546 0.10229167549789597
85 0.42683625253408275 0.3304663270339928 0.06775564744247617 0.10000248920022684
72 0.4305112192583997 0.4251067044386545 0.0646397378015557 0.10145586179556502
53 0.4334094811622563 0.5205010499921509 0.06465337334017515 0.10379961179556503
35 0.43864240270703336 0.6144147410991433 0.06544825887879462 0.10617064364673041
9 0.4399690742518104 0.7081920229503088 0.06466700887879462 0.10614336179556502
120 0.4428400650784283 0.798898868503805 0.062277807083396475 0.09824901624206887
99 0.5047264658405541 0.6956126665970392 0.07087155708339647 0.09854911660488845
260 0.5057571798343965 0.6042609802993701 0.06063349385167989 0.08413195253973793
260 0.5013100534691592 0.511155821043543 0.07084428600615755 0.09386161660488845
111 0.49532315300162094 0.421902348085385 0.06928633118569749 0.09458830290255768
113 0.49321068627730413 0.32731653438305414 0.07087155708339665 0.09854911660488845
272 0.4845513629884426 0.9825917973868371 0.021343734874689525 0.034816405226325745
272 0.5122895018467117 0.7872644532575281 0.03077327702916719 0.053407742195451746