275 0.42109375 0.17109375 0.06796875 0.10546875
264 0.4875 0.1734375 0.065625 0.1
85 0.425 0.315625 0.0671875 0.09765625
72 0.428125 0.41015625 0.0640625 0.09921875
53 0.43046875 0.50546875 0.0640625 0.1015625
35 0.43515625 0.59921875 0.06484375 0.10390625
9 0.4359375 0.69296875 0.0640625 0.10390625
120 0.43828125 0.78359375 0.06171875 0.09609375
99 0.50078125 0.678125 0.0703125 0.09609375
260 0.50234375 0.58671875 0.06015625 0.08203125
260 0.4984375 0.49375 0.0703125 0.09140625
111 0.49296875 0.4046875 0.06875 0.0921875
113 0.49140625 0.31015625 0.0703125 0.09609375
272 0.47890625 0.9703125 0.02109375 0.04296875
272 0.5078125 0.76953125 0.03046875 0.05234375