60 0.56328125 0.0921875 0.03046875 0.053125
59 0.52578125 0.090625 0.03046875 0.0484375
57 0.4890625 0.08828125 0.0296875 0.05234375
56 0.453125 0.08671875 0.03046875 0.05078125
55 0.5609375 0.16328125 0.02890625 0.0484375
54 0.52578125 0.159375 0.03046875 0.0484375
47 0.48828125 0.159375 0.0296875 0.0484375
46 0.45234375 0.1578125 0.03046875 0.0484375
44 0.56015625 0.2328125 0.02890625 0.0484375
43 0.52421875 0.23046875 0.02890625 0.046875
42 0.48828125 0.2296875 0.02890625 0.0484375
41 0.45234375 0.22890625 0.02890625 0.046875
39 0.55859375 0.3 0.0296875 0.0484375
38 0.5234375 0.29921875 0.02890625 0.046875
37 0.4875 0.2984375 0.03046875 0.0484375
36 0.45234375 0.296875 0.0296875 0.04921875
28 0.55703125 0.36875 0.0296875 0.046875
26 0.52265625 0.3671875 0.02890625 0.046875
25 0.48671875 0.365625 0.02890625 0.046875
24 0.4515625 0.365625 0.0296875 0.04921875
23 0.55625 0.43515625 0.02890625 0.04921875
22 0.52109375 0.434375 0.03046875 0.0453125
16 0.4859375 0.43203125 0.02890625 0.04453125
11 0.45078125 0.43125 0.03046875 0.0484375
10 0.55546875 0.5 0.0296875 0.046875
113 0.51953125 0.49921875 0.028125 0.0453125
111 0.484375 0.4984375 0.02890625 0.046875
221 0.45 0.496875 0.02890625 0.0453125
219 0.553125 0.56484375 0.028125 0.04453125
217 0.51953125 0.5640625 0.02890625 0.0453125
215 0.48515625 0.56328125 0.02890625 0.0453125
213 0.45 0.5625 0.02890625 0.046875
211 0.55234375 0.62890625 0.02890625 0.04453125
207 0.51796875 0.628125 0.028125 0.0453125
203 0.484375 0.62734375 0.0296875 0.04453125
152 0.44921875 0.62734375 0.03046875 0.046875
275 0.46640625 0.765625 0.0375 0.0625
264 0.53203125 0.76640625 0.03671875 0.0609375