273 0.41328125 0.2786620221327427 0.1921875 0.2372857137152085
9 0.3671875 0.5156723660725692 0.040625 0.06969555737069441
35 0.41953125 0.5121103017680204 0.0390625 0.07512793977951393
53 0.46875 0.5070584726458329 0.0359375 0.06880520459715278
72 0.3703125 0.6077871308902081 0.040625 0.06969555737069441
85 0.4203125 0.6003733679724302 0.04140625 0.08065124116628475
99 0.46953125 0.5961027888502427 0.040625 0.07672680737069441
110 0.3703125 0.6929433808902081 0.040625 0.06969555737069441
111 0.4203125 0.6886546179724302 0.03828125 0.0696410059839236
113 0.47109375 0.6851289212590621 0.03984375 0.07514612357510426
276 0.36953125 0.7820240646857982 0.03828125 0.07745350598392378
8 0.42265625 0.7745375665856594 0.040625 0.07750805737069441
0 0.471875 0.7694857374634718 0.03671875 0.06960463839274311