273 0.41328125 0.28828125 0.1921875 0.2328125
9 0.3671875 0.52421875 0.040625 0.06875
35 0.41953125 0.521875 0.0390625 0.07421875
53 0.46875 0.51796875 0.0359375 0.06796875
72 0.3703125 0.61640625 0.040625 0.06875
85 0.4203125 0.61015625 0.04140625 0.0796875
99 0.46953125 0.60703125 0.040625 0.07578125
110 0.3703125 0.7015625 0.040625 0.06875
111 0.4203125 0.6984375 0.03828125 0.06875
113 0.47109375 0.69609375 0.03984375 0.07421875
276 0.36953125 0.790625 0.03828125 0.0765625
8 0.42265625 0.784375 0.040625 0.0765625
0 0.471875 0.78046875 0.03671875 0.06875