24 0.603125 0.11796875 0.046875 0.09765625
23 0.5546875 0.11796875 0.0453125 0.09765625
22 0.50546875 0.11484375 0.05 0.09921875
16 0.50546875 0.240625 0.05078125 0.09921875
11 0.55625 0.2390625 0.046875 0.09765625
10 0.603125 0.23671875 0.04453125 0.09921875
113 0.60390625 0.35078125 0.04609375 0.084375
111 0.5546875 0.35546875 0.0453125 0.08828125
110 0.50703125 0.36015625 0.04765625 0.08984375
99 0.5078125 0.4765625 0.05 0.09921875
85 0.55546875 0.46796875 0.04765625 0.0921875
72 0.6046875 0.46484375 0.0484375 0.09140625
53 0.60625 0.57265625 0.04921875 0.0859375
35 0.5578125 0.5796875 0.0453125 0.08984375
342 0.51015625 0.58984375 0.05078125 0.09375
267 0.60625 0.7328125 0.0453125 0.071875
264 0.559375 0.740625 0.04453125 0.06484375
275 0.51171875 0.75 0.05234375 0.08046875
263 0.5140625 0.86015625 0.05 0.06640625
259 0.60625 0.8390625 0.0484375 0.0640625