24 0.6044976906826811 0.07579414154657028 0.048011333346590315 0.10093406930985205
23 0.5560601906826811 0.07918122150008407 0.046448833346590314 0.1008248086661903
22 0.5068050780155902 0.07949793177542872 0.051154514680135675 0.10271509059717551
16 0.5082686753659985 0.20527918177542875 0.05193576468013568 0.10276972091900642
11 0.559031744032453 0.20016571085642232 0.048011333346590315 0.10093406930985208
10 0.6058794720321348 0.1945441415465703 0.045685764680135674 0.10233267834435944
113 0.6079879593809524 0.3085520112247394 0.04707554201145392 0.08759818898802116
111 0.5588237533815887 0.31668122150008404 0.046339745345317596 0.09144980866619026
110 0.511222047382225 0.324701171131767 0.04870167667886314 0.09317619963168297
99 0.5133578067313607 0.4410527908099361 0.051154514680135675 0.10271509059717551
85 0.5609140593968608 0.42912659117825314 0.048728948679181275 0.09551994963168298
72 0.6100964467297698 0.4225598809029085 0.0495011080124085 0.09479332995351371
53 0.6129134587444055 0.5302631202592468 0.05021872334499946 0.08937921027534461
35 0.5645577747453601 0.5406814502127606 0.04635792667886314 0.09301230866619026
342 0.5170197034134054 0.5541701498444436 0.051872130012726815 0.09730097091900625
267 0.6147770454328136 0.6904193702592468 0.046148841343090476 0.07504355866619025
264 0.5679929521005409 0.7015096895690988 0.04528577534213589 0.06795767834435935
275 0.5204457901018136 0.7142171392007818 0.05328008867759042 0.08412898156266806
263 0.5240713241167674 0.8242094982352892 0.050772706675681435 0.06990259059717552
259 0.6160133761139038 0.7966693702592469 0.0491829346753633 0.06744957995351371