99 0.3424062233449995 0.07799118132704833 0.09385109201940818 0.14511443787965286
85 0.3502379993634531 0.2137832109623261 0.09296984468490824 0.13650250408406261
72 0.3579243247135433 0.3370752405976039 0.08899996001749919 0.13094283510611113
53 0.36088678739654256 0.4573513730064233 0.08819143801718106 0.1285809013105208
35 0.36534811541213275 0.5721223878240622 0.08185962201622647 0.12140418094579868
9 0.36895546809354113 0.6806615864372914 0.08420337201622648 0.1214587323325695
119 0.3756423674410859 0.7852217998681594 0.08650166868236298 0.11760703371934049
113 0.4544378874124509 0.5723931851267705 0.08741018801718106 0.12856271751493065
10 0.451529968730088 0.45680455271795106 0.09047155334977201 0.1231667026972918
11 0.4462419373806342 0.33814547169590237 0.09603121001749919 0.13110648926642368
16 0.4424345900302259 0.21241877308267326 0.09541359201940817 0.14515080547083342
17 0.440044292011454 0.07415570687826353 0.09915621001749919 0.1311792244487848