99 0.33589912476928735 0.10183875165262983 0.10134935379291292 0.14726245181924558
85 0.33343785394979636 0.23806735008105329 0.10001739126984166 0.13863231451569263
72 0.3317776195275 0.3617959485094767 0.09576068784606892 0.13298162799792798
53 0.3256301442045023 0.48218122311658257 0.09482924352159508 0.13060149069437516
35 0.32139562230527724 0.5971705223307943 0.08812866054817299 0.12327914226595169
9 0.3167803686046494 0.7058734342414531 0.09047241054817308 0.1233883041766104
119 0.31554043877814486 0.8108156453663236 0.09256583667404979 0.11959121608726911
113 0.4103079279808032 0.6036624249358281 0.09404799352159507 0.1305651033908221
10 0.416155014654853 0.48796465032872227 0.09682254009782235 0.12524190260503384
11 0.4198586104282014 0.36903271381095765 0.10279193784606892 0.13330911372990437
16 0.42557528917497167 0.24314230190029887 0.10291185379291293 0.14733522642635144
17 0.43365550431893674 0.10482466459674593 0.1059169378460691 0.1334546629441161