263 0.6027398976705793 0.10208801785115411 0.06576884215265544 0.0957367052052021
290 0.6400362590451115 0.2787261125612474 0.058532874264831135 0.09142093152767874
290 0.5822647026226765 0.276140167879389 0.06420634215265544 0.09564569994353027
260 0.5918178443003619 0.39897842840273273 0.058038229307785016 0.09684417889684287
10 0.6472865943003618 0.4022091151920833 0.06075379353213641 0.08921368942018652
113 0.653107226367109 0.48355012045375523 0.057342188489182176 0.08356292889684287
111 0.6595862777011614 0.562592878346263 0.058532874264831135 0.09142093152767891
110 0.6648303776557329 0.6477946309770989 0.05697037426483096 0.091329926266007
99 0.67143225972248 0.7291811388696067 0.055861575644312114 0.08503442363517096
72 0.5963216378324983 0.48491592840273273 0.057628793532136416 0.08903167889684287
53 0.6021013263216805 0.5654756836644046 0.05989065637700648 0.08760568678935066
260 0.6096072891211222 0.6492514441877482 0.057628793532136416 0.08903167889684287
9 0.6130841711878693 0.7304559415569123 0.06186259215265544 0.0955091920510224
260 0.6206720211424408 0.815794202080256 0.061453156377006476 0.0876966920510224
272 0.6803778917892271 0.8107041546546222 0.02864730042954129 0.05618908681758548