263 0.5964810691636412 0.09509656182509632 0.0646938527754692 0.09502570967712845
290 0.6174753655898693 0.27140650475300176 0.05750343528498299 0.09079197394515211
290 0.5596310320917721 0.269495094290085 0.06313135277546919 0.09495293507002263
260 0.5577581728905123 0.39229689350429675 0.0569450197716634 0.09622433664159917
10 0.6132269228905124 0.3948803920565546 0.059751684790691505 0.0885573858558109
113 0.611478739088404 0.4762031666636606 0.05640385030401109 0.082943086641599
111 0.6106073057805872 0.5552185785743193 0.05750343528498299 0.09079197394515219
110 0.6079187044879929 0.6404112158778723 0.05594093528498316 0.09071919933804615
99 0.6069517706858847 0.721770377788531 0.05490501730020547 0.08443281203449331
72 0.5542564880998209 0.47823439350429675 0.05662668479069168 0.08841183664159917
53 0.5525401377958097 0.5587759181114025 0.05890676779449713 0.08695849855225787
260 0.5522589534994097 0.6425152173256143 0.05662668479069168 0.08841183664159917
9 0.5481670196973013 0.7237288300220615 0.0607876027754692 0.09484377315936392
260 0.5478221684047071 0.809030629236273 0.06046926779449713 0.08703127315936357
272 0.6083285868837762 0.8032387016098486 0.028009594866803766 0.055888281017246653