273 0.47501288710778844 0.1178821188817268 0.15880210595238128 0.1096542630130053
273 0.7367421290882239 0.12676648229002024 0.11823766270764154 0.08394163147120906
259 0.4497325709486878 0.6338333425733675 0.03892160009228505 0.03651362364928854
35 0.4462781014857862 0.6877395925733676 0.05544776603912886 0.051486176266007
9 0.4453676411221833 0.7383843346808597 0.053104016039128864 0.05134966837349921
152 0.44206336598375573 0.7899468346808598 0.05544776603912886 0.051486176266007
275 0.40805050895164036 0.871317932021789 0.039702850092285046 0.036559126280124234
264 0.46686430444813354 0.8523257373399306 0.03735910009228505 0.03642261838761662
342 0.8176860387135465 0.34543391132803747 0.07857438540974541 0.07229149992941278
342 0.8234971452842365 0.4369388718654985 0.11433141270764154 0.08371411831702957
342 0.8980966270856392 0.43882061930524985 0.08633682063492074 0.071965276237772