25 0.4671875 0.234375 0.05078125 0.07109375
24 0.5515625 0.33203125 0.04609375 0.06484375
23 0.46953125 0.3359375 0.0484375 0.0671875
16 0.5515625 0.425 0.04609375 0.0640625
11 0.47109375 0.428125 0.04609375 0.06171875
10 0.55078125 0.51171875 0.04453125 0.05703125
113 0.475 0.51484375 0.04375 0.05703125
111 0.55 0.5953125 0.0421875 0.05859375
110 0.4765625 0.60078125 0.04296875 0.05859375
99 0.5515625 0.67578125 0.03984375 0.0515625
85 0.478125 0.68046875 0.040625 0.05390625
53 0.54921875 0.74921875 0.04375 0.05234375
168 0.4796875 0.7546875 0.0421875 0.05078125
259 0.446875 0.8328125 0.03828125 0.0453125
275 0.51484375 0.828125 0.0375 0.0484375
264 0.58359375 0.82421875 0.03671875 0.04375
272 0.45078125 0.90234375 0.034375 0.046875
272 0.58203125 0.89375 0.03359375 0.03828125
272 0.45234375 0.9734375 0.0375 0.04453125
272 0.58125 0.9625 0.03125 0.040625