25 0.4835765965492603 0.19623881846727392 0.055752609286608926 0.07523898712312241
24 0.5747803867781187 0.28700759755500904 0.05062806671196203 0.06860634985021878
23 0.493022288387273 0.29760999983082215 0.05313570767745457 0.07114141848667063
16 0.5812813950759919 0.37997634755500903 0.05057343639013112 0.06782509985021878
11 0.5010311663633154 0.3896699540731876 0.05040954542463858 0.06548134985021878
10 0.5865641107992182 0.46675887043382625 0.04851926349365332 0.06066630409258415
113 0.5110013820865417 0.4760698396791012 0.04773801349365332 0.06060253121376711
111 0.591628305235121 0.5504163933126436 0.04628477413731513 0.06203748545613248
110 0.5185732174879372 0.5618797939214668 0.04706602413731513 0.062101258334949706
99 0.5988177283837004 0.630757597555009 0.04344935124083733 0.05481491681968063
85 0.5257080103146856 0.6414397481638321 0.04439449220632987 0.05722243969849785
53 0.6016092286358019 0.7043864161914609 0.04741023156266806 0.055915031213767105
168 0.5324603908886181 0.7155309524061977 0.04573847091900642 0.0542249854561323
259 0.5051109230717048 0.7963344133165229 0.04144980866619026 0.048437371062046
275 0.5727518911407194 0.7860986728594206 0.040887079953513705 0.05149859818322895
264 0.6412287395315652 0.776580409523501 0.03977804802252862 0.046747325304411544
272 0.513879271714652 0.8655467989224366 0.03765281930985207 0.04968100666796005
272 0.6445283381745124 0.8462392052811356 0.036270635769712456 0.04102348378914229
272 0.520413131001261 0.936513003164802 0.040613928344359354 0.04759234818322895
272 0.6485545564956288 0.9150529781599529 0.034090776735205 0.04317591515269079