273 0.5213990246415182 0.22022185259906002 0.10348526894153487 0.09735002461060623
273 0.8957159636295394 0.27711332792194676 0.06701789121759419 0.0775770822115959
259 0.4740744544984869 0.7030139690546806 0.07538776609154337 0.04117658095795455
264 0.4786798270266477 0.7577242011079919 0.07477040705703608 0.0434975989046432
275 0.48159165957805145 0.7882156831613033 0.07522387512605082 0.038832830957954555
89 0.5498721299928547 0.694304210279192 0.07070026609154337 0.04104018863808658
87 0.5526747019005969 0.7232331923325034 0.07198961448238919 0.0371794027447093
82 0.5545321328428463 0.7497956923325033 0.06975512512605082 0.038673706584775404
80 0.5563349334632649 0.7755769423325033 0.07053637512605064 0.038696438638086764
88 0.6231128880386263 0.7159268091838353 0.06563035383872737 0.03543504631821861
86 0.6248064280153833 0.7401455591838353 0.06495836448238901 0.03697481426490725
81 0.6266638589576328 0.7667080591838353 0.0641224841605581 0.036170832211595894
342 0.9006644516484954 0.6600705804292293 0.04695140965492613 0.024755959092057724
259 0.9496100500393411 0.6575964497878437 0.04655257190774194 0.030201977038746365
342 0.9023033613034211 0.6835080804292293 0.050021779333095394 0.024065637305303155
264 0.9501617070963768 0.6989345036279098 0.04549817029858758 0.026272994985435005