273 0.49506405809015186 0.23499995741251506 0.10238081833114698 0.1001735762236546
273 0.8634731528708324 0.3027074570595792 0.06613250519108468 0.07937595783603806
259 0.3855569243410427 0.7154239338055788 0.07493138154179624 0.04329424466774086
264 0.383152990182528 0.7701569364364149 0.07428663943430394 0.045592492036904984
275 0.38215963757992694 0.8006711890672508 0.07479487364928836 0.04095049466774085
89 0.4627564611727456 0.7089456916274994 0.07024388154179632 0.04302122888272546
87 0.46185411383181646 0.7378974442583355 0.07157886838761662 0.039205984144397375
82 0.460307024383395 0.7644599442583354 0.06932612364928854 0.04063197625188941
80 0.45880543756580944 0.7902411942583354 0.07010737364928836 0.040677478882725285
88 0.5334938954018476 0.7326631836644045 0.06523786312594489 0.03727946309770989
86 0.5320833138459339 0.7568819336644046 0.06454761838761662 0.038796460466873836
81 0.5305362243975125 0.7834444336644045 0.06372086575678075 0.037969707836037966
342 0.8192563611303934 0.6850271333961733 0.046677578925077866 0.02607665258848364
259 0.8687026242845729 0.6839875491388365 0.04621484734092931 0.03149989995764777
342 0.8178912822053157 0.7084646333961733 0.04975707629424164 0.025477413111827295
264 0.8639472348502689 0.7252572912463288 0.04520608418674961 0.0275481473268119