273 0.50703125 0.20546875 0.096875 0.09453125
273 0.878125 0.2515625 0.06171875 0.07578125
259 0.42578125 0.690625 0.07265625 0.0390625
264 0.4265625 0.7453125 0.071875 0.04140625
275 0.42734375 0.77578125 0.07265625 0.03671875
89 0.50234375 0.6796875 0.06796875 0.0390625
87 0.503125 0.70859375 0.06953125 0.03515625
82 0.503125 0.73515625 0.0671875 0.03671875
80 0.503125 0.7609375 0.06796875 0.03671875
88 0.57421875 0.69921875 0.06328125 0.03359375
86 0.57421875 0.7234375 0.0625 0.03515625
81 0.57421875 0.75 0.06171875 0.034375
342 0.85625 0.63515625 0.0453125 0.0234375
259 0.90546875 0.63125 0.04453125 0.02890625
342 0.85625 0.65859375 0.0484375 0.02265625
264 0.903125 0.67265625 0.04375 0.025