72 0.41958837494422846 0.5800569437191585 0.03303267589344294 0.044659282132453626
53 0.4192090315602995 0.6276677296125358 0.036157675893442945 0.04475021034569906
35 0.4172671881763705 0.6753239796125359 0.03287350840295709 0.040753032132453626
9 0.4130770952867332 0.7207046757724699 0.03449967539915146 0.04236099623907634
275 0.3777696535759595 0.8403412258516122 0.0362531763877346 0.04709396034569906
264 0.4379895705721538 0.837028357746639 0.034595175893442943 0.044704746239076346
272 0.40565989023008664 0.9027359257724699 0.021426672433401704 0.027934783386094963
259 0.40730057505795914 0.42200876299863077 0.03631684338392897 0.04865646034569906
342 0.45270857555225075 0.418346553906573 0.029907675893442943 0.044568353919208194
273 0.4256102232710733 0.5088722655059132 0.10162350840295709 0.04275345282385157
273 0.44248729444906176 0.17128133729266784 0.07298917243340189 0.029435098904643332