42 0.24022822254892376 0.14802677796786512 0.16457295269729172 0.09095335868872625
37 0.24631652801975717 0.24173132463400152 0.1591042026972918 0.09088972402131716
26 0.2484440321038197 0.3331375746340015 0.16288316612815984 0.08546642735518084
23 0.25282436720993096 0.4206103026336834 0.15576099715020836 0.08147836135422626
10 0.2586580995425004 0.5033773492998197 0.1479303133546181 0.08060620468649908
110 0.25815091289711856 0.5823108713001378 0.1462405267854862 0.07511927335295354
53 0.2630215572737853 0.6572745086330469 0.1461859753987153 0.07277552335295354
120 0.2654575326725006 0.7283591679662743 0.14064449021635425 0.06958688868554468
43 0.435558906344514 0.14653536127468453 0.15754170269729179 0.09087154268777176
38 0.43383471181534744 0.24033081460854816 0.15274509992375 0.08612949868713535
28 0.4320014145126391 0.3294387679424117 0.14960191612815982 0.08531188602004454
24 0.4332749334143406 0.41772910860918444 0.1511462323325695 0.08454881735358999
11 0.4304785481557296 0.4990336526098208 0.1448053133546182 0.08056984201940817
111 0.4291901115103477 0.5779762652769117 0.13766496058107638 0.07580052601845377
85 0.43171700588701445 0.652967174610139 0.14227972539871542 0.07273007001909004
9 0.4317910474901395 0.7232978559436845 0.13283199021635425 0.06949598201781733
35 0.591002393329827 0.714412109922049 0.13430357123840295 0.06560791335136287
99 0.5956340355222922 0.6448081345878672 0.13286835780753475 0.07105848201781732
113 0.6009378249412157 0.5705075685869128 0.13762859298989588 0.07423802601845378
16 0.6069864967689588 0.4946354119191856 0.14633144576343754 0.07902552335295354
25 0.6105459482319795 0.4125405272517765 0.14798486474138883 0.08294995468649909
36 0.6179025469214586 0.32571268925050384 0.15263599715020854 0.08144199868713535
39 0.6205534618153474 0.23815814524986748 0.1558337323325695 0.08460336135422634
275 0.34868956639184095 0.8125699886219111 0.13586607123840277 0.0656260946849084
264 0.5056117136182993 0.806055264600594 0.13277743882958326 0.06715223201781732
272 0.35372386492882024 0.8945648759548203 0.06626143284565966 0.028107366008908487
272 0.5012528283596882 0.8873779899347756 0.05610518284565984 0.027989187340862996
290 0.27654507550989665 0.9697017832988652 0.12930694671336812 0.0522721193507266
290 0.42565472273635496 0.9632779659452751 0.12242116707809032 0.058440303349772196
290 0.5708217523716328 0.955337101925549 0.12085866707809031 0.0584221220162263