42 0.23671875 0.1604267999234503 0.1625 0.0956838676042167
37 0.240625 0.25433596741393627 0.15703125 0.09546103311753633
26 0.240625 0.3457422174139363 0.1609375 0.09015145060802236
23 0.24296875 0.43333771790822784 0.15390625 0.08595869912514757
10 0.246875 0.5163093853987138 0.14609375 0.0848591141441755
110 0.24453125 0.5951201349044222 0.14453125 0.07932669714798131
53 0.24765625 0.670247468896811 0.14453125 0.0769829471479813
120 0.2484375 0.7413730523949082 0.1390625 0.07363511266130089
43 0.43203125 0.16916642444774924 0.15546875 0.09539736612134195
38 0.428125 0.26275725695726326 0.15078125 0.09051886513275882
28 0.42421875 0.3516605894667773 0.14765625 0.08961028114036998
24 0.4234375 0.43991000596868013 0.14921875 0.08889269813656445
11 0.41875 0.5209690049800969 0.14296875 0.08473178015178676
111 0.415625 0.5997479209877081 0.1359375 0.07975777866891214
85 0.41640625 0.6747797544858053 0.140625 0.07682377965749528
9 0.41484375 0.745028587489611 0.13125 0.07331677768032882
35 0.57421875 0.7444913711014388 0.1328125 0.06947419467652338
99 0.58046875 0.6752147890862165 0.13125 0.07487927768032883
113 0.5875 0.6012825405690911 0.1359375 0.07819527866891214
16 0.5953125 0.5258196255500632 0.14453125 0.08323294714798131
25 0.60078125 0.44401121003674354 0.14609375 0.08720286414417569
36 0.61015625 0.3576744620139099 0.15078125 0.08583136513275882
39 0.61484375 0.27036546300249303 0.15390625 0.08908369912514758
275 0.3296875 0.8298399861970166 0.134375 0.06953786167271758
264 0.48671875 0.831551019314553 0.13125 0.07097302768032883
272 0.3328125 0.9119985701894053 0.065625 0.03001776384016459
272 0.48046875 0.9125463513297755 0.05546875 0.029603928364900868
290 0.25390625 0.9775005825188092 0.128125 0.04499883496238155
290 0.403125 0.9767060569578103 0.12109375 0.04658788608437945
290 0.5484375 0.9765574890298978 0.11953125 0.046885021940204295