42 0.23671875 0.15078125 0.1625 0.0890625
37 0.240625 0.24453125 0.15703125 0.0890625
26 0.240625 0.3359375 0.1609375 0.08359375
23 0.24296875 0.4234375 0.15390625 0.0796875
10 0.246875 0.50625 0.14609375 0.07890625
110 0.24453125 0.58515625 0.14453125 0.0734375
53 0.24765625 0.66015625 0.14453125 0.07109375
120 0.2484375 0.73125 0.1390625 0.06796875
43 0.43203125 0.1515625 0.15546875 0.0890625
38 0.428125 0.2453125 0.15078125 0.084375
28 0.42421875 0.334375 0.14765625 0.08359375
24 0.4234375 0.42265625 0.14921875 0.0828125
11 0.41875 0.50390625 0.14296875 0.07890625
111 0.415625 0.5828125 0.1359375 0.07421875
85 0.41640625 0.6578125 0.140625 0.07109375
9 0.41484375 0.728125 0.13125 0.06796875
35 0.57421875 0.72109375 0.1328125 0.0640625
99 0.58046875 0.6515625 0.13125 0.06953125
113 0.5875 0.57734375 0.1359375 0.07265625
16 0.5953125 0.5015625 0.14453125 0.07734375
25 0.60078125 0.41953125 0.14609375 0.08125
36 0.61015625 0.3328125 0.15078125 0.0796875
39 0.61484375 0.2453125 0.15390625 0.0828125
275 0.3296875 0.81640625 0.134375 0.0640625
264 0.48671875 0.81171875 0.13125 0.065625
272 0.3328125 0.8984375 0.065625 0.02734375
272 0.48046875 0.89296875 0.05546875 0.02734375
290 0.25390625 0.97265625 0.128125 0.05078125
290 0.403125 0.96796875 0.12109375 0.05703125
290 0.5484375 0.96171875 0.11953125 0.05703125