290 0.29001659719975487 0.1854818250854599 0.08994943678935066 0.05799200791755883
290 0.4294053208913956 0.18173836262818988 0.08760568678935066 0.05792381175762475
290 0.5723740708913956 0.1858983283841652 0.07988419205102257 0.05925899122451139
290 0.722927807737216 0.18637936467325394 0.08291818678935066 0.05778741943775669
266 0.7581736049510883 0.3496295224325282 0.07185188417263219 0.0418669027447093
272 0.7618362022214302 0.4526863262725941 0.11053495257436623 0.06327054130365362
99 0.39590111810526796 0.34298809969606614 0.12275423151356142 0.07220527210332381
99 0.5152958602127601 0.34412235385270123 0.13483700256024883 0.07879625290299383
85 0.4022490996188293 0.41180629585600015 0.12289073940606912 0.07454902210332363
85 0.5233883522496653 0.41611101411925794 0.13557274992941296 0.0780377349563052
72 0.4102050837632266 0.48145120612255693 0.12518898677523324 0.07383596826325771
72 0.5258755863940625 0.4855968000126353 0.12854149992941294 0.07783314647650315
53 0.4156808100151161 0.5486841702291796 0.12900423151356133 0.0723871285298145
53 0.5306155652767879 0.5535882820659467 0.13217473414439737 0.07325930674305994
35 0.42042078889784146 0.6166756522824909 0.12583372888272545 0.07151495031656907
35 0.5369180441595134 0.6216252282258805 0.13217473414439737 0.07325930674305994
9 0.4251152651497311 0.6838858843358022 0.12574272362105354 0.06995245031656908
9 0.5423027651497311 0.6872956923325033 0.12983098414439737 0.07319111058312586
168 0.4303634782474409 0.7472125984424249 0.12505247888272528 0.07149221826325772
168 0.5508124861399487 0.7530570846523713 0.12882222099021767 0.0692621285298145
181 0.4378644360834789 0.8090450087089817 0.11852946309770988 0.06662286183676684
181 0.5521999518684945 0.8170513884924373 0.12730522362105354 0.06999791442319178