62 0.23288854567674008 0.1507805220436281 0.10180815445914596 0.06620379022885844
57 0.24125805657250338 0.2259990433309516 0.1023162528499916 0.06235217055068931
47 0.2516981658591123 0.2974752055837676 0.09891810124083733 0.05822739926336577
42 0.2625917432147361 0.3643184981584146 0.10109796027534461 0.056047540228858495
37 0.2717589296048672 0.4287087800893998 0.09769980866619025 0.05192276894153487
25 0.28087148567316744 0.49231781202038505 0.09306693898802117 0.05237623701054979
20 0.2896562598104825 0.5512393439513702 0.09295767834435945 0.05081373701054979
113 0.2983864036259667 0.6093796258823554 0.09301230866619026 0.051594987010549785
85 0.30371839583229654 0.6633951365260171 0.09223105866619034 0.05154035668871888
9 0.3122300183604573 0.7184104184570024 0.08827017834435943 0.05048595507956453
122 0.3197964999231254 0.7710273200661566 0.08821554802252862 0.049704705079564704
259 0.39779009596818254 0.8635533096745966 0.09859031930985207 0.053539899263365956
275 0.521140114657616 0.8931693898802118 0.0917229602753448 0.055391976366887974
264 0.6601697636688802 0.9246593265224444 0.10031671027534461 0.05599290990702741
121 0.4459437366815736 0.7961744215590955 0.09150443898802116 0.05226697636688797
120 0.5853722234400218 0.8222502385231589 0.10042597091900643 0.05755540990702741
152 0.7336129814857936 0.8520519890273622 0.10834773156266805 0.05966421312533612
35 0.44206498383158205 0.7407056715590954 0.09306693898802117 0.05237623701054979
99 0.43813160065975953 0.6844556715590955 0.09484796027534478 0.055610497654211596
10 0.4317452068442754 0.6264792805936029 0.09619193898802117 0.05259475829787323
22 0.4268120523851294 0.567049650271772 0.09775443898802116 0.05270401894153487
26 0.4187538979259835 0.5074014986626176 0.10093406930985208 0.053703790228858496
38 0.4119304615358524 0.4431751076971251 0.10433222091900643 0.057828561516181945
43 0.4056151235365669 0.3750970970534634 0.10376949220632987 0.06089893119435104
54 0.3975733945717888 0.30456607576613987 0.10767574220632987 0.06117208280350539
59 0.3908756443196873 0.23101931512247814 0.1062225028499916 0.06262532215984366
63 0.38395937278026226 0.15434755447881637 0.11352690445914596 0.06702324505632147
64 0.54960079827463 0.15504631302879118 0.12239380606830039 0.071530428596461
60 0.5529932320668711 0.23691367206329855 0.12133940445914604 0.06756954827463009
55 0.5567298732844653 0.31258566141963684 0.11710537252816078 0.06260889666547573
44 0.5604665145020595 0.38825765077597507 0.1124178725281606 0.06228111473449065
39 0.5652739828231759 0.4570076507759751 0.11147273156266806 0.05988273441265975
28 0.5683550601787996 0.5233046401323134 0.1072933299535137 0.05570333280350539
23 0.569600485925269 0.5855861188449898 0.1018792102753446 0.05610217055068922
11 0.5746975313499074 0.6473594991668208 0.10433222091900625 0.057828561516181765
110 0.5781774464527152 0.7082423688449898 0.10198847091900624 0.057664670550689225
53 0.5807122205900302 0.7667268582013282 0.09953546027534461 0.05593827958519668
72 0.7334765876703093 0.7945126406365164 0.1092928725281606 0.062062593447167205
111 0.7316684332111635 0.7353015316020091 0.11080074220632988 0.06139060409082884
16 0.7295324968210323 0.6714029225675017 0.11370722091900642 0.058484125378152285
24 0.7289044301090704 0.606832324176656 0.11828546027534478 0.057249407309137544
36 0.7313467330752774 0.5416989970731338 0.1205745799535137 0.05663204827463009
41 0.7311175041104994 0.47171427900411905 0.12397273156266805 0.060756819561953536
46 0.7299977645020596 0.40011243061327334 0.12955074220632987 0.0627017318147697
56 0.729894221675311 0.3208073428660894 0.12815213317182242 0.0649362211711079
61 0.7329703091703934 0.24250202640622898 0.13149565445914604 0.06827974245843142
73 0.7318123647344905 0.1592360583372142 0.13344056671196203 0.07385775310209315