273 0.42866957352223156 0.16056598556361074 0.2243391183170294 0.11444827896968768
259 0.48756497333870497 0.35242552403260374 0.058525131541796324 0.04037173328249999
259 0.4299799864928845 0.3576773749062844 0.0629774131118273 0.04983765226045147
169 0.4505864310335686 0.5637273531547914 0.055445634172632194 0.041080248100139015
169 0.39561820997276376 0.5736121526417011 0.05493739995764777 0.045749564304548684
170 0.3854549837208743 0.5065701230064233 0.06279540258848364 0.04671265226045147
260 0.440514210043351 0.4982478235195136 0.05728114995764777 0.0458041156913195
275 0.374328496945641 0.4364212771667358 0.06899989995764777 0.04607687262517359
264 0.5019984706372818 0.4256266346899301 0.06449441048099143 0.049092769851631954
260 0.5586656995905944 0.41804921761183983 0.06178663943430394 0.04278821846486114
260 0.43191348379146144 0.4311694262930552 0.06196864995764777 0.04591321846486114
276 0.3465814704961075 0.5778827317638886 0.04478114995764768 0.04551317496187508