273 0.43265248758216435 0.17518509739017918 0.22689695303441743 0.11191129602958956
259 0.49606063865002953 0.36870837806331525 0.0594386439408634 0.03971702800763603
259 0.43856700304411583 0.37194191872213384 0.06411016848667064 0.049137481341499624
169 0.4639967930518745 0.5782919160566337 0.0563774168196808 0.04046191534054522
169 0.40922954471886436 0.5862402287157705 0.055978804092584156 0.04514032467377227
170 0.3974950771405794 0.5189800033815887 0.06385507697140155 0.04601248134149962
260 0.45238987123122404 0.5125941907224519 0.058322554092584154 0.04516759667409058
275 0.3847242680470253 0.4485856873806342 0.07004130409258433 0.045303956675681434
264 0.5122115392588527 0.4422640567313607 0.0656088956078534 0.048374412675045164
260 0.5687326062283145 0.4366776754057694 0.06275496257731525 0.04209714067472703
260 0.4422179036529389 0.4453521467218156 0.06301005409258416 0.04522214067472703
276 0.36026588623413347 0.5887925167090889 0.04582255409258425 0.04502214600572696