35 0.4156527098834806 0.35235894818116076 0.06907426042484133 0.06523463544042354
35 0.4962351201500373 0.35673335167376113 0.07958586309040835 0.1043516775949012
277 0.41685516020004965 0.4742203126425414 0.0698100463182186 0.06367668061996348
9 0.49665632046660646 0.47859017095560186 0.07958586309040819 0.1043516775949012
275 0.3249752002500621 0.5916345507386847 0.07224472453146387 0.06681531615858276
290 0.4062933964099962 0.5944509994108248 0.07875914898378547 0.10278463241536144
264 0.5079695566765527 0.598948122751 0.07307143863808677 0.06838236133812252
290 0.5861400207831755 0.6009651407049809 0.07797789898378564 0.10278008723582169
259 0.3261549185133199 0.7127146652000652 0.07219926042484133 0.06525281615858276
290 0.4066918646732539 0.7155265686926656 0.07781877461060631 0.09731133723582168
288 0.507541310833188 0.7184566468533009 0.07141801042484133 0.065248270979043
290 0.588078256993122 0.7212685503459012 0.07627900666391767 0.09808349687674216
272 0.4984511188298891 0.835571423980664 0.0762108105039836 0.09573974687674217
53 0.4144502595669115 0.23049758371978024 0.07403454506457727 0.07463690651766246
53 0.4950554018867795 0.23565323721238052 0.08048077335696498 0.10826247277444115