35 0.40546875 0.35 0.0671875 0.06484375
35 0.4859375 0.35390625 0.0765625 0.10390625
277 0.403125 0.471875 0.06796875 0.06328125
9 0.4828125 0.47578125 0.0765625 0.10390625
275 0.3078125 0.58984375 0.0703125 0.06640625
290 0.3890625 0.5921875 0.07578125 0.10234375
264 0.490625 0.59609375 0.07109375 0.06796875
290 0.56875 0.59765625 0.075 0.10234375
259 0.30546875 0.7109375 0.0703125 0.06484375
290 0.3859375 0.71328125 0.075 0.096875
288 0.48671875 0.715625 0.06953125 0.06484375
290 0.5671875 0.71796875 0.0734375 0.09765625
272 0.47421875 0.8328125 0.0734375 0.0953125
53 0.4078125 0.228125 0.071875 0.07421875
53 0.48828125 0.2328125 0.07734375 0.1078125