273 0.583431497100215 0.1573028439276471 0.1811119805034755 0.23551360271317873
9 0.5612786128764062 0.5072818599667761 0.04179825892306965 0.0796467296419344
35 0.6013232724195315 0.4866596769010691 0.038791658093232685 0.0810089705426357
53 0.6404682827924937 0.46452505861018667 0.037110758923069656 0.07934634099298635
72 0.5661805230442314 0.5823319247416008 0.04066181141258056 0.07490916486710972
85 0.6054439325873566 0.5617598064507184 0.03663716224241753 0.07309634099298634
99 0.6427896446199928 0.5366003177094854 0.03429341224241753 0.07294614666851248
110 0.571567685286649 0.6534256747416007 0.038022063487172984 0.0708527205426357
111 0.6089725969043667 0.6290474360003676 0.03550071473192844 0.06835877621816167
113 0.6439153593519213 0.6032568915836086 0.03393821473192844 0.06825864666851249
276 0.5755816016782515 0.7167569895164254 0.03725246888111329 0.060696470542635696
8 0.6121460637108876 0.6916475655500169 0.03520471680652086 0.06445252621816167
0 0.6455263261584423 0.6659571506829073 0.03286096680652104 0.06430233189368764
273 0.6165762224288203 0.8640732780730882 0.12825874502562265 0.20491564234957593