273 0.56875 0.19375 0.1640625 0.225
9 0.5203125 0.540625 0.0359375 0.07734375
35 0.56171875 0.52265625 0.0328125 0.07890625
53 0.60234375 0.503125 0.03125 0.07734375
72 0.51953125 0.615625 0.03515625 0.07265625
85 0.56015625 0.59765625 0.03125 0.07109375
99 0.59921875 0.575 0.02890625 0.07109375
110 0.51953125 0.68671875 0.0328125 0.06875
111 0.55859375 0.66484375 0.03046875 0.06640625
113 0.5953125 0.64140625 0.02890625 0.06640625
276 0.51875 0.75 0.0328125 0.05859375
8 0.55703125 0.72734375 0.03046875 0.0625
0 0.5921875 0.70390625 0.028125 0.0625
273 0.5484375 0.89921875 0.11328125 0.19765625