290 0.23846495646786364 0.10292753008939978 0.17390889077317437 0.11023764951546741
261 0.41042184362299333 0.11338370089219066 0.18406514077317446 0.11094784369926866
272 0.7818055206922148 0.1487627340836836 0.09467509215265543 0.09846998701054979
11 0.22818147444654507 0.26922451944573805 0.17136042288534997 0.10616750854997478
16 0.39364270013628555 0.28393114767388195 0.16132700361804453 0.10780106436617345
20 0.5621879822484612 0.2996375471893494 0.165437971505869 0.1119804659753278
111 0.2196652103130509 0.4317245194457381 0.17136042288534997 0.1061675085499747
113 0.38418141169253184 0.4495015173520511 0.15495417288535 0.10502027179152655
10 0.5488613873822723 0.4641535152583641 0.16757700361804453 0.10823810694082034
85 0.20662522048981619 0.5907717375147529 0.16498759215265535 0.10338671597532781
99 0.37278580902442693 0.6070954960647276 0.15729792288535 0.1051841627570191
110 0.5324507360936485 0.6276697120400555 0.16132700361804453 0.10780106436617345
277 0.19539339213197074 0.7452407162274295 0.16354792288534997 0.105621205331666
35 0.35818331920119223 0.7660334534900807 0.15228287426483095 0.09860638082603401
53 0.5163676334255435 0.7849359088217469 0.15248759215265545 0.10251263082603401
72 0.676813810494765 0.8055647551189056 0.16745417288534997 0.10589435694082035
275 0.19049345092925507 0.8985842375147527 0.16967509215265536 0.10371449790631289
272 0.3852736844209117 0.9223980679724697 0.08978287426483096 0.09423595507956435
259 0.49744613580039265 0.9365148343161147 0.14858134215265545 0.10223947921687966
264 0.6594548128696142 0.9521938541346355 0.16511042288535 0.09561229173072902