22 0.5908455298694868 0.24098600995894906 0.0810150468904336 0.10042724687674198
20 0.5014278323589977 0.24619166042648727 0.08431764564567815 0.10278917759490129
16 0.4080330298694868 0.24204958197126433 0.08467284315616723 0.1074766775949012
11 0.3172896306993237 0.24413932279788217 0.08443604481584108 0.1043516775949013
10 0.22047383028440523 0.24392167506081847 0.08328794191141169 0.10981133723582168
113 0.5732525203217171 0.411325781036188 0.08161869813518904 0.09808804205628192
111 0.48497127032171716 0.4118393863241863 0.07897895020978148 0.09416815651766246
110 0.3970452178322062 0.40766549161218474 0.07458744813518906 0.09804713544042354
99 0.31087091949188017 0.41129046136156366 0.08006785352912935 0.08792724687674217
85 0.22180841949188018 0.41180861182910194 0.0802337968904335 0.10042270169720222
72 0.5569027020606593 0.5652593021134267 0.07147410352912935 0.08787724990180408
53 0.47463465372033325 0.5688615459651067 0.0755579522843739 0.09024372579950324
9 0.22047994998606685 0.5633120244950843 0.07880135145453693 0.09182440651766229
275 0.6699471537203332 0.5677252510801545 0.0739954522843739 0.09023463544042354
263 0.7837728553800071 0.5701866548673424 0.08192635145453693 0.09184258723582168
131 0.8518781182517692 0.21760201035173257 0.11072678029369384 0.1318363281606354