22 0.6221903397778062 0.24453125 0.07867827792830404 0.1
20 0.5333735012431954 0.24921875 0.08192610866099877 0.10234375
16 0.43937783977780615 0.24453125 0.08217177012638803 0.10703125
11 0.3488347269329359 0.24609375 0.08200799581612853 0.10390625
10 0.251918783355371 0.2453125 0.08073210085908258 0.109375
113 0.6264285396869491 0.41484375 0.0793366971956095 0.09765625
111 0.5381472896869491 0.41484375 0.07678822930778502 0.09375
110 0.44962037822155987 0.41015625 0.0723054471956095 0.09765625
99 0.36384665253181936 0.41328125 0.07802318068726617 0.0875
85 0.27478415253181937 0.41328125 0.07789702792830414 0.1
72 0.6298069244672296 0.56875 0.069429430687266 0.0875
53 0.5479394487774891 0.571875 0.07345851141996071 0.08984375
9 0.2928834565794053 0.56484375 0.07666539857509047 0.09140625
275 0.7432519487774891 0.571875 0.07189601141996071 0.08984375
263 0.8574782230877489 0.575 0.07979039857509065 0.09140625
131 0.8804189196059896 0.22265625 0.10765977103089916 0.13125