11 0.253125 0.09453125 0.10234375 0.12109375
11 0.33828125 0.09453125 0.11796875 0.11953125
16 0.49453125 0.1140625 0.115625 0.13828125
16 0.609375 0.1140625 0.13125 0.13515625
113 0.26328125 0.24375 0.103125 0.11640625
113 0.34921875 0.24609375 0.11015625 0.11640625
10 0.4875 0.26875 0.07109375 0.1171875
10 0.596875 0.278125 0.13203125 0.121875
110 0.27890625 0.3796875 0.0921875 0.1125
110 0.35703125 0.38359375 0.1046875 0.10390625
111 0.49296875 0.41484375 0.10234375 0.121875
111 0.59140625 0.421875 0.12109375 0.10625
85 0.28125 0.49453125 0.090625 0.11015625
85 0.3609375 0.50546875 0.09921875 0.09296875
99 0.49375 0.5390625 0.09921875 0.11328125
99 0.58515625 0.55546875 0.1171875 0.09921875
53 0.29609375 0.59921875 0.08671875 0.09921875
53 0.36484375 0.61484375 0.09609375 0.0828125
72 0.49296875 0.6515625 0.103125 0.1046875
72 0.5796875 0.67109375 0.11171875 0.090625
9 0.30234375 0.69921875 0.08671875 0.10078125
9 0.371875 0.71484375 0.08984375 0.078125
35 0.49296875 0.75625 0.1 0.103125
35 0.5734375 0.77578125 0.103125 0.0875
275 0.30859375 0.80546875 0.075 0.09453125
275 0.37578125 0.821875 0.090625 0.07578125
264 0.490625 0.8640625 0.0921875 0.1015625
264 0.57109375 0.8875 0.09609375 0.08125
259 0.43671875 0.9265625 0.15390625 0.10859375