11 0.24485458727606502 0.08421719661650857 0.11293808034884237 0.12526393825073265
11 0.33001083727606495 0.08074734532391424 0.12842637931208306 0.12433810821267655
16 0.48455207431657427 0.0939118957044751 0.12772304175319427 0.14299260771838498
16 0.5993958243165742 0.08923237148418732 0.14307463967967565 0.14050427768032886
113 0.241955888265556 0.23302211114124502 0.1133092272385646 0.12060827174882985
113 0.32768833671041714 0.23186417635055348 0.1203404772385646 0.12089477323170464
10 0.4639874216774079 0.24888589718734985 0.08134632775694417 0.12008434832684482
10 0.5725422154568524 0.25380420745374244 0.1426939308672221 0.1272548611784261
110 0.24568789806750074 0.3683229411793011 0.10202997464666641 0.1162563527754692
110 0.32347114547560263 0.3690458413695816 0.11377811894449055 0.10817193874502422
111 0.4566746247404175 0.3947568127006695 0.11300643086722192 0.12604518825073266
111 0.5544969700750008 0.39777704194042285 0.13038942049962934 0.11118419220506529
85 0.23798412186569537 0.4830711906850095 0.10026242309152752 0.11384893577927464
85 0.31671471460838063 0.49076167387909553 0.1073524616871758 0.0970116042583438
99 0.44658814231805655 0.5189437292025723 0.10912957516504615 0.1173241042583438
99 0.5365590314320844 0.5316254599252004 0.1258680158342127 0.10399377471457924
53 0.2436689024028252 0.5871538542211627 0.09539926583421279 0.10275226828878878
53 0.31105189203523265 0.5999775063886096 0.10333890494824054 0.08672802026595505
72 0.43596441767139016 0.6314755627006694 0.1122839694628702 0.10888952174882985
72 0.5209744047118994 0.6474732944118807 0.11964741013203692 0.09517719022789901
9 0.24117003605023282 0.6868991862363852 0.09553596687097202 0.10431476828878879
9 0.3093342756826402 0.6996910049057348 0.09667880183796278 0.08178585228117755
35 0.42680544820851996 0.7361630627006696 0.10902226842611089 0.10719968775644091
35 0.5055654352490293 0.7524154623966584 0.1107802580585183 0.09170202174882984
275 0.2381243655506034 0.7928945182516076 0.08327041272393503 0.09758726581733068
275 0.30387650466463123 0.806563087415249 0.0972550002828239 0.079473935779275
264 0.4150293266721313 0.8440710631949611 0.10107306738935158 0.1053188527754692
264 0.4934475611207425 0.86422971289095 0.10320220391148141 0.08516552026595506
259 0.355655035201761 0.9087675745636675 0.1634069720547684 0.11486494912514758