11 0.24817082711465002 0.07831026295680997 0.10869000452255576 0.12765223550203053
11 0.33332707711465004 0.07285320250092198 0.124233117367426 0.12709103099852376
16 0.48855348767552814 0.08237149753598985 0.12287201322898297 0.14569083667404975
16 0.6033972376755281 0.07501197563676476 0.13833323891872346 0.143567132170543
113 0.25050685379975873 0.2268781708840894 0.10922559305716657 0.12301480027685514
113 0.3363215230670641 0.2237147956533767 0.11625684305716658 0.12346538325027714
10 0.47341540931768267 0.2375095805094118 0.07723528663473153 0.12174339450904412
10 0.5822990863869042 0.23987551203395935 0.13841844810012063 0.13033594694536763
110 0.2590076713034703 0.3618143753875962 0.0980833751693421 0.11840764342930994
110 0.3369279534156459 0.3607141479051301 0.11013299581612852 0.11061492982650449
111 0.4712277103130509 0.3832528770856392 0.10873094810012063 0.12843348550203046
111 0.569296718114967 0.38397596545773194 0.12666207654882305 0.11401004009782234
85 0.2553327154014335 0.4765079310631222 0.09639804443664754 0.11596376387966068
85 0.3344470053155253 0.4823388240310068 0.10409103573022023 0.09932697640273194
99 0.46549893148023563 0.5074215623108145 0.10515556874690705 0.11963947640273194
99 0.5560453663513731 0.5179702336563292 0.12238733435073926 0.10672846622369896
53 0.26469002600774016 0.5802442003414536 0.09191858435073925 0.10477594000553729
53 0.33262115445644264 0.5914635001568835 0.1004337692218769 0.08897046730343323
72 0.4588218063108934 0.6199716270856392 0.10861143939369348 0.11129605027685514
72 0.5445169668717715 0.6339456870801019 0.11646820499752568 0.09778426279992658
9 0.26569924807943607 0.6798436821428563 0.09200047150586901 0.1063384400055373
9 0.3344116265281385 0.6910129171834616 0.09393810775648763 0.083882449104836
35 0.4533353669172001 0.7246591270856392 0.10540455223856356 0.10953329117755643
35 0.5327805274780782 0.7390337052786992 0.107710680687266 0.09410855027685514
275 0.2663809215306129 0.785693163944259 0.07995417288534998 0.09933746838316751
275 0.33270860640175054 0.7977938433093382 0.09459652702379291 0.08158876387966049
264 0.4453414032132472 0.8326218214101132 0.0975101650834338 0.10747014342930968
264 0.524581845886301 0.850902649603173 0.10035188206674697 0.08740796730343306
259 0.38815966700805715 0.8985762908730148 0.15959740728151778 0.1184565106404584