273 0.30171515567892393 0.37748569232742835 0.2546602773541671 0.4701680960164204
259 0.7697864763486459 0.04900370666717192 0.06751546153100704 0.048042590260883755
275 0.7021099734988543 0.12828668568812893 0.06166550503399311 0.06519372882456528
264 0.8301804221120834 0.1266883451326576 0.06400925503399328 0.06520736436318471
138 0.7663919854667015 0.20521280005131365 0.06155640226045147 0.060506228824565245
99 0.7056921812301391 0.2821929356881289 0.06155640226045147 0.060506228824565245
65 0.7042219066288544 0.35326850496996964 0.05999390226045147 0.060497138465485635
85 0.8204463186729516 0.3461332367214012 0.05984843189572899 0.054247138465485636
119 0.7065487792540281 0.4196793001495095 0.061374564304548684 0.052693728824565335
9 0.818848757502535 0.4117400560032419 0.053562064304548684 0.05264827702916719
273 0.7566637609210076 0.726960535024199 0.16404562262517358 0.06735164734428026