273 0.52734375 0.25625 0.575 0.0890625
273 0.53359375 0.50390625 0.1375 0.090625
9 0.421875 0.58046875 0.13984375 0.084375
35 0.54453125 0.5828125 0.14375 0.0828125
53 0.66640625 0.5734375 0.14140625 0.0859375
72 0.42109375 0.65078125 0.14140625 0.08125
85 0.54140625 0.64921875 0.1375 0.078125
99 0.65859375 0.64453125 0.13359375 0.084375
110 0.421875 0.71484375 0.14375 0.084375
111 0.54296875 0.71875 0.14375 0.0765625
113 0.65625 0.70625 0.125 0.0796875
8 0.54140625 0.78046875 0.1375 0.0765625
0 0.43203125 0.778125 0.13515625 0.08125
275 0.65390625 0.76953125 0.125 0.0828125
259 0.43203125 0.84140625 0.13515625 0.0734375
0 0.540625 0.84296875 0.13515625 0.0765625
264 0.65859375 0.83359375 0.13359375 0.0828125