99 0.6204042361201839 0.2540123863621603 0.12251489546082901 0.11403592378986112
85 0.6063193995523622 0.3659801198538169 0.10919643992586625 0.08994332654882306
53 0.5966591681566837 0.46330882123329786 0.09240824400955017 0.07814601141996072
35 0.5875172919331485 0.5457937726127788 0.08728423439090349 0.06540034995457145
9 0.578948334584087 0.6118724739922599 0.07941717068857254 0.06342841417892267
152 0.5723238231513417 0.6670955625268705 0.07445685217691818 0.055370252713533574
264 0.5650991109929568 0.7395061510614813 0.0642460384745874 0.05327548620519007
260 0.7196154854023937 0.707687342264197 0.06631696996293321 0.04558581693788462
260 0.40209811398818174 0.767749580505552 0.08305060217691818 0.055820632066746964
260 0.42211794810893266 0.8220210006773685 0.08523066106992569 0.05125596279944169
260 0.6892533736068286 0.7702758734718614 0.07267609736759476 0.04903836555840364