273 0.5161658722616084 0.18563279606936045 0.08241534639736088 0.09467724801081764
260 0.5234652098834806 0.35597256806967864 0.05370767319868044 0.04748407467377245
259 0.53600964014179 0.6528930214035422 0.05531563730530316 0.049064756007317814
60 0.5122742749398107 0.7229055294000424 0.05768211935861452 0.04987327800763595
59 0.5677346647523962 0.7501043760741329 0.05772758346523723 0.05143577800763595
57 0.5138882507249158 0.7783742794000424 0.05765938730530316 0.04909202800763594
56 0.56932590848419 0.804791876074133 0.05772758346523723 0.05143577800763595
55 0.516283476510021 0.8338521200668151 0.058463369358614514 0.04988236867440889
54 0.5717438663226065 0.8610509667409056 0.05772758346523723 0.05143577800763595
47 0.5179201843484375 0.8901021200668151 0.05929008346523723 0.051453959341181486
46 0.5749885382676458 0.9188816480744512 0.05929008346523723 0.051453959341181486
44 0.5204063383467881 0.9487049607335878 0.060025869358614516 0.049900550007954084
43 0.5782332102126849 0.975104322535396 0.058554297571859946 0.0497913549292079