273 0.5130283533577261 0.21840402864330882 0.08077838001272682 0.0997883576783142
260 0.5173538687141797 0.3888941273985534 0.052889190006363405 0.050841372200461345
259 0.5247145720878141 0.6860651253239609 0.05446987133990895 0.05252227137062419
60 0.4997514820973592 0.7544240390162711 0.05682271200668154 0.05348112012586892
59 0.5547480647676317 0.785130509971977 0.056840893340226906 0.05504362012586892
57 0.5003969194382225 0.8098927890162709 0.05681362133990877 0.052699870125869096
56 0.5553844114417223 0.839818009971977 0.056840893340226906 0.055043620125869094
55 0.5018236067790858 0.8654207386013525 0.05760396200668154 0.05354031971095026
54 0.5568201894493583 0.8961272095570585 0.056840893340227086 0.055043620125869094
47 0.5024781347867218 0.9216707386013525 0.05840339334022691 0.05516201929603213
46 0.5590553987905398 0.9540581087272214 0.05840339334022691 0.055162019296031775
44 0.503941184794676 0.9767471643729386 0.05916646200668154 0.04650567125412266
43 0.5612906081317213 0.9918281740209547 0.05764032467377245 0.01634365195809053