273 0.5099930142067548 0.2805661499806033 0.42997742085843704 0.3198486960765936
20 0.35103543101129736 0.6719081113499705 0.09810230925276527 0.07822033697334127
11 0.35010813068698576 0.7250331113499705 0.09792503124958803 0.06806408697334128
113 0.34823593912897216 0.7875968842287878 0.09647162540538945 0.07418654121570664
110 0.3473086388046606 0.8407218842287879 0.09647162540538945 0.07418654121570682
85 0.3479438384803491 0.8937193384711535 0.09647162540538945 0.07418654121570682
53 0.34552222200341337 0.9430656342287879 0.0962261635548364 0.060124041215706824
16 0.5439302686742769 0.7497786645244708 0.1161528798696164 0.08437461318613834
10 0.5420580771162633 0.8123424374032882 0.11454946956119087 0.0819033174285039
111 0.5409944090972001 0.8732799374032882 0.11445401217486459 0.0764345674285039
99 0.5401080190813141 0.9240611874032882 0.11430400771063773 0.0678408174285039