266 0.5779911792957291 0.7566663933126435 0.06974207032575279 0.05632949045710234
265 0.5289335649682753 0.20440226270769973 0.05200893330244423 0.039301487123122404
343 0.5939137242241024 0.20301536376586654 0.04718502404661713 0.03501259985021878
20 0.595724250084818 0.2772978866446838 0.05028274219545174 0.03448644136548786
16 0.5960169159640671 0.33055043240231835 0.04713046034428636 0.03345009985021878
11 0.5962550181409854 0.3822404781599529 0.047103178493120804 0.032668849850218784
10 0.5971652429132419 0.4307417510387701 0.04562252404661713 0.034885054092584154
113 0.598048185834333 0.47846177391758743 0.04715774219545175 0.034231349850218785
111 0.5989038469042587 0.5254005467964047 0.046431055897782514 0.035730076971401556
110 0.6005134761230189 0.5714942967964047 0.045595242195451746 0.03410380409258416
99 0.5335441978152324 0.3364335127076997 0.05117311960011328 0.03767521424430509
85 0.5353720818433162 0.38877726270769974 0.04952877404661713 0.035203918486670635
72 0.537145402169069 0.43955851270769974 0.049501492195451746 0.03442266848667064
53 0.5388368769413255 0.48799601270769977 0.047938992195451745 0.03429512272903601
35 0.5412823198624167 0.5355884898288824 0.04882936960011328 0.03748389560785341
9 0.5421379809323423 0.5825272627076997 0.047239587748947896 0.036575099850218784
152 0.5445834238534334 0.6301197398288825 0.04729415145127884 0.038137599850218785