266 0.55 0.8015625 0.06796875 0.05078125
265 0.5203125 0.246875 0.05078125 0.03515625
343 0.58515625 0.25078125 0.04609375 0.03125
20 0.584375 0.325 0.04921875 0.03046875
16 0.5828125 0.378125 0.04609375 0.0296875
11 0.58125 0.4296875 0.04609375 0.02890625
10 0.58046875 0.478125 0.04453125 0.03125
113 0.5796875 0.52578125 0.04609375 0.03046875
111 0.57890625 0.57265625 0.0453125 0.03203125
110 0.57890625 0.61875 0.04453125 0.03046875
99 0.5203125 0.37890625 0.05 0.03359375
85 0.5203125 0.43125 0.0484375 0.03125
72 0.5203125 0.48203125 0.0484375 0.03046875
53 0.5203125 0.53046875 0.046875 0.03046875
35 0.52109375 0.578125 0.04765625 0.03359375
9 0.5203125 0.625 0.04609375 0.0328125
152 0.52109375 0.67265625 0.04609375 0.034375