259 0.45199267682162036 0.08364692816862827 0.05057369803344756 0.08435740909060951
266 0.49425992515463035 0.07430315584749393 0.04057694469946789 0.06701990462638266
85 0.48467724425012404 0.1965190750843732 0.04070449045710234 0.06858240462638268
72 0.4918995550106682 0.275411688314898 0.040848011668929554 0.06078354139585782
53 0.500094434407664 0.35663441477594765 0.041485740457102335 0.06859604139585782
35 0.5063441765317562 0.4331969147759477 0.03966814894183326 0.06544376785690745
9 0.5133751686558485 0.5097457780064725 0.04084801166892973 0.06078354139585791
152 0.5223512980528444 0.590954867698047 0.04304824045710234 0.0686233149348082
275 0.5101060027542517 0.7093054472433518 0.04226699045710234 0.06860967816533296
264 0.5532660713907035 0.7108991749222173 0.04194812606301603 0.06470342816533296
272 0.5175196321512475 0.7905418104738765 0.04687474212409235 0.07727161201270878
272 0.5604883821512475 0.7897917881527422 0.04687474212409235 0.07727161201270878