259 0.44453125 0.09140625 0.04375 0.08359375
266 0.4875 0.0828125 0.03515625 0.06640625
85 0.46796875 0.2046875 0.03515625 0.06796875
72 0.46875 0.28359375 0.0359375 0.06015625
53 0.4703125 0.36484375 0.0359375 0.06796875
35 0.4703125 0.44140625 0.034375 0.06484375
9 0.47109375 0.51796875 0.0359375 0.06015625
152 0.4734375 0.59921875 0.0375 0.06796875
275 0.4515625 0.7171875 0.03671875 0.06796875
264 0.49453125 0.71953125 0.03671875 0.0640625
272 0.45234375 0.7984375 0.040625 0.0765625
272 0.4953125 0.7984375 0.040625 0.0765625