259 0.44453125 0.06291939312476814 0.04375 0.08639737739018101
266 0.4875 0.05157208050941181 0.03515625 0.06865916486710973
85 0.46796875 0.1746986998800283 0.03515625 0.07022166486710972
72 0.46875 0.25355488510520363 0.0359375 0.0624592296419344
53 0.4703125 0.33470475555555435 0.0359375 0.0702717296419344
35 0.4703125 0.4112672555555544 0.034375 0.06704660009228505
9 0.47109375 0.4877796907807297 0.0359375 0.0624592296419344
152 0.4734375 0.5688794964562558 0.0375 0.07037185919158376
275 0.4515625 0.6882500601513462 0.03671875 0.07032179441675908
264 0.49453125 0.6878402475359898 0.03671875 0.06641554441675908
272 0.45234375 0.7694499953765215 0.040625 0.07916586829088246
272 0.4953125 0.7666964327611652 0.040625 0.07916586829088246