260 0.38822632488582054 0.4234375 0.03902753381817892 0.03046875
260 0.5035553269604129 0.42734375 0.048035680913749525 0.0359375
260 0.3838930997809298 0.4703125 0.041371283818178915 0.03046875
330 0.4968191522704407 0.475 0.03974958423309758 0.0296875
265 0.3771093808998164 0.52890625 0.03716903589277134 0.0265625
343 0.4907574838042458 0.534375 0.03861313672260831 0.025
10 0.4839145653380509 0.59375 0.0413120842330974 0.0296875
113 0.4772967898182417 0.63984375 0.043774233403260435 0.03125
85 0.370444061188866 0.5859375 0.03974958423309749 0.0296875
72 0.36538878566905686 0.63203125 0.039808783818178914 0.03046875
53 0.3596114597343291 0.67734375 0.037287435062934374 0.028125
35 0.35389333338468293 0.721875 0.0389683342330974 0.0296875
9 0.34889725744995526 0.7671875 0.03716903589277143 0.0265625
152 0.34401958068539057 0.8109375 0.03986798340326052 0.03125
260 0.44842181553854354 0.8765625 0.045455132573423464 0.0328125
260 0.3380763113893587 0.86875 0.035428937137526796 0.02421875
111 0.47151946388351396 0.68515625 0.041371283818178915 0.03046875
110 0.46556453919354174 0.7328125 0.038790735477853035 0.02734375
99 0.45912436242897703 0.7765625 0.04119368506293455 0.028125