24 0.45861706939903507 0.05142088072881532 0.08128300202859488 0.0923334980108177
22 0.46031771144351596 0.1935992900620426 0.07744098173605547 0.14071645401018137
20 0.6617711172877146 0.189694682089405 0.0830460994308071 0.14859258867759043
16 0.46474393303330164 0.35767997139558805 0.07568756696340309 0.12976077267663583
11 0.662345635955401 0.3568549100890868 0.08510347727182861 0.13221361067790854
10 0.46749856046728605 0.5154924713955881 0.07561938311602709 0.12585452267663583
260 0.6660451546230874 0.5240515007558596 0.08443132142762977 0.13845452001113578
111 0.47110262174864614 0.6772203120623608 0.07331654342445262 0.1281710006763177
110 0.6673600129823483 0.6888770694223141 0.07555119926865146 0.12194827267663584
99 0.4737754285657795 0.8303453120623608 0.07312562865180042 0.1172335006763177
85 0.6677572536468575 0.8458810474219959 0.07551028896022594 0.11960452267663584
72 0.4761209529155087 0.9628242238621805 0.07010004017804192 0.07435155227563897