259 0.55625 0.27734375 0.06171875 0.08359375
290 0.55703125 0.384375 0.03984375 0.0765625
342 0.4359375 0.2671875 0.0328125 0.05859375
266 0.48125 0.26875 0.0328125 0.05625
273 0.303125 0.4265625 0.0671875 0.07421875
119 0.37265625 0.4984375 0.0328125 0.06875
9 0.409375 0.50390625 0.034375 0.07265625
35 0.44921875 0.515625 0.03671875 0.0703125
53 0.490625 0.5234375 0.03671875 0.07265625
72 0.534375 0.53515625 0.03984375 0.07578125
275 0.2890625 0.5328125 0.04140625 0.06875
264 0.3296875 0.5453125 0.03359375 0.06875
131 0.27109375 0.25625 0.02734375 0.06015625