259 0.5772658527039367 0.2902906124602782 0.06805310560372177 0.08503026985163195
290 0.5861574458601039 0.3973400462558685 0.04564530933798814 0.07748987357510417
342 0.45618375809787715 0.2773340579393754 0.03725246888111329 0.05935746941479163
266 0.5016146572680402 0.2799512180836115 0.03707487012586874 0.05701371941479163
273 0.33544797345450555 0.4336178126890281 0.07281146058274368 0.07578255642076392
119 0.41042558528200457 0.5071111704965628 0.038022063487172984 0.06951371941479163
9 0.4475587323775752 0.5134345588893059 0.03988056141258056 0.07345633700597212
35 0.48829047615379795 0.5260806824644101 0.04204671265733602 0.0711671383927431
53 0.5302887220046131 0.5348569236306948 0.04222431141258056 0.07351088839274311
72 0.5749267157808358 0.5475939661837504 0.045586109752906626 0.07670862357510408
275 0.3294366170255912 0.539540504368403 0.04661581348717307 0.06971374116628475
264 0.37100881038689537 0.5529860617390975 0.03880331348717307 0.06953190321038197
131 0.29051121390673595 0.2625597770698266 0.03190211805127641 0.06079268284565975