259 0.5449491081754955 0.32600931908629527 0.06512493429640002 0.08899344095199062
290 0.5413691689361797 0.4331089196046749 0.042963432813525236 0.08004837643736096
342 0.42505044365075906 0.3053270892558325 0.035200012357289624 0.061464471771944404
266 0.47029927665456467 0.3108539193218509 0.03510451186299814 0.059120721771944315
273 0.2857439100389311 0.4530825011312958 0.07021168231923358 0.08009689458064813
119 0.3523464782139891 0.5310406972670826 0.03561384783255317 0.07162072177194431
9 0.3888423937273087 0.5397219216309251 0.037335515323039206 0.07566367280870363
35 0.4282086412558508 0.5549265480682861 0.03958376482874755 0.0735249743638425
53 0.4692965562748789 0.5663616255424064 0.039679265323039205 0.07586872436384251
72 0.512569053803421 0.5819080045716657 0.04293159931542796 0.07926712643736096
275 0.2673520542977125 0.5581021918004624 0.04420759783255317 0.07237257747412026
264 0.30746771832815734 0.574156418756203 0.03639509783255317 0.07168907229032406
131 0.2606523626241198 0.27996762987773094 0.029794929353484 0.06254851814328699