99 0.5322658661242305 0.1673824220632986 0.07674728573022023 0.09799473960843982
85 0.5266222964728124 0.30499168270696037 0.07337662426483096 0.09308871832111638
53 0.5183450497521728 0.4330074220632986 0.06445532564431211 0.08623778478097677
35 0.5122444566950063 0.5494136720632985 0.06486808344622812 0.0792611651028075
9 0.5088970494134886 0.6581713130287912 0.05997586555840364 0.07502713317182241
168 0.5027931343300546 0.7596791827069603 0.0550017605154494 0.06923060124083733
259 0.4039251871344451 0.8507797940872562 0.05886706693788461 0.06872250284999168
264 0.49660733209149105 0.8627495523851294 0.05364397840327406 0.07302759059717552
275 0.5907700898934071 0.8763910713266643 0.05816770409301455 0.07023037252816096
272 0.40378134498178975 0.9432950760182415 0.05414194538658723 0.05282435124083733
272 0.581496909206141 0.9635632893956793 0.053442582541716986 0.0543322209190066