99 0.5299938665760761 0.1296875 0.07837600829787324 0.09296875
85 0.5219414299338434 0.2671875 0.07492322636688797 0.08828125
53 0.511419557153581 0.3953125 0.06589243379224108 0.08203125
35 0.5032796392007818 0.51171875 0.06618201089576328 0.075
9 0.4980297744662912 0.6203125 0.06122135928660892 0.07109375
168 0.4901465826282784 0.721875 0.056151447033792934 0.065625
259 0.38956779239941997 0.81953125 0.060003066711962025 0.06484375
264 0.48215413014660397 0.825 0.05486209864294729 0.06953125
275 0.5761937072501262 0.83203125 0.059331077355623665 0.06640625
272 0.3878089144233776 0.91171875 0.05500421027534461 0.04921875
272 0.5653876112050689 0.91953125 0.05433222091900625 0.05078125