259 0.52578125 0.0875 0.07890625 0.11328125
197 0.58359375 0.28203125 0.07109375 0.0921875
196 0.4703125 0.3125 0.075 0.08359375
195 0.5796875 0.37109375 0.06328125 0.08046875
220 0.475 0.40390625 0.06640625 0.08359375
218 0.58046875 0.45 0.065625 0.0765625
85 0.4765625 0.48203125 0.0625 0.07265625
72 0.57734375 0.52109375 0.05625 0.0703125
53 0.48125 0.5515625 0.065625 0.0796875
35 0.5765625 0.57890625 0.0546875 0.05859375
9 0.4859375 0.61171875 0.05 0.06796875
177 0.4875 0.67265625 0.05625 0.053125
156 0.575 0.63828125 0.053125 0.06015625
121 0.49140625 0.728125 0.0546875 0.04921875
120 0.575 0.69375 0.05390625 0.05625
122 0.5734375 0.74375 0.0453125 0.04453125
275 0.49609375 0.859375 0.0609375 0.0546875
264 0.5703125 0.828125 0.04296875 0.04921875
260 0.57109375 0.89921875 0.03984375 0.0453125