259 0.52578125 0.052221003968125436 0.07890625 0.10444200793625087
197 0.58359375 0.23439290952350103 0.07109375 0.09799083197237142
196 0.4703125 0.27410872695200483 0.075 0.08971594636645772
195 0.5796875 0.3237742739175874 0.06328125 0.08563435318419862
220 0.475 0.36513233967910125 0.06640625 0.0890144446994678
218 0.58046875 0.4026167510387701 0.065625 0.08191942182065048
85 0.4765625 0.4431297939214668 0.0625 0.07775808030538159
72 0.57734375 0.4739655925540392 0.05625 0.07490414727484325
53 0.48125 0.5122784066485632 0.065625 0.08504442182065049
35 0.5765625 0.5318418654328564 0.0546875 0.06305785151720862
9 0.4859375 0.5720520193756595 0.05 0.07205021424430509
177 0.4875 0.632861973618025 0.05625 0.05771664727484325
156 0.575 0.5913444111904911 0.053125 0.06449280575957417
121 0.49140625 0.6880118592239386 0.0546875 0.05368285151720862
120 0.575 0.646813161190491 0.05390625 0.06065032863839157
122 0.5734375 0.6969407069481255 0.0453125 0.04823007697140156
275 0.49609375 0.818879221951035 0.0609375 0.059661784547746774
264 0.5703125 0.7815707984633946 0.04296875 0.052726258334949705
260 0.57109375 0.8526007755845774 0.03984375 0.0485649168196808