259 0.5796875 0.0796875 0.07890625 0.11171875
10 0.57734375 0.2421875 0.08671875 0.11953125
85 0.4625 0.24453125 0.08515625 0.11953125
113 0.58046875 0.3703125 0.08515625 0.1109375
72 0.4640625 0.371875 0.0796875 0.1078125
111 0.5796875 0.48984375 0.084375 0.10703125
110 0.57890625 0.60859375 0.08125 0.1078125
99 0.5796875 0.725 0.0765625 0.09921875
53 0.465625 0.49140625 0.0828125 0.10546875
35 0.465625 0.6078125 0.0796875 0.10390625
9 0.46953125 0.72265625 0.078125 0.1015625
275 0.4703125 0.93046875 0.08125 0.103125
264 0.5796875 0.9390625 0.0734375 0.0921875