259 0.5847941070321154 0.0551925272965749 0.0860655127999264 0.1103850545931498
10 0.5928638301956448 0.2152972826743857 0.09437866054817298 0.12357024069437506
85 0.47817027452011873 0.2229899662966662 0.09281616054817299 0.12349746608726919
113 0.6041994532668891 0.34327673346017396 0.09226544802510173 0.1149037160872692
72 0.48789333281653846 0.35026094168956035 0.0865964389258032 0.11152400496239875
111 0.6110781138150622 0.46284437076372686 0.09123387415097853 0.11096107878371626
110 0.6179067095884105 0.5816307580672799 0.0881589389258032 0.11159677956950453
99 0.626147611037285 0.6980006207637268 0.08292072640273176 0.10278470574818713
53 0.4971157433647114 0.4697194170824545 0.08957124460132918 0.10932580417661057
35 0.5045753948135859 0.5861256670824545 0.08634611505167981 0.10761775496239885
9 0.515841166712811 0.7007874805646898 0.08463342072720578 0.1052012303552928
275 0.5299396468161708 0.9085635932611369 0.08785855027685514 0.10690927956950454
264 0.6398653593392419 0.9120631207637269 0.07934514342931002 0.0956079065339754