259 0.5782965495135327 0.09993063356474752 0.08085630803494936 0.11447421696770821
10 0.5731163514626972 0.2623487880112512 0.088805175729701 0.12255953547936249
85 0.4582316911542718 0.26068210588993335 0.08724267572970099 0.12250497177703164
113 0.5740049212687695 0.39058291541591295 0.08709267126547413 0.11391122177703164
72 0.45757139772981914 0.3880804195922642 0.08156937418757337 0.11059524881887359
111 0.5711372455390684 0.5100868835647475 0.08624323741809832 0.10997768992586625
110 0.5682832065788427 0.6288096017135821 0.08313187418757337 0.11064981252120454
99 0.5670325779270422 0.7452431335647475 0.07829436972334651 0.10189237141421188
53 0.45704747200011814 0.507666233294595 0.08465346387914785 0.1083606262235353
35 0.4550155933483177 0.6240724832945951 0.08150119034019773 0.10668899881887377
9 0.45691723823546776 0.7390526425504221 0.07989778003177203 0.10429068511654283
275 0.45407110755507246 0.9468924244015875 0.08305005357072233 0.10596231252120454
264 0.5632961030908457 0.9559648182799861 0.07504663879807012 0.08807036344002768