28 0.1796875 0.515625 0.0625 0.08515625
36 0.2484375 0.521875 0.0625 0.08515625
37 0.3203125 0.51953125 0.0625 0.07734375
38 0.38984375 0.51953125 0.0640625 0.08125
39 0.45703125 0.52265625 0.0640625 0.08359375
41 0.52734375 0.525 0.0609375 0.07890625
42 0.59453125 0.52578125 0.0640625 0.08125
43 0.66484375 0.52734375 0.0640625 0.0875
26 0.66328125 0.640625 0.0640625 0.08125
25 0.5953125 0.63828125 0.059375 0.07734375
24 0.52578125 0.63984375 0.0546875 0.07890625
53 0.38984375 0.6375 0.0578125 0.07890625
9 0.2515625 0.63671875 0.0625 0.08125
120 0.18203125 0.634375 0.0640625 0.08125
264 0.81328125 0.53046875 0.0640625 0.09765625
275 0.81328125 0.646875 0.0640625 0.08515625
259 0.81953125 0.234375 0.0734375 0.09765625
265 0.18125 0.384375 0.034375 0.04375
260 0.22421875 0.38828125 0.0359375 0.04765625
260 0.2609375 0.38828125 0.03125 0.04765625
260 0.29765625 0.38828125 0.0359375 0.04765625
260 0.33359375 0.3875 0.0328125 0.04609375
260 0.36953125 0.38828125 0.0390625 0.04765625
24 0.40625 0.38984375 0.040625 0.05
25 0.4421875 0.39296875 0.0375 0.05234375
26 0.47890625 0.39375 0.0359375 0.05
28 0.51484375 0.39140625 0.0390625 0.05
36 0.55234375 0.39609375 0.0390625 0.05390625
266 0.58828125 0.39453125 0.0359375 0.05625
266 0.625 0.39375 0.0375 0.05
266 0.6609375 0.39609375 0.0375 0.05
41 0.69765625 0.39609375 0.0390625 0.05
266 0.7359375 0.396875 0.040625 0.05234375
43 0.77265625 0.39453125 0.0359375 0.04765625
266 0.81484375 0.396875 0.0421875 0.05234375
266 0.31796875 0.63671875 0.0765625 0.08984375
266 0.45546875 0.6375 0.0703125 0.09140625