158 0.6450818213613355 0.29147233085514007 0.08036385145453692 0.09482665653397522
266 0.43528076887182465 0.29657301551087795 0.07989025477388481 0.08857665653397531
266 0.4256787806946793 0.4130156528144308 0.0818079522843739 0.09333693114108108
266 0.6200324319394348 0.40629896422975165 0.0697340047738848 0.0881036215877872
266 0.4103479333893273 0.5125982758499601 0.07785415809323268 0.08225388192686936
266 0.6012213871235936 0.5107146364794927 0.07676525477388481 0.08843110731976367
266 0.3988049369138123 0.6135614623677247 0.07581806141258056 0.07593110731976367
266 0.5852868885734862 0.6079898968185748 0.07443316016782511 0.07820208271265763
266 0.39121573462943837 0.7034415996712777 0.07708456348717299 0.07209763192686935
266 0.5690447367040308 0.69905154446121 0.07005331348717299 0.07177014619489305
263 0.29998708338468294 0.7053551641869704 0.07894306141258056 0.07607665653397522
259 0.49109733545927536 0.7003465248165028 0.07708456348717299 0.07209763192686935
275 0.3117920342191643 0.5187455760976292 0.08410415809323268 0.08254498035529281
264 0.5193677358788382 0.5121915533525501 0.0814527547738848 0.08864943114108108
303 0.3147790147226398 0.29440054756158185 0.11821904896502602 0.10126074710451594
304 0.3066803269604129 0.4115516602580289 0.11630135145453693 0.09650047249741008
182 0.5319287806946793 0.40806697953123255 0.09802494813518906 0.10187717721213971
281 0.5514502205314986 0.2942763072814915 0.09068604481584117 0.1077633041766104
163 0.3045696848392198 0.6140580760976292 0.08086075892306965 0.08083693114108108
163 0.5042736869138122 0.6086491763880794 0.08115675684847723 0.08474318114108108