259 0.3498412210592415 0.3667180693825432 0.16883433475372306 0.07146756202258989
263 0.6237871525475872 0.37772139341976874 0.16759921696770821 0.08082438068904443
275 0.3503099578123975 0.4652010227164068 0.18171628067003914 0.08255051269095333
264 0.61219239891939 0.46355889608526885 0.15892362141421187 0.07838063335454457
85 0.3456993249654402 0.5972322727164068 0.15622520734906137 0.06819711135422643
231 0.5919294842212673 0.5961895827498143 0.16083086179556502 0.06590790535486271
53 0.33903760799773197 0.6760930693825432 0.16479167549789597 0.0675158586887262
72 0.58922858095589 0.6735333327498143 0.15622520734906137 0.06819711135422643
9 0.3356373002858509 0.7510839787157705 0.16697173439090332 0.06285563068904451
35 0.5860738099044978 0.7414929920830418 0.15818701143274544 0.05728688335454457
121 0.3183381836809624 0.8212237560470887 0.17494792549789598 0.06763403735677151
120 0.5805207251507747 0.8109878794159506 0.15204613883740697 0.06033915802036276