259 0.33503139252217845 0.35617253896352113 0.1716750130722545 0.0724358818982112
263 0.6086581466713634 0.35919853287773645 0.1708229080932327 0.08178360835926082
275 0.33147849480190794 0.4545418551161452 0.18500380726339571 0.08359157020981378
264 0.593552442312397 0.4452860373419633 0.16205155933798815 0.07928985389503396
85 0.3214737649231324 0.5865731051161452 0.15893821473192843 0.06909269358660844
231 0.56786351284854 0.5783712727314667 0.1634481159766839 0.06683076420345949
53 0.3115883568298997 0.6655475389635211 0.167472765146847 0.06846144805083529
72 0.5620027539254704 0.6557150227314666 0.15893821473192843 0.06909269358660844
9 0.30512394666207454 0.7405611757329963 0.1694613176363579 0.063814858359261
35 0.5560711400233787 0.7236974095009419 0.16045317054078723 0.058196103895033956
121 0.28495223400473846 0.8111327743530244 0.177629015146847 0.06863872605401262
120 0.5476773769511242 0.7932832065788425 0.15443996888111328 0.06121200973923262