259 0.3625 0.3625 0.16640625 0.06953125
263 0.63671875 0.3703125 0.16484375 0.07890625
275 0.36640625 0.4609375 0.17890625 0.08046875
264 0.628125 0.45625 0.15625 0.0765625
85 0.36640625 0.59296875 0.15390625 0.06640625
231 0.6125 0.5890625 0.15859375 0.0640625
53 0.3625 0.671875 0.1625 0.065625
72 0.6125 0.66640625 0.15390625 0.06640625
9 0.36171875 0.746875 0.16484375 0.0609375
35 0.61171875 0.734375 0.15625 0.05546875
121 0.346875 0.8171875 0.17265625 0.065625
120 0.60859375 0.80390625 0.15 0.05859375