260 0.4765625 0.08046875 0.07265625 0.07265625
26 0.575 0.09296875 0.071875 0.07421875
23 0.478125 0.15859375 0.07265625 0.08046875
24 0.57265625 0.1703125 0.06875 0.08046875
20 0.47734375 0.24375 0.075 0.08203125
22 0.56875 0.25390625 0.0640625 0.07578125
16 0.56484375 0.33125 0.06953125 0.07421875
11 0.46953125 0.3296875 0.06953125 0.07578125
10 0.56328125 0.4046875 0.06953125 0.07265625
113 0.46875 0.40546875 0.071875 0.07421875
111 0.5625 0.47890625 0.0703125 0.07578125
110 0.46484375 0.4859375 0.0734375 0.07578125
99 0.55703125 0.553125 0.06484375 0.06796875
85 0.465625 0.55625 0.0640625 0.071875
72 0.55234375 0.6234375 0.06328125 0.06640625
53 0.46328125 0.63046875 0.0671875 0.07265625
35 0.55234375 0.69375 0.0671875 0.07578125
152 0.4578125 0.7078125 0.06953125 0.07421875
275 0.45859375 0.8078125 0.0640625 0.0796875
264 0.546875 0.79453125 0.0640625 0.07265625
260 0.7140625 0.665625 0.053125 0.103125
20 0.70703125 0.759375 0.05625 0.10390625
22 0.76171875 0.8140625 0.05859375 0.115625
23 0.8234375 0.871875 0.06875 0.1421875
110 0.703125 0.8453125 0.04765625 0.10390625
260 0.75703125 0.90390625 0.059375 0.109375
260 0.6953125 0.9234375 0.0515625 0.1078125
272 0.46875 0.91640625 0.028125 0.05703125
272 0.5578125 0.89609375 0.02421875 0.05234375