273 0.45396039163744384 0.3503868118367879 0.09916024878218402 0.04886539772027047
263 0.4369053051922803 0.4013689713799131 0.031836381087432385 0.035961733403260435
260 0.43567977028924415 0.46525387262466855 0.04672104139585791 0.039430275519809224
260 0.4880235202892441 0.4692202448251299 0.04047104139585791 0.03895667883915728
24 0.4897729809219813 0.5247481944102115 0.03652388108743239 0.0363169309137497
22 0.49037299877888874 0.5591231944102113 0.04043013108743239 0.0366129288391571
16 0.49405710632737065 0.5913912427505374 0.037291494317957155 0.03559488049883104
10 0.494643487414803 0.6249849927505375 0.031836381087432385 0.03596173340326061
111 0.43731618262626454 0.5590038726246686 0.03649660754848192 0.03475443091374952
99 0.4403008607915975 0.5959002213799132 0.03735967816533296 0.03950113049883104
72 0.4416684918790299 0.6295531709649946 0.04045740462638268 0.0381754288391571
35 0.44304975973593735 0.6639873705500762 0.038894904626382676 0.03805702966899407
152 0.44602080113179515 0.7001024693053207 0.04200626785690744 0.03751257800932013
272 0.4729475397677095 0.7676810556130105 0.026190353084255057 0.025391086307690002