273 0.45211922004295263 0.27980061755888835 0.09891930533895418 0.049441632730975724
263 0.4347595447167249 0.3336111437716855 0.03164089867122719 0.0361446651526907
260 0.43316122939208823 0.3978649624081373 0.04651192067154515 0.03970009985021879
260 0.4855049793920882 0.39359217952738035 0.040261920671545146 0.03918991681968063
24 0.4869316667329516 0.44899715664856316 0.03632839867122719 0.03652730242559432
22 0.48733165607095136 0.48337215664856314 0.04023464867122719 0.03684616681968063
16 0.4908293734086328 0.5151483151332941 0.03710055800445424 0.03580982530441155
10 0.49122027207986 0.5487420651332939 0.03164089867122719 0.03614466515269079
111 0.43425210940481485 0.4916149624081373 0.03631021733768165 0.03496480242559432
99 0.4370231207431329 0.5281423937716856 0.03714601133831792 0.03971607530441155
72 0.43819526941435993 0.5616723708928683 0.04025283000477238 0.03840866681968062
35 0.43937650875235973 0.5959835980140509 0.03869033000477238 0.038281121062045995
152 0.4421384294239049 0.6317297793775992 0.04180623933799978 0.037754962577315254
272 0.46868329543281356 0.6952502743766293 0.026053970003181704 0.025542005000969682