231 0.5784185535709724 0.1736560554149555 0.04798486474138901 0.08339685090962279
260 0.476311192913646 0.17904556864952187 0.057650805470833434 0.09633349855225797
16 0.5803096683123613 0.25490605541495553 0.04544109298989589 0.074693938998964
22 0.478275042837396 0.26342056864952185 0.04627689437666671 0.07707407630251692
11 0.48481728998760437 0.34332639247083946 0.047748475398715226 0.07324060090962278
10 0.5796933788934377 0.32901564350429674 0.04549564437666671 0.07703768899896399
113 0.48581805195545175 0.4198525051672865 0.05009222539871523 0.07334976282028158
111 0.5829469718833337 0.40174466811140264 0.04862064437666671 0.07718323821317571
110 0.488181292171806 0.48785764247083935 0.04329736474138883 0.08317852708830528
99 0.5846016972820489 0.47283841811140254 0.04306097539871523 0.07302227708830529
85 0.49297920136611156 0.5598781916850512 0.043842225398715226 0.07305866439185812
72 0.5846030037028129 0.5399531435042968 0.04544109298989589 0.074693938998964
53 0.49763164019569495 0.6256487408992629 0.045259255033993105 0.066881438998964
35 0.583114545305938 0.6101200942900851 0.04520470364722229 0.06453768899896399
159 0.5000857993900005 0.6975601282028159 0.04549564437666671 0.07703768899896417
152 0.5041024585843061 0.7695442901134746 0.04378767401194459 0.07071491439185813
266 0.5859499109972575 0.6648803688971909 0.043696755033993104 0.06680866439185813
272 0.5870415919430562 0.745312731593638 0.043242813354618194 0.08083477708830529