231 0.575 0.146875 0.04609375 0.08125
260 0.47265625 0.15703125 0.05546875 0.09375
16 0.575 0.228125 0.04375 0.07265625
22 0.47265625 0.24140625 0.04453125 0.075
11 0.47734375 0.32109375 0.04609375 0.07109375
10 0.57265625 0.30234375 0.04375 0.075
113 0.4765625 0.39765625 0.0484375 0.07109375
111 0.57421875 0.375 0.046875 0.075
110 0.47734375 0.465625 0.04140625 0.08125
99 0.57421875 0.44609375 0.04140625 0.07109375
85 0.48046875 0.5375 0.0421875 0.07109375
72 0.57265625 0.51328125 0.04375 0.07265625
53 0.48359375 0.603125 0.04375 0.06484375
35 0.56953125 0.58359375 0.04375 0.0625
159 0.484375 0.675 0.04375 0.075
152 0.48671875 0.746875 0.0421875 0.06875
266 0.57109375 0.63828125 0.0421875 0.06484375
272 0.5703125 0.71875 0.04140625 0.07890625