225 0.46348261783658373 0.24790113107763925 0.21204616795279935 0.12115222064906268
23 0.47929292415698554 0.3847653514423615 0.19883597376899792 0.11070502991961817
11 0.495228916615417 0.512272755602674 0.18991444183801284 0.10581750816812523
111 0.5059475313499074 0.6209392407850352 0.17819569183801284 0.10554475123427096
85 0.5172288747970747 0.7264989097629865 0.1704542476542116 0.09522484707395851
35 0.5289801118076245 0.8164699463321184 0.15582901894153486 0.0980043549577431
194 0.5338804152780346 0.8977017625365281 0.13564220507956454 0.08817476006798622
22 0.24242670868586078 0.36599259517409743 0.1688917476542115 0.09518847948277784
10 0.2645198659949983 0.48116365349472245 0.1688917476542115 0.09518847948277802
110 0.28919172008582716 0.5885949469977085 0.15784498701054978 0.09337140634451409
72 0.30841124967102385 0.6849796377271529 0.14736095507956454 0.08844751700184048