46 0.49532860439214665 0.05056061972593786 0.04247428454774695 0.061155668617910816
44 0.48973256651041985 0.1286901649054777 0.0391579659112951 0.05879373789975162
43 0.4858265743863276 0.2052663004440971 0.03856803454774678 0.06113294272021177
42 0.4821119008986873 0.27949868598271654 0.03993921591129492 0.05879828307929138
41 0.476898500289864 0.3529407311622563 0.04006676166892973 0.06036078307929138
39 0.47272144119631 0.4232623215213359 0.037404147274843244 0.05644089754067192
38 0.46789067786039046 0.4920168667008758 0.038966647274843245 0.05644998789975162
37 0.4644948687668363 0.5623430022394953 0.037786784547746956 0.0611283975406721
36 0.4599191969461859 0.627972547419035 0.036941761668929554 0.06034260236113216
28 0.4559972293679008 0.6951691377781146 0.0360329659112951 0.0587755571815924
26 0.4515491033048849 0.7592361829576545 0.0375954659112951 0.0587846475406721
25 0.43400872499515086 0.13149245715815122 0.04084801166892973 0.06036532825883123
24 0.4308202099922413 0.20885438787631044 0.041310397274843244 0.05646362343837108
23 0.4253517178681491 0.2854214330558503 0.039157965911294924 0.05879373789975162
22 0.42085579438050863 0.3596492734149299 0.03962035151720862 0.05489203307929138
16 0.4182412352869546 0.42997995413308915 0.03903042015366047 0.05723123789975162
11 0.4125016761934005 0.5002924541330891 0.040848011668929554 0.06036532825883114
113 0.41151338997866366 0.569850975210328 0.0375954659112951 0.0587846475406721
110 0.4074638766427441 0.6386100655694076 0.035586555759574166 0.05330680718159222
85 0.4026968861856418 0.7065833607489475 0.0368142159112951 0.05878010236113216
53 0.3997474872438086 0.7714407462875668 0.0368142159112951 0.05878010236113233
152 0.3959530654231581 0.8370748366466465 0.0375954659112951 0.0587846475406721