46 0.498664219326864 0.09133223124458237 0.03820907200827221 0.06421832488222215
44 0.4985364026495917 0.169525581762962 0.03505680000795408 0.06160117280870363
43 0.4999892673058649 0.24629313331810093 0.03430282200827239 0.06387657229032406
42 0.5014694039624563 0.3207169348732398 0.03583805000795426 0.0616695233270832
41 0.5013961312858204 0.3942227853916194 0.03585623134149962 0.06323202332708329
39 0.5021404712762754 0.4646719864283787 0.03346702800763594 0.059120721771944315
38 0.5021217426002759 0.5334903369467583 0.035029528007635945 0.05925742280870363
37 0.5036473325907307 0.6040078885018971 0.033521572008272216 0.06380822177194431
36 0.503664966581822 0.6697012390202768 0.03273123134149962 0.06295862125356474
28 0.504445669239368 0.737025440057036 0.03193180000795426 0.06132777073518518
26 0.5044814845640048 0.8011562905754157 0.03349430000795408 0.06146447177194432
25 0.4430312899825008 0.1677976949580084 0.03663748134149962 0.0633003738454629
24 0.44525631397200127 0.24541484703152694 0.03737327800763594 0.05946247436384251
23 0.44514667862827456 0.32204569754990653 0.03505680000795408 0.06160117280870363
22 0.44584556528486585 0.3964011485866658 0.035792596674090585 0.0577632733270832
16 0.44815240527532085 0.46698705066018437 0.03503861867440872 0.06003867280870363
11 0.4473342452657758 0.5372995506601843 0.03663748134149962 0.06330037384546294
113 0.45121267592300357 0.607240903770462 0.03349430000795408 0.06146447177194432
110 0.45197519724700397 0.6761276048072213 0.03186816534054522 0.055859020735185186
85 0.4519655592377772 0.744164705325601 0.03271305000795408 0.06139612125356475
53 0.45355478389564113 0.8092135068807398 0.03271305000795408 0.06139612125356493
152 0.4543536678867325 0.874975207917499 0.03349430000795408 0.06146447177194432