273 0.4911837338699495 0.17962897175218562 0.1408112446233165 0.08070868664223271
259 0.49466626054397 0.3721988840050017 0.029289393713693813 0.026966691585911206
16 0.5317339210068867 0.42760764984444355 0.032450781017246653 0.027966462873234833
99 0.46451003370333377 0.43152460752189814 0.029180231803034928 0.024622941585911207
11 0.533626060791639 0.46823264984444357 0.031669531017246656 0.027911832551403747
10 0.5347369505763913 0.5089122801662744 0.0332684183207995 0.028802343195065562
113 0.5358478403611435 0.5495919104881052 0.031633143713693815 0.02713058255140375
111 0.5376308182352372 0.5878731604881052 0.03003425641014079 0.026240071907741934
110 0.5394865707164365 0.6277169104881052 0.030107031017246655 0.027802571907741935
85 0.4655481488809802 0.47064173784372904 0.028435369106587772 0.02534956126408048
72 0.4681123767550737 0.5088683575218982 0.030107031017246655 0.027802571907742112
53 0.4691504919327201 0.547985487843729 0.02772689371369381 0.026857430942249395
35 0.4709698571103666 0.587047987843729 0.026909256410140792 0.026021550620418665
9 0.4720079722880131 0.6261651181655599 0.030070643713693813 0.02702132190774211
152 0.4745358128585536 0.663610487843729 0.028544531017246653 0.027693311264080478
275 0.4746300121965998 0.7161181288092215 0.0285809183207995 0.0284745612640803
264 0.5415820717498938 0.7231933014535978 0.030179805624352518 0.029365071907742114
272 0.4744010339082216 0.8290005410620378 0.02296661910658777 0.024967149011263956