273 0.4924275966752111 0.19647562968209642 0.14122586555840363 0.07589535580511528
259 0.4970309667561706 0.38885410264025444 0.0294351944820761 0.025982146641955417
16 0.5344357914959714 0.44546620118897556 0.03260113805964089 0.02687252404661713
99 0.46720734791840657 0.4470311903892024 0.029312363749381377 0.02363839664195542
11 0.5365648575293449 0.4860912011889756 0.03181988805964089 0.026845242195451747
10 0.5379126735627185 0.526743483040141 0.03342333163720586 0.027681055897782515
113 0.539260489596092 0.5673957648913064 0.0317789444820761 0.026063992195451746
111 0.541266724896771 0.6056770148913064 0.03017550090451131 0.0252281784931208
110 0.5433548473525797 0.6455207648913064 0.03025738805964089 0.0267906784931208
85 0.4684732767966503 0.48612097224036777 0.028572057326946166 0.024392364790790034
72 0.47126076209732926 0.5243749403892023 0.03025738805964089 0.02679067849312098
53 0.4725266909755731 0.5634647222403679 0.027872694482076098 0.025927582939624473
35 0.4745738698538169 0.6025272222403678 0.02705050090451113 0.025119051088459087
9 0.4758397987320606 0.6416170040915332 0.0302164444820761 0.02600942849312098
152 0.4785863404551747 0.6790897222403678 0.028694888059640888 0.026736114790790032
275 0.47898581015202135 0.731515317793864 0.028735831637205677 0.027517364790789856
264 0.5460062138154945 0.7409151104448026 0.030339275214770645 0.028353178493120978
272 0.4794129353213636 0.844206290752022 0.023103307326946165 0.024201391832632167