37 0.5864756694226282 0.196287808031654 0.052301599181693345 0.08914036647693573
36 0.44665920127379355 0.1930655762955986 0.05405507213985139 0.09463639001588606
28 0.5826016465571373 0.307225308031654 0.05162947658635506 0.09225172970746058
26 0.44663686470597197 0.30563376014297444 0.052438008437520445 0.09304661647693564
25 0.57972712850097 0.41192644480112917 0.04766866288402412 0.0906210458600846
24 0.4427355599893158 0.4173525101429744 0.052438008437520445 0.09304661647693564
23 0.5776338604448027 0.5166412183400796 0.05227431733052797 0.08835911647693565
22 0.4412871326773213 0.5259871704514 0.04850447658635506 0.09219718262955982
16 0.5740053742398008 0.6205474683400796 0.04982143992586607 0.08519320616851012
11 0.4375222372164922 0.6337996704514 0.05149306733052796 0.08834547970746058
10 0.5681422654394606 0.721287808031654 0.04772322658635506 0.09218354586008459
113 0.4346477191603249 0.7385008072208752 0.05152034918169335 0.08912672970746058
111 0.566158124787955 0.8228775815706044 0.04656003067003915 0.08123240909060954
110 0.43403510555066127 0.8455866042987757 0.050711817330527965 0.08833184293798553
99 0.5642285478387802 0.9229048551095549 0.048313503628197196 0.08672843262955965
85 0.4304611830479903 0.9479303542987758 0.05057540807470069 0.08442559293798553
342 0.8564880690598085 0.20959988027006285 0.04036459437236992 0.08268581493480812
342 0.9531993779528157 0.21597833968498392 0.03632193511654265 0.0787113810874323
342 0.8500619650687916 0.3040765831921622 0.04100943511654265 0.07879320170428325
342 0.9468551195152953 0.30811129260708325 0.040146339563046494 0.0764358149348082
342 0.8465971699707822 0.40329533319216215 0.041091280670038796 0.08113695170428326
342 0.9436904247801058 0.39873629260708326 0.03861112141421188 0.07718979139585773
342 0.8417608478309309 0.4970180596532119 0.04316221215838496 0.07336536201270896
342 0.9358655118960815 0.4884982219902322 0.03793899881887377 0.08030115462638268
342 0.9310837534585611 0.5806584484512818 0.0354588395630465 0.07635399431795697