37 0.59296875 0.1859375 0.04921875 0.08828125
36 0.453125 0.18515625 0.05078125 0.09375
28 0.59296875 0.296875 0.0484375 0.09140625
26 0.45703125 0.29765625 0.04921875 0.0921875
25 0.59375 0.4015625 0.04453125 0.08984375
24 0.45703125 0.409375 0.04921875 0.0921875
23 0.5953125 0.50625 0.04921875 0.0875
22 0.459375 0.51796875 0.0453125 0.09140625
16 0.5953125 0.61015625 0.046875 0.084375
11 0.459375 0.62578125 0.0484375 0.0875
10 0.59296875 0.7109375 0.04453125 0.09140625
113 0.46015625 0.73046875 0.0484375 0.08828125
111 0.59453125 0.8125 0.04375 0.08046875
110 0.46328125 0.8375 0.04765625 0.0875
99 0.59609375 0.9125 0.0453125 0.0859375
85 0.46328125 0.93984375 0.04765625 0.08359375
342 0.86328125 0.19453125 0.0375 0.08203125
342 0.96015625 0.19921875 0.03359375 0.078125
342 0.86015625 0.2890625 0.03828125 0.078125
342 0.95703125 0.29140625 0.0375 0.07578125
342 0.86015625 0.38828125 0.03828125 0.08046875
342 0.95703125 0.38203125 0.0359375 0.0765625
342 0.85859375 0.48203125 0.040625 0.07265625
342 0.95234375 0.471875 0.03515625 0.0796875
342 0.95078125 0.5640625 0.0328125 0.07578125