53 0.468096094568919 0.21393340698691884 0.06950042889684287 0.0585456946994678
35 0.47687883134415215 0.2846285442598225 0.067892426266007 0.057636898941833256
9 0.48166431285771355 0.3534423171386397 0.061460415742663345 0.0540017159112951
152 0.4903105417404389 0.4217937044115434 0.07028167889684286 0.05860946757828493
343 0.4956952627306566 0.48754625016917785 0.06931841837349921 0.05542069469946771
265 0.4996084889825461 0.5547337501691778 0.06715667889684288 0.058354376063016036
343 0.5142918862387706 0.6733402289573506 0.06592040258848364 0.05047810318419863
266 0.5229304098457069 0.7549090933514369 0.08920598414439737 0.07648249379108218
272 0.5302262413310335 0.8534741391090714 0.08410896046687384 0.06906860651817866
343 0.7182513441453959 0.6775487232074747 0.05319288943430393 0.04555148712312231
265 0.711562457412515 0.5627049732074747 0.05580965521931951 0.05043030575957417
342 0.6989883207502212 0.37351492744984016 0.05668191048099143 0.052056578638391394