53 0.4578125 0.1765625 0.06640625 0.053125
35 0.4625 0.246875 0.06484375 0.05234375
9 0.46328125 0.315625 0.05859375 0.04921875
152 0.46796875 0.38359375 0.0671875 0.053125
343 0.46953125 0.44921875 0.06640625 0.05
265 0.46953125 0.51640625 0.0640625 0.053125
343 0.47734375 0.634375 0.06328125 0.0453125
266 0.48125 0.715625 0.08515625 0.06953125
272 0.4828125 0.8140625 0.08046875 0.0625
343 0.68203125 0.621875 0.05078125 0.04140625
265 0.68203125 0.50703125 0.053125 0.04609375
342 0.68046875 0.31796875 0.05390625 0.04765625