53 0.4639781983633867 0.1525695635469827 0.06826141587924912 0.05660520409301446
35 0.47112106496827516 0.22263640208159347 0.06667163402808356 0.05574206693788471
9 0.47430311787083285 0.2913454585040286 0.060312506623422024 0.05228951831736568
152 0.4813641389222251 0.35906854703863933 0.06904266587924912 0.056646147670579336
343 0.48521831442012103 0.4246116598835096 0.0681522884745874 0.05348020409301455
265 0.48756455362034784 0.4917991598835096 0.06591766587924912 0.056482373360319825
343 0.4994966131463275 0.6093584741078608 0.06486359736759476 0.048628929782755036
266 0.5062401756675319 0.6904037562200365 0.08758433475372307 0.07399409995457144
272 0.5112401889143758 0.7887593690649067 0.08265129809323427 0.06671718848918218
343 0.7037476035276806 0.5861312567858633 0.05222718811176765 0.044067582541716985
265 0.6997371714063627 0.4712875067858633 0.05473462921876031 0.04887791327441153
342 0.6915724634243292 0.28230689394099306 0.055570442921091076 0.0504813568519765