113 0.58515625 0.06796875 0.05078125 0.09609375
111 0.58671875 0.1703125 0.053125 0.09765625
110 0.58671875 0.275 0.05234375 0.09375
99 0.5859375 0.378125 0.05234375 0.0921875
85 0.58671875 0.475 0.05234375 0.09140625
72 0.51171875 0.06484375 0.05234375 0.09609375
260 0.51171875 0.16953125 0.05234375 0.09375
35 0.51171875 0.271875 0.053125 0.09375
9 0.51171875 0.3765625 0.05234375 0.09140625
120 0.5140625 0.478125 0.053125 0.09375
121 0.5140625 0.57734375 0.05078125 0.0921875
275 0.51640625 0.7015625 0.05390625 0.0953125
264 0.5875 0.696875 0.05234375 0.09375
272 0.55078125 0.92890625 0.053125 0.0765625