113 0.5843653619907732 0.057754809663097685 0.05189940201304495 0.09698014001588603
111 0.5847369846435465 0.16007128612414734 0.054261333346590314 0.09858355032431154
110 0.5835188352960017 0.2647587861241473 0.053434630012726636 0.0946636635548364
99 0.5815376172820024 0.3678974228936225 0.05341644867918127 0.0931011635548364
85 0.5811916246021849 0.46475878612414734 0.05340735801240868 0.0923199135548364
72 0.5109642246578641 0.05591166599376366 0.053461902013044946 0.09700741355483637
260 0.5097460753103192 0.16059916599376364 0.053434630012726816 0.0946636635548364
35 0.5085551979630927 0.2629429159937636 0.054215880012726814 0.09467730032431154
9 0.5073370486155478 0.36763041599376367 0.0534073580124085 0.0923199135548364
120 0.508499011935094 0.4691520056853381 0.054215880012726814 0.09467730032431163
121 0.5073444972549581 0.5683707556853381 0.05185394867918127 0.0930738900158861
275 0.5082428312380953 0.6925485953769126 0.055015311346272 0.09625343709378668
264 0.5793911252387316 0.6866201493546722 0.053434630012726816 0.0946636635548364
272 0.539972447207233 0.9192923275200051 0.05401588534372692 0.07748980032431163