273 0.5990565800387613 0.6233301322242312 0.10763413633259625 0.4140828835443795
10 0.040053303516057695 0.040934888558944345 0.05836201495939479 0.0710997616784825
113 0.05154031847545247 0.1106707270387464 0.06241845928386878 0.07355717194503919
111 0.06166509253414591 0.18348610141192578 0.05904313540974546 0.06955999373179385
110 0.07393335749354071 0.2532446719450392 0.05738050586009615 0.06795202962517113
99 0.0837076781284615 0.3205912963182186 0.05947393198597284 0.0641139757851052
85 0.09348199876338231 0.38793792069139793 0.05932373766149886 0.0617702257851052
72 0.10544987507382915 0.4530089912245113 0.05428578423772623 0.05616508346523723
257 0.11414255705980199 0.5156453835443794 0.049698413787375585 0.05759119114536908
257 0.12586010949612553 0.576810204077493 0.053854987661498877 0.06161110141192587
257 0.14503851094499995 0.6935574348771629 0.04735466378737554 0.057522994985435005
9 0.13518384715762438 0.6371255784506722 0.0503294694629016 0.05527017319868044
275 0.11005914095607458 0.8656537437317938 0.07310563540974546 0.06996917069139812
264 0.17433239203580875 0.8464694862099463 0.052292487661498875 0.0615656373053028
263 0.6929696614710237 0.4825807632613282 0.08282059685308259 0.09988399122451135
99 0.7477141255352544 0.6432514903000746 0.06326956045588794 0.0868384219450391
110 0.8106542165282409 0.6762745904583591 0.06473193090623859 0.08532138605166181
111 0.8791434006736821 0.6985420470431344 0.06916910703211557 0.08155152837152997
113 0.9542831030177205 0.7272413600544004 0.06906897748246621 0.07998902837152996
10 0.9990692392787939 0.7604463166391756 0.0018615214424123395 0.08491220909205772
72 0.994337747143781 0.9023610319994397 0.011324505712438083 0.07998902837152996
257 0.9474695033868608 0.8642867189881736 0.06823766270764153 0.07918504631821861
257 0.877698421493173 0.834184030350087 0.06438147748246621 0.07985263605166182
257 0.7497248133813235 0.7719758838735837 0.05606832973421945 0.07181281551854841
9 0.8101208952750113 0.8018057878719344 0.06256865360834282 0.0759009219450391
275 0.7065441147379128 0.8525977465682807 0.074507449104836 0.09184417069139812
264 0.7857099830287952 0.895450487792792 0.06150680135658924 0.08366795783841638