273 0.56015625 0.60703125 0.08125 0.41171875
10 0.0375 0.03984375 0.05390625 0.06953125
113 0.04453125 0.109375 0.0578125 0.071875
111 0.05 0.18203125 0.0546875 0.06796875
110 0.0578125 0.2515625 0.053125 0.06640625
99 0.06328125 0.31875 0.05546875 0.0625
85 0.06875 0.3859375 0.05546875 0.06015625
72 0.0765625 0.45078125 0.05078125 0.0546875
257 0.08125 0.51328125 0.04609375 0.05625
257 0.0890625 0.57421875 0.05 0.06015625
257 0.10078125 0.690625 0.04375 0.05625
9 0.09453125 0.634375 0.046875 0.05390625
275 0.0546875 0.8640625 0.06875 0.06796875
264 0.1203125 0.84296875 0.0484375 0.06015625
263 0.66328125 0.46328125 0.0765625 0.09765625
99 0.7078125 0.62265625 0.0578125 0.08515625
110 0.76875 0.65390625 0.059375 0.08359375
111 0.8359375 0.67421875 0.0640625 0.0796875
113 0.909375 0.70078125 0.0640625 0.078125
10 0.9765625 0.73203125 0.0453125 0.08359375
72 0.9671875 0.87421875 0.0640625 0.078125
257 0.89375 0.83828125 0.06328125 0.07734375
257 0.82578125 0.81015625 0.059375 0.078125
257 0.7015625 0.7515625 0.0515625 0.0703125
9 0.76015625 0.7796875 0.0578125 0.07421875
275 0.653125 0.83359375 0.06875 0.08984375
264 0.7296875 0.87421875 0.05625 0.08203125