72 0.62572492857237 0.10734002996446905 0.15058420129724617 0.2146800599289381
53 0.4250527727281714 0.10949675147033804 0.15214670129724617 0.21899350294067607
35 0.6083117374213936 0.3419961544564426 0.13263304220663663 0.1755466338757694
186 0.4350106051161452 0.34327312867584514 0.13586713636243813 0.18196040818602893
168 0.5957184598252535 0.5268624773872211 0.11930119926865146 0.12723528663473135
119 0.43882357752000517 0.5272796364777612 0.12110916111920442 0.1413796737898611
264 0.6519706396154396 0.7026570154922906 0.11268300649282174 0.10581398801421252
275 0.5162104176186167 0.699624947988579 0.10643300649282175 0.10548643939369348
259 0.3812178088523188 0.6973331869073025 0.10185460064862309 0.11149077792830404
272 0.6355217049572848 0.8401127498884584 0.09709891680124727 0.10733886646291495
272 0.5100131903467882 0.8310796658764034 0.09868869034019774 0.10898325361804453
272 0.3922080815804902 0.8278871460886996 0.09709891680124727 0.10733886646291495