9 0.17681325997107702 0.7408662601767653 0.06002961664125004 0.031236711894930557
35 0.1774665701915631 0.7017218730216356 0.05770405043684028 0.03189513116223601
53 0.25164895260038256 0.6962697331529724 0.06161030043684033 0.03209984905006032
85 0.2523022628208686 0.6571253459978426 0.05770405043684033 0.03189513116223601
260 0.17475718464861162 0.5853156230216355 0.06161030043684033 0.03209984905006032
259 0.2505202508530213 0.5805628459978426 0.06161030043684033 0.03209984905006032
119 0.17615994975059093 0.7800106473318951 0.06317280043684033 0.03218173620519007
275 0.1779419617184382 0.8565731473318952 0.0600841680280209 0.03358046189493038
264 0.2536504765360771 0.8494766203081021 0.06164666802802081 0.03366234905006031
272 0.17427406069225776 0.9678381959524142 0.030142094889756964 0.021087105947465545
273 0.21003549553468778 0.31986436341069713 0.15381794386357645 0.13837086047002103