9 0.10698452136419805 0.7473642539783647 0.061341691585911205 0.028815890674727028
35 0.11127853745574143 0.7082835726448191 0.059052571907742116 0.029569868674408716
53 0.1856065480994032 0.7058574593014105 0.06295882190774212 0.029615322008272393
85 0.18990056419094653 0.666776777967865 0.059052571907742116 0.029569868674408716
260 0.11941845540854068 0.5918773226448192 0.06295882190774212 0.029615322008272216
259 0.19525433573037154 0.5902142779678651 0.06295882190774212 0.029615322008272393
119 0.10269050527265469 0.7864449353119101 0.06452132190774211 0.029633503341817757
275 0.09733673373322967 0.86300743531191 0.061505582551403835 0.03115964067472703
264 0.17333650502055314 0.859000640634956 0.06306808255140384 0.031177822008272217
272 0.08332922803324647 0.9740176606460919 0.031053258045771682 0.019876695337363515
273 0.17923512386554305 0.3281142673058649 0.15990451374575487 0.13222324868713536