276 0.42668292498104704 0.7816368118367879 0.03563963479802066 0.07285808215850498
8 0.46117158524760377 0.7803353435803744 0.03563963479802066 0.07285808215850498
0 0.49398408524760373 0.782821726153798 0.03563963479802066 0.07285808215850516
113 0.49563516495191723 0.6991687765687165 0.03563963479802066 0.07285808215850498
111 0.4619277546853605 0.7005294444102115 0.03563963479802066 0.07285808215850516
110 0.42989650468536056 0.6981022614218694 0.03563963479802066 0.07285808215850498
99 0.4306754061764286 0.6175151122517064 0.03563963479802066 0.07285808215850498
85 0.4634879061764286 0.6200014948251299 0.03563963479802066 0.07285808215850516
72 0.49717258438967393 0.6194220769836349 0.03563963479802066 0.07285808215850498
53 0.49873273588074196 0.5388941273985534 0.03400893863808676 0.07039593298834194
35 0.46587477177411935 0.5379702448251299 0.034008938638086586 0.07039593298834212
9 0.4330622717741194 0.5354838622517064 0.034008938638086586 0.07039593298834194
273 0.4689268785963215 0.3792580956549668 0.1136797182632577 0.1294408914964932
131 0.45810275805057277 0.8858040935803743 0.10477607970431357 0.09134889564567814