276 0.4484375 0.7162984452690819 0.03359375 0.07266160383872737
8 0.4828125 0.7099884611085239 0.03359375 0.07266160383872737
0 0.515625 0.7076939875916274 0.03359375 0.07266160383872737
113 0.51484375 0.6241548679134583 0.03359375 0.07266160383872737
111 0.48125 0.6304102217521856 0.03359375 0.07266160383872737
110 0.44921875 0.6326500649472513 0.03359375 0.07266160383872737
99 0.44765625 0.5522905755909129 0.03359375 0.07266160383872737
85 0.48046875 0.5499961020740164 0.03359375 0.07266160383872737
72 0.5140625 0.5445219982352892 0.03359375 0.07266160383872737
53 0.51328125 0.46410787855712005 0.03203125 0.07020859319506556
35 0.48046875 0.4679648520740165 0.03203125 0.07020859319506556
9 0.44765625 0.4702593255909129 0.03203125 0.07020859319506556
273 0.47890625 0.3094803627176782 0.11015625 0.12879662537815229
131 0.4828125 0.8154572111085239 0.10234375 0.09075032215984358