121 0.4564758390825334 0.8129549239817585 0.058457915494652825 0.11498014381548423
120 0.45347303804926115 0.6998375649472511 0.058457915494652825 0.11498014381548423
99 0.5228952037403056 0.6762254663043039 0.052162463699254855 0.10673060124083733
110 0.5222588786047325 0.5668504663043039 0.052162463699254855 0.10673060124083733
9 0.4520191014773694 0.584267195269082 0.05294371369925486 0.10678523156266806
35 0.4490072100850174 0.4695873362345747 0.05294371369925486 0.10678523156266806
260 0.5186288427949666 0.34592060726979657 0.05294371369925486 0.10678523156266806
53 0.4467720235131257 0.3540715968782364 0.053729508878794616 0.10762111188449897
72 0.44373286104353504 0.23470423784372896 0.05529200887879462 0.10773037252816078
260 0.5164027465821543 0.23196736791345832 0.05529200887879462 0.10773037252816069
85 0.4399033582148647 0.11382900913105246 0.05765393959695366 0.11101926349365332
261 0.5133772196511831 0.11494375887895092 0.05765393959695384 0.11101926349365332
111 0.5200600534691592 0.45758472694796576 0.05294371369925486 0.10678523156266806