121 0.39744247841454194 0.8840378496234251 0.06492169802510181 0.1159954383600926
120 0.4023581207641177 0.7705515480682862 0.06492169802510173 0.11599543836009243
99 0.4730909253599096 0.757884744204073 0.05817105027685514 0.10763613421305536
110 0.48009999383536206 0.648509744204073 0.05817105027685514 0.10763613421305554
9 0.4089864574381675 0.6548581975499065 0.05895230027685514 0.1077044847314351
35 0.4140022293373926 0.5398093959947676 0.05895230027685514 0.1077044847314351
260 0.49192457511074095 0.4272109426489342 0.05895230027685514 0.1077044847314351
53 0.4198493160114424 0.4240476949580084 0.05978361505167982 0.10855408524981466
72 0.4251654765596154 0.3043113934028695 0.06134611505167982 0.10869078628657398
260 0.49767153223514143 0.31301174161217493 0.06134611505167982 0.10869078628657398
85 0.4298005166574378 0.182944241329351 0.06389012415097853 0.11202083784171286
261 0.5028374984588405 0.19561919005703604 0.06389012415097853 0.11202083784171286
111 0.4855465623108145 0.5389980431673138 0.05895230027685514 0.1077044847314351