287 0.4571330091553107 0.53984375 0.05532490626060227 0.040625
259 0.5414807273041452 0.5390625 0.05532490626060227 0.040625
9 0.5018205157787327 0.5890625 0.04263393330244423 0.03515625
152 0.5014584172300115 0.6234375 0.04263393330244423 0.03515625
120 0.500233223127794 0.65546875 0.04336061960011328 0.03359375
121 0.5005432471744111 0.68671875 0.04336061960011328 0.03359375
122 0.5016890849233591 0.71953125 0.04336061960011346 0.03359375
275 0.4625645867374576 0.7625 0.04336061960011328 0.03359375
264 0.5404167682258034 0.7546875 0.04336061960011328 0.03359375
272 0.5396826474445635 0.80078125 0.04336061960011328 0.03359375
272 0.46336568410505247 0.8078125 0.04336061960011346 0.03359375
272 0.46319455851448926 0.84765625 0.04336061960011328 0.03359375
289 0.5395115218540004 0.840625 0.021130955534962935 0.0234375