264 0.43671875 0.83203125 0.1484375 0.10390625
264 0.73125 0.84375 0.1484375 0.10390625
275 0.746875 0.74453125 0.1484375 0.10390625
259 0.5921875 0.73828125 0.1484375 0.10390625
275 0.43828125 0.73515625 0.1484375 0.10390625
3 0.521875 0.6078125 0.1484375 0.109375
1 0.68125 0.61328125 0.15390625 0.10859375
8 0.5296875 0.48984375 0.1484375 0.11171875
152 0.696875 0.49609375 0.1609375 0.11484375
35 0.70625 0.36953125 0.165625 0.12109375
9 0.534375 0.365625 0.165625 0.12109375
272 0.54375 0.23125 0.1734375 0.13515625
272 0.71171875 0.23359375 0.1734375 0.13515625