264 0.47547122828386906 0.8142363245636677 0.15327701137253946 0.10995461463846716
264 0.770548287837163 0.8139538457810248 0.15327701137253946 0.10995461463846716
275 0.7815521002859411 0.7140984258190809 0.15327701137253946 0.10995461463846716
259 0.6265735018575176 0.7141514584423256 0.15327701137253946 0.10995461463846716
275 0.4725217026433059 0.7172976575674732 0.15327701137253946 0.10995461463846716
3 0.5501843221641785 0.5865477232710733 0.15353172249741007 0.11542336463846717
1 0.709814033289049 0.5855224396592453 0.15896408519385705 0.11486494912514758
8 0.5525023393276862 0.4682606382901013 0.15364088440806878 0.11776711463846716
152 0.7199809377561097 0.46769826969730144 0.16628643362228068 0.12140145060802236
35 0.7234611945805353 0.34075376772013505 0.17126503205070395 0.1278424515966055
9 0.5514042580627707 0.3438508873015181 0.17126503205070395 0.1278424515966055
272 0.5545206418516668 0.20909388532435175 0.17973250351465672 0.1422232865775775
272 0.7225985537623256 0.20459343323345464 0.17973250351465672 0.14222328657757738