10 0.4155863433566598 0.17827655356735508 0.19062961307689896 0.25880789431921813
111 0.39318558940796755 0.45326746320827543 0.19062961307689896 0.25880789431921813
99 0.37595758753386777 0.7321964391059745 0.19062961307689896 0.25880789431921813
110 0.6805499991515854 0.7558531494855796 0.14489013797200823 0.2116874546240684
113 0.6962029230163651 0.5183395139469601 0.14489013797200823 0.2116874546240684
11 0.7102933468811448 0.2808167880492611 0.14489013797200823 0.2116874546240685
272 0.1715124215664726 0.4183692466803503 0.1557092388018452 0.21018858713762575
272 0.14535878296976446 0.7222573159621911 0.16207763797200822 0.21178744857394421
272 0.8028510516410965 0.7612542426733295 0.12795016909089477 0.1530209817514315
272 0.8134729333893274 0.5385616312370111 0.12795016909089477 0.1530209817514315
272 0.8301672163823138 0.3182491312370111 0.12795016909089513 0.1530209817514315
272 0.8424816526946479 0.10416390533931205 0.12824616701630234 0.1569272317514315
272 0.19725166306761016 0.11994992739850954 0.16568789004660064 0.20790392447164327