10 0.418668158061917 0.20326681137873867 0.1861096181758551 0.26877668568660074
111 0.4010887320076716 0.47816668182908934 0.1861096181758551 0.26877668568660074
99 0.3887505427992465 0.7573232557032126 0.1861096181758551 0.26877668568660057
110 0.6937264691358406 0.7988236474344795 0.14119196032569956 0.2191981878460691
113 0.7052155189099617 0.5611734531100057 0.14119196032569975 0.2191981878460691
11 0.7151420686840828 0.32342312923588235 0.14119196032569975 0.219198187846069
272 0.1788265951336163 0.4302043414544118 0.15203845506402777 0.21833659469361422
272 0.15800107173844163 0.733910332355113 0.15837946032569966 0.22029961289221162
272 0.816109703350825 0.8113713170819512 0.12527926301300524 0.15980340144887464
272 0.8228279531390635 0.588314548883354 0.12527926301300524 0.15980340144887428
272 0.8356596950347942 0.36800204888335397 0.12527926301300524 0.15980340144887445
272 0.8442211658838377 0.1536892250092307 0.12550677616718495 0.16370965144887442
272 0.19933360011293946 0.13196710055371036 0.16205819717152004 0.21664368676633483