10 0.42890625 0.17578125 0.17109375 0.2578125
111 0.42734375 0.45078125 0.17109375 0.2578125
99 0.43125 0.7296875 0.17109375 0.2578125
110 0.7375 0.7515625 0.12890625 0.2109375
113 0.73515625 0.5140625 0.12890625 0.2109375
11 0.73125 0.2765625 0.12890625 0.2109375
272 0.203125 0.4171875 0.13984375 0.209375
272 0.2 0.72109375 0.14609375 0.2109375
272 0.86015625 0.75625 0.11640625 0.15234375
272 0.85390625 0.53359375 0.11640625 0.15234375
272 0.85390625 0.31328125 0.11640625 0.15234375
272 0.85 0.09921875 0.11640625 0.15625
272 0.20625 0.11875 0.15 0.20703125