273 0.34375 0.2390625 0.21640625 0.096875
9 0.284375 0.35859375 0.05234375 0.0421875
35 0.35078125 0.36171875 0.05234375 0.0421875
53 0.41796875 0.36328125 0.05234375 0.0421875
72 0.28828125 0.40859375 0.05234375 0.0421875
85 0.35546875 0.41015625 0.05234375 0.0421875
99 0.421875 0.4109375 0.05234375 0.0375
110 0.29453125 0.4546875 0.05234375 0.0375
111 0.35859375 0.45546875 0.05 0.0359375
113 0.42109375 0.45625 0.05 0.034375
8 0.36015625 0.4984375 0.05 0.034375
152 0.26015625 0.53671875 0.05390625 0.0359375
152 0.303125 0.53828125 0.04765625 0.0328125
177 0.421875 0.53984375 0.04765625 0.0328125
131 0.421875 0.57890625 0.04765625 0.0328125
177 0.37578125 0.5390625 0.05625 0.03125
273 0.36875 0.65 0.175 0.059375