10 0.34535418182908934 0.4217935848236058 0.06326026603912896 0.049487531249588025
290 0.4883729966039139 0.42007930600964977 0.06326026603912886 0.0494875312495882
113 0.49189731723883484 0.4872804427791248 0.06326026603912886 0.0494875312495882
111 0.34872830813953615 0.486650971593081 0.06326026603912896 0.0494875312495882
110 0.493658878774457 0.5513838530875503 0.06326026603912886 0.0494875312495882
99 0.351170990125509 0.5491782451320313 0.06326026603912896 0.049487531249588025
72 0.35371380166113114 0.6132680186709816 0.06326026603912896 0.0494875312495882
85 0.4946391903100791 0.6155009001654511 0.06326026603912886 0.0494875312495882
53 0.496450816620526 0.6803855604738767 0.06326026603912886 0.0494875312495882
35 0.3568376040974547 0.6742191554404569 0.06326026603912896 0.0494875312495882
9 0.4979620542820248 0.7405827207823021 0.06326026603912886 0.0494875312495882
8 0.35844897130860287 0.7359788157488824 0.06326026603912896 0.0494875312495882
290 0.3631853385197511 0.7976839289794071 0.06326026603912896 0.0494875312495882