9 0.20733934925699296 0.28887932891289064 0.09337762655018596 0.14549200791755884
264 0.2001474716733497 0.5270469186463339 0.09145125351465663 0.1376340438109361
275 0.1943019243211648 0.7363082583797772 0.08874363047912737 0.12975334765100205
152 0.6168127409037721 0.44236541244463473 0.10665887655018587 0.14587845282385156
119 0.5951944902845995 0.6887546791376822 0.10665887655018587 0.14587845282385176
9 0.3110615086864524 0.3233105017158596 0.14574495533390222 0.23127639522286197
264 0.30074463110280913 0.5615690196625482 0.13798595926284368 0.21544680674305994
275 0.29331731307245984 0.788040591449303 0.13375222353086738 0.20830189647650316
152 0.49457817597379455 0.38662754097444924 0.17189007836943163 0.2398390529821361
119 0.4795545277119869 0.6421872191876947 0.15193929735218498 0.21351223370266403
259 0.46100777316387304 0.8728832897208079 0.15193929735218498 0.21351223370266367
259 0.5750488484329327 0.9202774637774184 0.09157753205070396 0.12359427586424729