9 0.22109375 0.2953125 0.08671875 0.14296875
264 0.225 0.53359375 0.08515625 0.13515625
275 0.22890625 0.74296875 0.0828125 0.12734375
152 0.63828125 0.4609375 0.1 0.14296875
119 0.628125 0.70703125 0.1 0.14296875
9 0.3265625 0.3328125 0.13515625 0.22734375
264 0.32734375 0.57109375 0.128125 0.21171875
275 0.33046875 0.79765625 0.12421875 0.2046875
152 0.51328125 0.4015625 0.1609375 0.23515625
119 0.51015625 0.65703125 0.1421875 0.209375
259 0.50234375 0.8875 0.1421875 0.209375
259 0.61875 0.93828125 0.0859375 0.12109375