85 0.4859375 0.2234375 0.1125 0.0859375
270 0.63203125 0.22578125 0.10390625 0.0796875
270 0.62421875 0.33359375 0.103125 0.0734375
270 0.61171875 0.51171875 0.09765625 0.06484375
270 0.62109375 0.425 0.090625 0.06953125
270 0.609375 0.59296875 0.08828125 0.06171875
270 0.60703125 0.665625 0.08828125 0.06171875
270 0.60078125 0.73203125 0.0796875 0.053125
270 0.5984375 0.796875 0.0796875 0.053125
122 0.49140625 0.790625 0.0796875 0.053125
121 0.48984375 0.73046875 0.0796875 0.053125
120 0.484375 0.66328125 0.0875 0.05859375
9 0.490625 0.58828125 0.0875 0.05859375
35 0.48984375 0.50859375 0.0875 0.05859375
72 0.49140625 0.33046875 0.09453125 0.06796875
53 0.48671875 0.425 0.08828125 0.06171875
270 0.4484375 0.86171875 0.0796875 0.053125
275 0.346875 0.85859375 0.0796875 0.053125
290 0.35078125 0.91171875 0.07734375 0.04296875
272 0.4515625 0.915625 0.07734375 0.04296875
270 0.73515625 0.8796875 0.07734375 0.04296875
270 0.7296875 0.93203125 0.07734375 0.04296875
264 0.6359375 0.87421875 0.0796875 0.04921875
259 0.63203125 0.92734375 0.0796875 0.04921875
266 0.565625 0.04296875 0.109375 0.0859375