85 0.4676984566582615 0.2517401363799451 0.11951501666989942 0.09248987884037314
270 0.6136008880218096 0.26259287834626294 0.11041108363936125 0.08573934990117796
270 0.5969877307450266 0.36995035203790366 0.10911965060882309 0.07944384727034208
270 0.5699475143746897 0.547347309944529 0.10294939894183326 0.07053157885449046
270 0.5864013039234064 0.46117459151456003 0.09630078621473678 0.07480955517696727
270 0.5609713849776938 0.6284608020520212 0.09331930742656418 0.06686054728445931
270 0.552696757247688 0.7009805441595134 0.09331930742656418 0.06686054728445949
270 0.5410260625482202 0.7670227731128259 0.08402405575957417 0.057766268345264396
270 0.533389163606387 0.8317300152203181 0.08402405575957417 0.057766268345264396
122 0.4268680966369251 0.8192461547957965 0.08402405575957417 0.057766268345264396
121 0.43021610830585477 0.7589988995341248 0.08402405575957417 0.057766268345264396
120 0.4302318258841398 0.6914928811182731 0.0922829659112951 0.06369004465362345
9 0.4426040222505974 0.6168569021649606 0.0922829659112951 0.06369004465362345
35 0.44832760588995874 0.5371238995341248 0.0922829659112951 0.06369004465362345
72 0.46443032226029574 0.35908990479579656 0.10007949045710234 0.07347456833114689
53 0.45202630392340637 0.453348139010781 0.09331930742656418 0.06686054728445949
270 0.3780960146645538 0.8878372600998207 0.08402405575957417 0.057766268345264396
275 0.27678860617982287 0.8787969180911505 0.08402405575957417 0.057766268345264396
290 0.2763583004202486 0.93214943124533 0.0808512583349497 0.04747351045275679
272 0.3768206860261623 0.9419255206231643 0.0808512583349497 0.04747351045275679
270 0.6633479884517566 0.9225054756166049 0.0808512583349497 0.04747351045275679
270 0.6536064555709997 0.9745307072007534 0.0808512583349497 0.04747351045275679
264 0.5645756486034774 0.9112578915004427 0.08370519136548786 0.053860018345264396
259 0.5563328428439033 0.964155378346263 0.08370519136548786 0.053860018345264396
266 0.5621174916650503 0.07591265472520936 0.11639001666989941 0.09230786831702945