9 0.4332769610430695 0.5974183380213886 0.02744889001588611 0.050935786104353654
113 0.43425880844528175 0.5411683380213885 0.02744889001588611 0.050935786104353654
11 0.4351724720001181 0.4888245880213885 0.02744889001588611 0.050935786104353654
20 0.4353594326328551 0.4333603832009284 0.02744889001588611 0.050935786104353474
22 0.47262365341186197 0.4018967597625574 0.02744889001588611 0.050935786104353474
16 0.47240941924017454 0.4589234645830175 0.02744889001588611 0.050935786104353474
10 0.47144120860743743 0.5143922145830175 0.02744889001588611 0.050935786104353474
266 0.47124061120522515 0.5706376694034777 0.02744889001588611 0.050935786104353654
120 0.47025876380301296 0.6268876694034777 0.025886390015886107 0.050926695745273774
121 0.43230875041033234 0.6528870880213885 0.025886390015886107 0.050926695745273774
263 0.4539475657488824 0.30826493443059244 0.025886390015886107 0.050926695745273955
275 0.4296438518730296 0.8950654976623088 0.025886390015886107 0.050926695745273774
264 0.46696657386985246 0.9050035790443982 0.025886390015886107 0.050926695745273774