9 0.4962431981155544 0.5922543149381034 0.03100528369467579 0.05124490016215581
113 0.4913219607922212 0.5360043149381035 0.03100528369467579 0.05124490016215581
11 0.4867424760607861 0.4836605649381035 0.03100528369467579 0.05124490016215581
20 0.4811083392558325 0.4282054517075786 0.031005283694675968 0.05124490016215581
22 0.5150930685206474 0.3963145235422456 0.03100528369467579 0.05124490016215573
16 0.5208639063623602 0.4533321367727705 0.03100528369467579 0.05124490016215581
10 0.5257167931673138 0.5088008867727705 0.031005283694675968 0.05124490016215581
266 0.531419280490647 0.5650372500032953 0.03100528369467579 0.05124490016215581
120 0.5363405178139803 0.6212872500032953 0.02944278369467579 0.05121762662320535
121 0.5010960849205081 0.6477230649381035 0.029442783694675966 0.05121762662320535
263 0.486578506315092 0.30291907954860003 0.02944278369467579 0.051217626623205434
275 0.5238472456181927 0.889883291399153 0.029442783694675966 0.05121762662320535
264 0.5622358023571279 0.899384976464345 0.029442783694675966 0.05121762662320535