9 0.41788440700310947 0.952302576615196 0.03990393415851479 0.05618367441056833
53 0.45566512806391424 0.9452686680219585 0.03655142100433508 0.05215009041817922
85 0.5320533228163599 0.932013934333581 0.03655142100433508 0.05215009041817922
72 0.49427260175555504 0.9390478429268185 0.03655142100433508 0.05215009041817922
99 0.4113544149662044 0.8803320761209044 0.03825042889684287 0.05455750741437413
110 0.45152438865784517 0.8741749180219586 0.03655142100433508 0.05215009041817922
111 0.49164885971864997 0.8672365099230127 0.038204926266007 0.05377625741437377
113 0.5294295807794548 0.8602026013297752 0.03590667889684287 0.054462006920082476
10 0.4060229018826119 0.8021752426228073 0.038204926266007 0.05377625741437377
11 0.4462383782050886 0.7967993345238614 0.04169394731269431 0.06015359140676253
16 0.48718960189672933 0.7906740099230127 0.03843243942018652 0.05768250741437377
17 0.527450580850042 0.786079351824067 0.03843243942018652 0.05768250741437377
22 0.3989923809065117 0.7216109921285156 0.040821692051022485 0.05855925790866543
23 0.4415061045981524 0.7155493345238615 0.040821692051022394 0.05855925790866543
24 0.48259383618230095 0.7117677599230128 0.040821692051022394 0.05855925790866543
25 0.5235450598739417 0.7056424353221642 0.040821692051022394 0.05855925790866543
26 0.3906800809912163 0.6324211581361269 0.0416939473126944 0.06015359140676253
28 0.43567406257536484 0.6287987510257642 0.042475197312694314 0.06018542490485963
36 0.4791965494211852 0.6266751769192072 0.042475197312694314 0.060185424904859806
37 0.5210655310053338 0.6229254358164558 0.042475197312694314 0.060185424904859806
38 0.3845295205525772 0.5402018246380298 0.045046460466873925 0.06418717539915128
39 0.4303957573983975 0.5381737510257641 0.04504646046687384 0.06418717539915128
41 0.47469949424421803 0.5360820104173044 0.040821692051022394 0.05855925790866543
42 0.5174407310900383 0.5339266028126501 0.0400404420510224 0.05852742441056815
43 0.37737019695975854 0.4440444076418353 0.045046460466874015 0.06418717539915146
44 0.42332743906725073 0.44357883402956977 0.04504646046687384 0.06418717539915128
46 0.46923917854390707 0.4423320104173044 0.04504646046687384 0.06418717539915128
47 0.5143696680205634 0.44105335330694173 0.04169394731269431 0.06015359140676253
54 0.36897459705858054 0.3400426571475437 0.04770872888272546 0.06975142589344294
55 0.41810234179690864 0.340485667527667 0.04770872888272546 0.06975142589344294
56 0.4641960917969087 0.3423638439154016 0.0444017183593818 0.06649909190105419
57 0.5094175865352368 0.34264768680503893 0.0444017183593818 0.06649909190105419
59 0.35952473137238705 0.23132157315515492 0.04775423151356133 0.07053267589344295
60 0.4111327340032229 0.23420383402956985 0.04775423151356133 0.07053267589344295
61 0.45957023400322294 0.23617751091159594 0.04462923151356133 0.07040534190105419