38 0.26875 0.2359375 0.0765625 0.1265625
39 0.375 0.2359375 0.0765625 0.1265625
37 0.56484375 0.3875 0.0609375 0.1015625
36 0.4734375 0.3890625 0.0609375 0.1015625
28 0.38046875 0.39140625 0.0609375 0.1015625
26 0.28046875 0.39375 0.0609375 0.1015625
16 0.2921875 0.53515625 0.06328125 0.1015625
23 0.38203125 0.52890625 0.0609375 0.1015625
24 0.46875 0.5203125 0.0609375 0.1015625
25 0.5546875 0.51796875 0.0609375 0.1015625
111 0.29921875 0.659375 0.0609375 0.1015625
113 0.38515625 0.64609375 0.05859375 0.09140625
266 0.475 0.23828125 0.071875 0.1171875
259 0.57109375 0.2390625 0.06953125 0.1234375
10 0.4671875 0.640625 0.0578125 0.08515625
11 0.54765625 0.634375 0.0578125 0.08515625
9 0.3078125 0.7640625 0.059375 0.08203125
53 0.38671875 0.7578125 0.059375 0.08203125
99 0.4640625 0.74609375 0.059375 0.08203125
110 0.54296875 0.740625 0.059375 0.08203125
275 0.50078125 0.83984375 0.05390625 0.07578125
264 0.35 0.85625 0.0578125 0.0796875