38 0.2618849198999752 0.25945007832259204 0.08024509263643723 0.13326085080120356
39 0.36813491989997515 0.26874574882222146 0.08024509263643713 0.13326085080120356
37 0.5535686515575751 0.4369174247884711 0.06389266693047428 0.10689384043361105
36 0.4621169374509524 0.4304829141380546 0.06389266693047428 0.10689384043361105
28 0.3690799912910184 0.4246929524508789 0.06389266693047428 0.10689384043361105
26 0.2690117951310843 0.41828783609828657 0.06389266693047428 0.10689384043361087
16 0.2766160434817317 0.5607193438739809 0.06623641693047429 0.10709889198874975
23 0.36664164990822246 0.5623296534876381 0.06389266693047428 0.10689384043361087
24 0.4536104524946472 0.5613228110277768 0.06389266693047428 0.10689384043361087
25 0.5396161486545812 0.566497618049536 0.06389266693047428 0.10689384043361087
111 0.28003289700522854 0.6855532485393976 0.06389266693047428 0.10689384043361087
113 0.36635684191152135 0.6797905555611566 0.0612534002374268 0.09653253887847217
266 0.4680667237400411 0.27983836517481386 0.07528480799670109 0.1234757476909258
259 0.5641377416867298 0.2890267289355082 0.07312291442319178 0.12952069613578682
10 0.44854721628470073 0.6814986099910176 0.06029029381093611 0.09021418836009243
11 0.5291978227111914 0.6822887133841193 0.06029029381093611 0.09021418836009261
9 0.28558055186150894 0.7909926042415736 0.06176186559769077 0.08722588939685175
53 0.36466865828799966 0.7916460065979158 0.06176186559769077 0.08722588939685175
99 0.44235338908766975 0.7866939579174991 0.061761865597690854 0.08722588939685175
110 0.5214187634608491 0.7881286102738416 0.061761865597690854 0.08722588939685175
275 0.47634429269030887 0.8836564322813416 0.05611125917119999 0.08049743576819424
264 0.32508566957077073 0.8868710322340736 0.06013116943775678 0.0847454383600926