28 0.33935513276213924 0.21312641546031458 0.05171132213985139 0.0965711631118273
24 0.3400594824919868 0.3274619312453301 0.05171132213985139 0.0965711631118273
36 0.4136284464644701 0.2158866653897274 0.05171132213985139 0.0965711631118273
25 0.4135242643431523 0.330957928543907 0.04917659918169335 0.0909659052193195
26 0.48623507804548305 0.333627173211648 0.049957849181693346 0.09101140785015546
20 0.3402281188823232 0.4347206943995097 0.04909475362819711 0.08862215521931952
22 0.4121031188823232 0.43890693643641476 0.04917659918169335 0.0909659052193195
23 0.48470480517999237 0.4447011811041558 0.04917659918169335 0.0909659052193195
10 0.3396973508261559 0.5395902049228534 0.04747768992586625 0.08696864995764778
11 0.4107638189749904 0.5445121943289226 0.04823165807470087 0.08623290258848364
16 0.48263881897499045 0.5486984363658276 0.04823165807470087 0.08623290258848364
110 0.3416740238769811 0.6399087233387049 0.04817709437236992 0.08467040258848364
111 0.40958821017465025 0.6454299522214304 0.04817709437236992 0.08467040258848364
260 0.47906489647231937 0.6510421863658277 0.04817709437236992 0.08467040258848364
9 0.3405802606301372 0.7384827312312127 0.04817709437236992 0.08467040258848364
260 0.40774047877897174 0.7431772074831022 0.04817709437236992 0.08467040258848364
260 0.4772171650766409 0.7487894416274995 0.04817709437236992 0.08467040258848364
260 0.3412399703414512 0.8316789943853923 0.04647818511654282 0.0806731473268119
264 0.407564374787955 0.8378904680064458 0.044134435116542824 0.08053663943430393
259 0.47469731108562413 0.8433661942583355 0.04340774881887359 0.08205363680346807