28 0.34609375 0.19296875 0.0484375 0.09375
24 0.35078125 0.30703125 0.0484375 0.09375
36 0.4203125 0.19140625 0.0484375 0.09375
25 0.42421875 0.30625 0.04609375 0.08828125
26 0.496875 0.3046875 0.046875 0.08828125
20 0.3546875 0.4140625 0.04609375 0.0859375
22 0.4265625 0.4140625 0.04609375 0.08828125
23 0.49921875 0.415625 0.04609375 0.08828125
10 0.3578125 0.51875 0.04453125 0.084375
11 0.42890625 0.51953125 0.0453125 0.08359375
16 0.50078125 0.51953125 0.0453125 0.08359375
110 0.36328125 0.61875 0.0453125 0.08203125
111 0.43125 0.6203125 0.0453125 0.08203125
260 0.50078125 0.621875 0.0453125 0.08203125
9 0.365625 0.7171875 0.0453125 0.08203125
260 0.4328125 0.71796875 0.0453125 0.08203125
260 0.50234375 0.71953125 0.0453125 0.08203125
260 0.36953125 0.81015625 0.04375 0.078125
264 0.4359375 0.8125 0.04140625 0.078125
259 0.503125 0.8140625 0.040625 0.0796875