273 0.447623654401845 0.20765185607356532 0.15985258743238315 0.2172334726762452
259 0.47466361289627435 0.4623029946372469 0.039460983789142645 0.033807373438370904
110 0.45160862123122403 0.5054262807416003 0.039460983789142645 0.033807373438370904
85 0.4562959922932701 0.5436984403825207 0.039460983789142465 0.033807373438370904
53 0.45857584047649896 0.5812029855620605 0.039460983789142645 0.03380737343837108
9 0.4624181886597277 0.6186984403825206 0.039460983789142645 0.033807373438370904
23 0.5027884839583204 0.500438798891973 0.03705346091032524 0.03301248789975162
20 0.5066308321415492 0.5379342537124332 0.03777093803150784 0.03223578307929138
11 0.5095643845671436 0.5738717537124332 0.03614466515269079 0.03144544272021186
113 0.5124979369927379 0.6098092537124332 0.03614466515269079 0.03144544272021186
152 0.4670417868429567 0.6561893500234411 0.039333438031507836 0.0322448734383709
275 0.47003911214736827 0.6929081000234412 0.037770938031508015 0.03223578307929138
264 0.519018746086292 0.6801172085328934 0.035235869395056164 0.029878397540671918