273 0.43046875 0.21015625 0.1421875 0.21640625
259 0.43671875 0.46484375 0.03671875 0.03359375
110 0.41015625 0.5078125 0.03671875 0.03359375
85 0.41171875 0.54609375 0.03671875 0.03359375
53 0.4109375 0.58359375 0.03671875 0.03359375
9 0.41171875 0.62109375 0.03671875 0.03359375
23 0.46171875 0.503125 0.034375 0.0328125
20 0.4625 0.540625 0.03515625 0.03203125
11 0.4625 0.5765625 0.03359375 0.03125
113 0.4625 0.6125 0.03359375 0.03125
152 0.41328125 0.65859375 0.03671875 0.03203125
275 0.41328125 0.6953125 0.03515625 0.03203125
264 0.46328125 0.6828125 0.0328125 0.0296875