262 0.5223890985547518 0.293897419233584 0.06517655933798813 0.07759889448011296
270 0.5327373705500762 0.4407587824641087 0.0654250130722545 0.0705812812495882
270 0.5437951149509987 0.5455008295420095 0.06794636182749905 0.07296594155801372
270 0.5487329139160246 0.6415536692335839 0.051610966806520865 0.06331820616851011
270 0.5529244290628718 0.7071650324641088 0.05155176722143935 0.06253695616851011
270 0.5583232466992296 0.768116169233584 0.05143336805127632 0.06097445616851012
270 0.5607154635057506 0.8305752589251585 0.04944481556176541 0.06562104586008459
53 0.5895355126712692 0.6446065312462927 0.048285057263395714 0.08120513555165906
35 0.5946266769882793 0.7117940312462927 0.048285057263395714 0.08120513555165906
9 0.6016471942097187 0.7735536915547183 0.04913716224241753 0.07185740909060953
119 0.6032581610162397 0.8359991444768177 0.04913716224241753 0.07185740909060953