262 0.4991222594679698 0.2735004370266315 0.05982042759490121 0.07794446846486114
270 0.49748651571448566 0.42039362082222176 0.060560770979043 0.07093140226045147
270 0.5000024616561513 0.5250083856398607 0.06291815651766228 0.07332970364722229
270 0.4970996545727548 0.6211566870266315 0.04723861436318479 0.06359102773541672
270 0.4959366094914109 0.6867998708222218 0.04723406918364485 0.06280977773541671
270 0.49636333548730577 0.7477191870266315 0.04722497882456533 0.061247277735416716
270 0.4936559711241211 0.8102737384134023 0.04490849990180408 0.06588022634864572
53 0.5377110190341353 0.622554879655937 0.042655653492600365 0.08145067496187508
35 0.5373201335937118 0.689742379655937 0.042655653492600365 0.08145067496187508
9 0.539304814410067 0.7514065782691662 0.04416361133812252 0.07211204255305556
119 0.5358162000468821 0.8139793134515273 0.04416361133812252 0.07211204255305574