273 0.5615748731434925 0.2087776407049809 0.3247917019915839 0.2643362525340828
260 0.5822369925739699 0.8254293304001304 0.06578125662342202 0.04959145472226432
259 0.5806546452063751 0.8707418304001304 0.06251984736759475 0.04566702400410492
53 0.5834448616259291 0.5894509237842722 0.10288195253973793 0.0607425781606354
260 0.492737982955323 0.8374111799325924 0.06324653366526398 0.04410906918364503
266 0.4904562311412244 0.8803753847530527 0.06251984736759475 0.04566702400410492
266 0.5844642138028473 0.5378838786047324 0.10684276624206887 0.06232780405833438
35 0.582507355002507 0.638674218963812 0.10288195253973811 0.06074257816063522
9 0.5808704439325815 0.685549218963812 0.10277282513507621 0.057617578160635216
144 0.5760539691603249 0.7339685382456528 0.1026636977304145 0.05449257816063522
166 0.5704835262392338 0.7816020623479538 0.1026636977304145 0.05449257816063522