35 0.33696680631205994 0.15205308096191997 0.06308227323170464 0.11425352413731504
152 0.3293877751716899 0.29960007031825825 0.06308227323170464 0.11425352413731504
121 0.32343491102751426 0.44569382031825827 0.06073852323170463 0.11408963317182241
122 0.3705433798871443 0.5970649322027572 0.06073852323170463 0.11408963317182241
266 0.4493076388215739 0.16382609730556488 0.06561702422028777 0.11910491510280767
9 0.4407245231945236 0.3167872063400723 0.06317777372599628 0.11659727413731505
120 0.43230057505795916 0.4658420653745797 0.061519773231704634 0.11414426349365332
290 0.31111534726389956 0.7480375703182582 0.05807643825073265 0.10611324220632987
290 0.41575642631337245 0.7757251637654253 0.0605793557412186 0.11018338317182241
272 0.3053044045645426 0.8714204399964274 0.03363751235728962 0.06077896287323483
272 0.4063111476444604 0.911389512156271 0.03857968034206731 0.06735674480421991
272 0.2747481298499633 0.9760634978432876 0.04489334733826169 0.04787300431342487