35 0.3421875 0.128125 0.05859375 0.11015625
152 0.340625 0.27578125 0.05859375 0.11015625
121 0.340625 0.421875 0.05625 0.11015625
122 0.39375 0.56953125 0.05625 0.11015625
266 0.4546875 0.13203125 0.0609375 0.11484375
9 0.45234375 0.28515625 0.05859375 0.1125
120 0.45 0.434375 0.05703125 0.11015625
290 0.340625 0.72421875 0.05390625 0.10234375
290 0.44609375 0.74453125 0.05625 0.10625
272 0.33984375 0.84765625 0.03125 0.05859375
272 0.4421875 0.88046875 0.0359375 0.06484375
272 0.3140625 0.96484375 0.0421875 0.06640625