113 0.43828125 0.24921875 0.1109375 0.17265625
111 0.6078125 0.18671875 0.0875 0.15625
110 0.446875 0.428125 0.1 0.15625
99 0.60546875 0.353125 0.0859375 0.14375
85 0.4546875 0.58828125 0.096875 0.13515625
72 0.60546875 0.50078125 0.0828125 0.13125
53 0.46328125 0.72734375 0.0890625 0.125
35 0.603125 0.63203125 0.075 0.11484375
9 0.46953125 0.84765625 0.0859375 0.11640625
152 0.60234375 0.75078125 0.0890625 0.11875
259 0.4484375 0.95859375 0.08125 0.07890625
272 0.540625 0.90234375 0.071875 0.10390625
275 0.6234375 0.834375 0.065625 0.09375