113 0.44118117270049845 0.28242971723072824 0.1129465373567717 0.18106259108157471
111 0.6099851693586806 0.23277602719341633 0.08931813335454457 0.16288035352912936
110 0.45185668539145196 0.4619871626666249 0.10181813335454457 0.1638275468904336
99 0.6095777313812706 0.39900467843817183 0.08761018268618095 0.15026195435896633
85 0.46153277207986 0.6227354085174399 0.098447685351681 0.14249699855010753
72 0.611295867401315 0.5466609284381718 0.08433973201781733 0.13752515601864027
53 0.4717446607654045 0.7624491039533365 0.09051700668363552 0.13174875269929237
35 0.6104793494191324 0.6777333296829273 0.0763363280155902 0.1205269101678251
9 0.4793946234484038 0.8832352006339887 0.08729200934913557 0.12291820435896632
152 0.6110798807685862 0.7964241300978457 0.0904442813494537 0.1254987526992924
259 0.4595917481301305 0.9750214042062746 0.08216815734404506 0.04995719158745082
272 0.5511247201224944 0.9433098628764063 0.07308405868077195 0.10935261182749904
275 0.6331463321132675 0.8816162688950466 0.06671588001272681 0.09872276514684727