259 0.33391261952087264 0.14912192704872734 0.09486304383752824 0.08007632865448526
259 0.4377460949137667 0.15734304210040723 0.12389772642635144 0.10140991054817308
53 0.32301785318593434 0.33256548272425335 0.09311860731976358 0.076069949104836
35 0.3180884505809005 0.4215779179494287 0.09311860731976358 0.076069949104836
9 0.31223224876165495 0.5136652883997794 0.09311860731976367 0.076069949104836
186 0.3098285326743857 0.5989216679494287 0.09141055810555185 0.07284481955518665
152 0.3097685665871165 0.6843282418235519 0.08661389619489306 0.07020068090623859
53 0.4253979904894873 0.33834271822628387 0.11899190260503385 0.09642202189922511
35 0.4188697005809005 0.4280362739018099 0.11899190260503385 0.09642202189922511
9 0.4130862733687608 0.5185611443521606 0.11899190260503385 0.09642202189922511
186 0.4091200572814916 0.6037173943521605 0.11557580417661058 0.0899717627999264
152 0.4013203658013282 0.6870608204780373 0.1108883041766104 0.08967137415097852
276 0.49577884119422233 0.6946811582318212 0.08654112158778719 0.06863818090623859
275 0.1734800020714238 0.7672735448781844 0.08728598428423431 0.06790699568106344
275 0.26790209016076505 0.7756751326319684 0.10527400496239867 0.08619592072720579
264 0.5290579139820826 0.787709267423405 0.11226886765884583 0.08586525370062788