259 0.3428077086812154 0.13129819004613424 0.09313371058107647 0.0752823580124085
259 0.44675032627239597 0.1340697487269063 0.12171330547083344 0.09514087201622652
53 0.3447371506449308 0.3148646680458161 0.09148029160312507 0.07135792667886305
35 0.34602885334222255 0.40391807737904334 0.09148029160312507 0.07135792667886313
9 0.34661204122187544 0.4960873960454979 0.09148029160312507 0.07135792667886313
186 0.35015657494121577 0.5812618273790433 0.08984505642076393 0.0682147453453176
152 0.35604485866055613 0.666463530712907 0.08510300503399311 0.06581645134468132
53 0.4470627168493405 0.3152742953930427 0.11691670269729179 0.09039882801559021
35 0.4468101033422226 0.4050907733927246 0.11691670269729179 0.09039882801559021
9 0.44735692363069485 0.4956975920591791 0.11691670269729179 0.09039882801559021
186 0.44933895735003515 0.5808538420591791 0.1136462323325695 0.0841124653484993
152 0.447378373478195 0.6644021387253154 0.1089587323325695 0.08405792134786302
276 0.5419459910693755 0.6670646094048148 0.08506663744281262 0.06425395134468133
275 0.22614111274461868 0.7563334580283169 0.08582970364722228 0.06348179201145392
275 0.3207269141313895 0.7597771787078164 0.10341724715020835 0.08086928668045398
264 0.5815553113578479 0.7581259614099055 0.1104303133546182 0.08016985268140839