259 0.33984375 0.12734375 0.09140625 0.07421875
259 0.44375 0.12890625 0.11953125 0.09375
53 0.3375 0.3109375 0.08984375 0.0703125
35 0.33671875 0.4 0.08984375 0.0703125
9 0.33515625 0.4921875 0.08984375 0.0703125
186 0.33671875 0.57734375 0.08828125 0.0671875
152 0.340625 0.6625 0.08359375 0.06484375
53 0.43984375 0.31015625 0.11484375 0.0890625
35 0.4375 0.4 0.11484375 0.0890625
9 0.4359375 0.490625 0.11484375 0.0890625
186 0.4359375 0.57578125 0.11171875 0.0828125
152 0.43203125 0.659375 0.10703125 0.0828125
276 0.5265625 0.6609375 0.08359375 0.06328125
275 0.20859375 0.75390625 0.084375 0.0625
275 0.303125 0.75625 0.1015625 0.0796875
264 0.5640625 0.7515625 0.10859375 0.07890625