273 0.4834081863123343 0.2549361099910176 0.18478050954776962 0.18534961404351816
9 0.37769467303958704 0.4575546791237956 0.09094707655942766 0.14532135339310165
35 0.4652655280186089 0.45590328770069366 0.08193892946385688 0.1391007476909259
53 0.5473084334125493 0.4529921926489342 0.07791428029369403 0.1371964950990277
17 0.623823389221408 0.4488213939685174 0.07371203236828645 0.1329484925071295
72 0.3924344471095037 0.6008651817156938 0.0868040282191016 0.14185460080120366
85 0.47959090499295504 0.5937450402925918 0.08283857863402008 0.14073159820930545
99 0.5598937116316509 0.5883534942040731 0.07683703236828646 0.13322189458064795
134 0.6347277682703466 0.582483494486897 0.07365283278320493 0.1321672425071295
110 0.4087959207645019 0.7450936353443511 0.086318776144509 0.1456925002828239
111 0.4940346811374642 0.7331492928844898 0.08127607863401991 0.14059489717254614
113 0.5732602398507524 0.7237831462775917 0.07617418153844949 0.1347160440622684
152 0.6475615002237146 0.7108818965604156 0.07197193361304191 0.1304680414703702
8 0.5098633585267287 0.8703464965131473 0.08067242738926464 0.1428702966541664