273 0.45346975169804293 0.23854675938379583 0.18278912091177588 0.17932008706427274
9 0.31792706817091065 0.44544081128367513 0.08933021514396496 0.14249843848918217
35 0.4068090954688066 0.4406924355485061 0.0803860117201923 0.1365793091359686
53 0.49027243754152716 0.434876204770383 0.07637963217054314 0.13481209124814414
17 0.5683170943890724 0.4279921189493058 0.07222305829641976 0.13070112336031983
72 0.31267146437799775 0.5886142791714996 0.08522370604466634 0.13916872060135788
85 0.4019039450996663 0.5783971534363305 0.08126739126984166 0.13818275271353359
99 0.483954981496861 0.5701552855030776 0.07534805829641975 0.13086489767057935
134 0.5605372678940554 0.5616268125268705 0.07217299352159508 0.12991987336031982
110 0.30892829581026027 0.7326508842144537 0.08469277991878954 0.14303402702379292
111 0.39689866518087674 0.717664371324155 0.07970489126984157 0.13810086555840365
113 0.47841877545219463 0.7054753098133372 0.0746669378460691 0.13238645409301456
152 0.5554516448228112 0.6899155868371301 0.07051036397194572 0.12827548620519008
8 0.39360607958656113 0.854669726367109 0.0790738355943156 0.14040367198083886