272 0.546875 0.878125 0.02578125 0.05625
72 0.51640625 0.3296875 0.04296875 0.06875
53 0.5171875 0.4125 0.0421875 0.0703125
35 0.5171875 0.49453125 0.0421875 0.0703125
111 0.56796875 0.33046875 0.0421875 0.0703125
110 0.56875 0.4125 0.0421875 0.0703125
99 0.5703125 0.4921875 0.04140625 0.06484375
9 0.51953125 0.57421875 0.04140625 0.06015625
85 0.56953125 0.57265625 0.04140625 0.06484375
275 0.51875 0.6578125 0.0421875 0.0640625
264 0.57109375 0.6546875 0.0421875 0.0640625
259 0.5671875 0.165625 0.04140625 0.071875