272 0.5826558518612479 0.8940374373179385 0.028073261862997967 0.05700015775927412
72 0.5298399861970167 0.3447133872387961 0.04577009783255335 0.07000026293212373
53 0.5339955869953193 0.42754861929210747 0.045052514828747545 0.07154003087881247
35 0.5373381042955249 0.5095798692921074 0.045052514828747545 0.07154003087881247
111 0.5814343196951137 0.3469949527573446 0.045052514828747545 0.07154003087881237
110 0.5855580869953194 0.429048934810656 0.045052514828747545 0.07154003087881229
99 0.5903676038012333 0.5087818989172787 0.04404843034206714 0.06604854882550093
9 0.5429288711014388 0.5893355654520415 0.043857429353484176 0.06136104882550093
85 0.5928652041052445 0.5892279168639674 0.04404843034206714 0.06604854882550093
275 0.5455538053978388 0.6729065833987301 0.044797846843970035 0.06529003087881229
264 0.59777022140545 0.6713046309705899 0.044797846843970035 0.06529003087881247
259 0.5739362015966055 0.18212847070403326 0.04433493182494193 0.07307979882550106