273 0.47578125 0.20078125 0.115625 0.08828125
259 0.51875 0.44921875 0.03828125 0.034375
99 0.4671875 0.52265625 0.03828125 0.03671875
110 0.521875 0.51640625 0.0359375 0.03671875
72 0.46953125 0.56640625 0.03828125 0.0375
85 0.525 0.559375 0.0359375 0.03671875
35 0.471875 0.61015625 0.03828125 0.03828125
53 0.5265625 0.6015625 0.0359375 0.03671875
152 0.475 0.65390625 0.03671875 0.03828125
9 0.52890625 0.64296875 0.03515625 0.0375
275 0.478125 0.71015625 0.0375 0.040625
264 0.53125 0.69765625 0.03515625 0.03828125
272 0.5078125 0.7453125 0.0265625 0.0265625