273 0.4792858997551187 0.239618933199716 0.11716595495069412 0.09771963606495557
259 0.5265911424482228 0.4915639415346657 0.038881267856907445 0.037499871062046
99 0.47631049877888876 0.560792431532726 0.038922178165332964 0.039843621062045996
110 0.5308889046230874 0.5590065330499348 0.036578428165332966 0.039652302425594324
72 0.4794179078694983 0.6047337501691779 0.03893581493480802 0.040624871062046
85 0.5347639269442217 0.6022303745652039 0.036578428165332966 0.039652302425594324
35 0.4825253169601078 0.6486750688056298 0.03894945170428343 0.041406121062046
53 0.5370628124958808 0.6445454203228385 0.036578428165332966 0.039652302425594324
152 0.48641397605071734 0.6926801603208987 0.03738695170428343 0.04127857530441155
9 0.540129311278065 0.6861429889592902 0.03581081493480802 0.0403697795467771
275 0.4905208234529296 0.7491852518361679 0.038209112012708955 0.04368609818322895
264 0.5434276351413267 0.741021807595742 0.03582445170428326 0.041151029546777095
272 0.5208219780793122 0.7867648712312241 0.027026150162155815 0.028730777879787082