91 0.34827437943003375 0.15170570356695529 0.04277243182494202 0.07466114641337426
81 0.34745202566598155 0.2483621822796318 0.04183201433445607 0.07070026609154337
92 0.42324254593193655 0.147242442671192 0.040269514334456066 0.07059100544788163
93 0.4921198799243253 0.13930997435007567 0.040269514334456066 0.07059100544788163
94 0.5577767134224225 0.1339397773162828 0.03714451433445607 0.07037248416055819
95 0.6219665474148114 0.12633509092615164 0.035454680342067134 0.06713822351689643
82 0.42108052665456464 0.23853943202753025 0.04030134783255317 0.07137225544788164
86 0.4891766106469534 0.23066159402824477 0.03857968034206714 0.06735674480421991
88 0.5548971111412451 0.2237288969944519 0.03535917984777566 0.06479447351689646
89 0.618337528631731 0.21539759092615168 0.03529551285158128 0.06323197351689647
76 0.34682067289051244 0.34033116099230837 0.03857968034206731 0.06735674480421991
77 0.41820092437338713 0.3283285517056994 0.036985346843970035 0.06646623416055811
78 0.4856430923581647 0.31738034402824483 0.035422846843970034 0.06635697351689647
79 0.549928426844845 0.3074319076381137 0.034641596843970036 0.06630234319506556
80 0.6134006778334282 0.2983193515698134 0.033015429847775654 0.06463058255140383
63 0.34553540410743205 0.4292297700268158 0.03857968034206731 0.06735674480421991
64 0.41694748908840407 0.41644591074020687 0.036985346843970035 0.06646623416055811
73 0.48364024057127886 0.404771083384583 0.03535917984777566 0.0647944735168963
74 0.5479574085560565 0.39404139699445195 0.03370117935348418 0.06234146287323474
75 0.6099944935370283 0.3819131015698134 0.032919929353484 0.06228683255140375
57 0.34503138532435174 0.5180737487394923 0.036985346843970035 0.06646623416055811
59 0.41575772079961537 0.5030007697747142 0.03535917984777566 0.06479447351689646
60 0.4817328892786845 0.4898180727409214 0.03370117935348418 0.06234146287323483
61 0.5453324742596564 0.47758051667262097 0.03223417984777566 0.06457595222957302
62 0.6066519762368228 0.4639443515698134 0.031357429353484 0.06217757190774211
260 0.34384161703556304 0.6046286077739996 0.037017180342067316 0.0672474841605581
260 0.4138503695070209 0.5880477591310524 0.03620409684397004 0.06641160383872738
260 0.4799210384803817 0.5725213120972595 0.034577929847775656 0.06473984319506557
260 0.5420536239556453 0.558049266672621 0.03291992935348418 0.06228683255140375
260 0.6041543759328116 0.5443584712479825 0.03291992935348418 0.06228683255140375
260 0.3427155157429687 0.689620966808507 0.035422846843970034 0.06635697351689647
260 0.41281976870871817 0.6706963681655598 0.03614042984777566 0.06484910383872737
260 0.4781728546782734 0.6536620514535978 0.03373301285158128 0.06312271287323465
260 0.540305440153537 0.6391900060289594 0.032170512851581276 0.06301345222957302
260 0.6016886091268976 0.6239913409261517 0.030448845361095423 0.05899794158591121
168 0.3423706644503744 0.7745586955211836 0.03779843034206731 0.06730211448238883
10 0.41100791791041547 0.7533996075218982 0.03373301285158128 0.06312271287323483
11 0.4764565043742621 0.7340215408099361 0.032138679353484176 0.06223220222957302
28 0.53865275684572 0.7179869953852976 0.03135742935348418 0.06217757190774211
37 0.5985370928152752 0.7013350909261516 0.031198261862998143 0.05827132190774211
266 0.5307262158195184 0.9125182453852976 0.036985346843970035 0.06646623416055811