91 0.3472452193970381 0.1641492577197303 0.04319138192686944 0.07326637440943684
81 0.345858193756475 0.2609151303150686 0.04222819540910479 0.06933284255827132
92 0.42220883209348514 0.16231145000784922 0.040665695409104786 0.06927827885594055
93 0.49110438130769685 0.15678564710529158 0.040665695409104786 0.06927827885594055
94 0.5567657686112498 0.15371272160739563 0.037540695409104784 0.06916915145127885
95 0.6209738178254616 0.1483506098118305 0.035832646194893056 0.06598958774894799
82 0.4195140175777926 0.25366313630551834 0.04070208271265763 0.07005952885594055
86 0.48762831679200425 0.24816461525412614 0.03895764619489306 0.0660987151536097
88 0.553362478702663 0.24352918975623022 0.03572348428423435 0.0636458377489479
89 0.6168256652204277 0.23741310981183053 0.03565070967712849 0.06208333774894799
76 0.34468949193722936 0.3529935029104069 0.03895764619489306 0.06609871515360961
77 0.4161107276692057 0.34347960445435294 0.037358758891340216 0.06526290145127885
78 0.48358932609762917 0.33488336525412615 0.035796258891340214 0.06520833774894799
79 0.5479065372224996 0.32717750345856106 0.03501500889134022 0.06518105589778252
80 0.6114061110438171 0.3202801735141614 0.03337973428423417 0.06356399219545165
63 0.34288508933219547 0.44197415735691054 0.03895764619489306 0.0660987151536098
64 0.4143427123677248 0.4316790089008567 0.037358758891340216 0.06526290145127885
73 0.4810764480997012 0.4223288015517953 0.03572348428423418 0.0636458377489479
74 0.5454300465281247 0.4138416897562302 0.034051822373575645 0.06124752404661713
75 0.6075126695636539 0.4038739235141614 0.03327057237357547 0.061220242195451746
57 0.34186193672716164 0.5309275299522489 0.037358758891340126 0.06526290145127885
59 0.41264747167334975 0.5183159133473604 0.03572348428423418 0.0636458377489479
60 0.4786727320124319 0.5074304878494644 0.03405182237357547 0.06124752404661713
61 0.5423178550479613 0.49740815790506476 0.032598484284234355 0.06353671034428636
62 0.6036920026905964 0.4859051735141614 0.031708072373575646 0.061165678493120976
260 0.34016669603278654 0.6175644343987525 0.03739514619489306 0.06604415145127884
260 0.41024375558608045 0.6034175996450295 0.03657750889134022 0.06523561960011345
260 0.4763781778358215 0.5901884241471336 0.034942234284234173 0.06361855589778251
260 0.5385699627820095 0.5778769079050647 0.03327057237357547 0.061220242195451746
260 0.6007253604246447 0.566346641662996 0.03327057237357547 0.061220242195451746
260 0.3385442299455173 0.7026388388452564 0.035796258891340214 0.0652083377489479
260 0.40873045140947006 0.6861482540915332 0.036504734284234175 0.06367311960011328
260 0.4741563982663169 0.6713838604448027 0.034088209677128486 0.06202877404661713
260 0.536348183212505 0.659072344202734 0.03252570967712849 0.061974210344286365
260 0.5977951054622459 0.6460068598118305 0.030781273159363742 0.05801339664195524
168 0.3377030138582481 0.7876859614405947 0.03817639619489306 0.06607143330244405
10 0.40643589723285956 0.7689061903892024 0.034088209677128486 0.06202877404661713
11 0.4719710060003653 0.7517980467424719 0.032489322373575644 0.06119296034428636
28 0.5342355655536591 0.737924030500403 0.031708072373575466 0.0611656784931208
37 0.5941927624105061 0.7233506098118305 0.031526135855810725 0.057259428493120976
266 0.5251751269689799 0.9324552805004032 0.037358758891340216 0.06526290145127903