11 0.41989334733826167 0.054267333531744136 0.08140385030401127 0.08274195533113407
113 0.4261035380604522 0.16828436942512148 0.08046343281352523 0.0788129732778227
110 0.43287214429596244 0.2768099232651874 0.07952301532303921 0.07488399122451135
85 0.4378554160447923 0.3799121912118761 0.07552126482874755 0.07242658095795465
53 0.4443375207974277 0.48140649505194205 0.07395876482874755 0.07238111685133201
16 0.5487995973382617 0.05051654473537295 0.07427709980971961 0.080193616851332
10 0.5509762040680635 0.16152224089530698 0.07561676532303921 0.07477033095795464
111 0.5544606428130876 0.26623247294861835 0.07233259783255334 0.0707731527447093
99 0.5577222470714316 0.36547395500192964 0.07073826433445607 0.06994643863808667
72 0.5617332678316782 0.4639114550019297 0.07145584733826169 0.06840667069139812
35 0.5655532876033418 0.5576614550019297 0.07067459733826169 0.06838393863808676
186 0.44984737456148 0.5782360309453194 0.0722370973382617 0.06842940274470947
119 0.45594747733694907 0.6703553347853853 0.0724599318249421 0.0738981527447093
152 0.5676516398845192 0.6475506691085523 0.06686384783255317 0.07061402837152997
275 0.4682869457394686 0.9155996386254515 0.0693667653230392 0.07458847453146404
264 0.5789551903022611 0.8865677050019297 0.06526951433445607 0.06978731426490725