75 0.27982425779367015 0.04728965544929605 0.09007833280350538 0.0945793108985921
76 0.37648073650634667 0.04718208012901447 0.09024222376899793 0.09436416025802893
78 0.46823119393169976 0.04812384191583875 0.08711722376899793 0.0962476838316775
79 0.560309433288038 0.046172303506215956 0.0869533328035054 0.09234460701243191
63 0.276546802462004 0.19892753577475758 0.08328202958519668 0.09965970574818699
64 0.37064100988735704 0.2007746720448532 0.08796952958519669 0.09987802956950453
73 0.45814100988735706 0.1966992940469252 0.0813917476542116 0.09489943114108117
74 0.5502738795655262 0.19318684222767962 0.08495379022885849 0.10129498035529286
57 0.2627853151993527 0.3623179476854164 0.08440748701054979 0.0934824803552929
60 0.3580978151993527 0.3578786966519591 0.08440748701054979 0.0934824803552929
61 0.4485589242338602 0.35600151943981934 0.08440748701054979 0.0934824803552928
62 0.5362228151993527 0.34958239144189135 0.08440748701054979 0.0934824803552928
47 0.25854629340782614 0.5120268492569929 0.08440748701054979 0.0934824803552928
54 0.3461555540514879 0.5063889712590649 0.08440748701054979 0.0934824803552928
55 0.4338194450169805 0.4999698432611369 0.08440748701054979 0.0934824803552928
56 0.523045835982473 0.49347794065610306 0.08440748701054979 0.0934824803552928
42 0.25458042322545393 0.6578295008285695 0.08440748701054979 0.0934824803552928
43 0.34251746580010084 0.6475041228306415 0.08440748701054979 0.0934824803552928
44 0.4301813567655935 0.6410849948327135 0.08440748701054979 0.0934824803552928
46 0.5148841386965787 0.6324676660489972 0.08111859604505725 0.09099318114108108
36 0.24948909561772864 0.797454927007252 0.08128248701054978 0.09333693114108126
37 0.3352462791578682 0.7848949609199827 0.07971998701054979 0.09326415653397521
38 0.4214569307670225 0.7769861075291605 0.07626720507956453 0.08843110731976349
39 0.5032532339853312 0.765389327959656 0.07330609604505725 0.09062930810555195
24 0.24338157122831205 0.9293406277930402 0.07799359604505715 0.09084763192686936
25 0.329756113802959 0.9190880244022182 0.07799359604505715 0.09084763192686936
26 0.4148413079867602 0.9050019456185018 0.07799359604505725 0.09084763192686936
28 0.49485658991774545 0.8966029406561031 0.07799359604505725 0.09084763192686936