75 0.2810830260548479 0.06876876865604997 0.08765201137253946 0.10824626922187686
76 0.3778124768406362 0.07697077227409457 0.08776117328319835 0.11059001922187683
78 0.4697088784122128 0.08805211442674994 0.08463617328319835 0.11042624491161734
79 0.561823603805107 0.09444595657940529 0.08452701137253946 0.10808249491161734
63 0.2815089034336034 0.22777195443169873 0.08103813833701023 0.10010622060135788
64 0.37574905500517997 0.2389761273170487 0.08572563833701023 0.10035188206674706
73 0.46324905500518004 0.2435618080043148 0.07925731451569255 0.09533683344622812
74 0.555400167701627 0.24917440015697015 0.08267341294411601 0.10175060775648763
57 0.27156020699104133 0.3909303736990041 0.08230953990858687 0.09393810775648763
60 0.36687270699104124 0.39592549016191897 0.08230953990858678 0.09393810775648763
61 0.4573885450803825 0.40301869515944455 0.08230953990858687 0.09393810775648763
62 0.5449977069910412 0.40526062584671063 0.08230953990858687 0.09393810775648763
47 0.270823844708879 0.5412579223195231 0.08230953990858687 0.09393810775648763
54 0.3583966193159848 0.5442811030067892 0.08230953990858678 0.09393810775648763
55 0.44600578122664364 0.5465230336940554 0.08230953990858687 0.09393810775648745
56 0.5351774431373024 0.5488468515364511 0.08230953990858687 0.09393810775648745
42 0.2702694189444813 0.6876792209400421 0.08230953990858687 0.09393810775648745
43 0.35806051737290473 0.6860149016273083 0.08230953990858678 0.09393810775648763
44 0.44566967928356355 0.6882568323145744 0.08230953990858687 0.09393810775648763
46 0.5302630031048812 0.6879912386915809 0.07907537799792799 0.09143058344622794
36 0.26844359160850706 0.8277686324054315 0.07918453990858687 0.09377433344622829
37 0.3540001019475893 0.8236377323600028 0.07762203990858678 0.09369244629109837
38 0.4401195384653539 0.8242352758921392 0.0742787160872691 0.08884117198083885
39 0.5217334115008831 0.8206809079588864 0.07126287799792799 0.09102114767057934
24 0.26541913730806216 0.9571651260738534 0.07595037799792799 0.0856697478522932
25 0.35164773573648556 0.9562920228399214 0.07595037799792799 0.08741595432015714
26 0.43649577068267364 0.9524831066248339 0.07595037799792799 0.09126680913596844
28 0.5164015945039913 0.9519718515364513 0.07595037799792799 0.09126680913596844