42 0.384375 0.065625 0.075 0.10625
37 0.38828125 0.16328125 0.0671875 0.09765625
38 0.4546875 0.159375 0.065625 0.09765625
39 0.5203125 0.15546875 0.065625 0.09765625
26 0.39296875 0.25625 0.0671875 0.09609375
28 0.45859375 0.25 0.0640625 0.09140625
36 0.5203125 0.24453125 0.0625 0.08984375
23 0.396875 0.34296875 0.065625 0.08984375
24 0.459375 0.33515625 0.0625 0.0875
25 0.52109375 0.32890625 0.0609375 0.0875
10 0.40078125 0.42421875 0.0640625 0.08515625
11 0.46171875 0.415625 0.0609375 0.08515625
16 0.521875 0.40859375 0.059375 0.08359375
110 0.4046875 0.503125 0.0625 0.08515625
111 0.4640625 0.49375 0.059375 0.08359375
113 0.52265625 0.48359375 0.0578125 0.08359375
53 0.4078125 0.57734375 0.0625 0.08359375
85 0.465625 0.565625 0.059375 0.08125
99 0.5234375 0.55625 0.05625 0.08359375
152 0.41015625 0.64609375 0.0609375 0.08359375
9 0.4671875 0.63671875 0.059375 0.08125
35 0.52421875 0.62578125 0.0578125 0.08125
122 0.4140625 0.7125 0.059375 0.07890625
121 0.4703125 0.70234375 0.059375 0.07890625
120 0.52578125 0.68984375 0.0546875 0.07890625
275 0.4171875 0.796875 0.059375 0.08125
259 0.471875 0.784375 0.05625 0.07734375
264 0.525 0.77109375 0.053125 0.075