9 0.5987059126666249 0.49629242478847113 0.06697678029369403 0.13623958784171286
72 0.6075266508437702 0.6126986747884711 0.06602958693238996 0.12373958784171286
110 0.6171402944148557 0.7190853758252305 0.06602958693238996 0.12373958784171286
266 0.6248362404754524 0.8206478758252305 0.06272698817714524 0.12112243576819423
35 0.6537010659859728 0.49489531159342476 0.06919047572959051 0.14497003887847218
85 0.6624626045780365 0.6105203115934248 0.06884693361304191 0.13019463939685175
53 0.7102587193053207 0.4936348994351376 0.06932053029369403 0.13644463939685175
111 0.6679331998087961 0.7134402600382858 0.06524833693238978 0.12367123732333311
8 0.6755107466992296 0.813440260038286 0.06260858900698238 0.11955993576819424
99 0.7162621108018138 0.6035860978799987 0.06902453236828646 0.13253838939685175
113 0.7225139560325735 0.7065743968432395 0.06542593568763451 0.1260149873233331
131 0.72864740209317 0.8080001958064802 0.06338983900698221 0.11962828628657399