110 0.5220957440095502 0.047463094910600204 0.0710615228654909 0.09492618982120041
99 0.5217460583448533 0.16165486791345832 0.0728695595259797 0.12277621832111638
85 0.522286750084818 0.2892717695226127 0.07351440027015244 0.11892459864294729
72 0.5219643462712865 0.41459955145359784 0.0694171773119944 0.11318269703379294
53 0.5231771606065896 0.5390368227409214 0.07092511360966362 0.11172945767745475
35 0.5243354112395617 0.6619115940282448 0.06690973620500192 0.1083313060683004
9 0.5254390981702031 0.7832238653155683 0.07243304990733286 0.1102762183211162
119 0.526706476207837 0.9092236366028917 0.07151539065150558 0.10631533799928547
10 0.6608407854793625 0.049673219009026146 0.07189733656782167 0.09934643801805229
113 0.6606275090704926 0.16917280094939477 0.07178820916315978 0.11412783799928547
111 0.661922168959292 0.29595382223671823 0.06989832694917482 0.10464357735562375