259 0.4740205999354015 0.3966098169441497 0.047565414867109725 0.03541987041330898
25 0.42272701264304297 0.47428081987101595 0.049127914867109726 0.03542896077238851
64 0.4780956330933936 0.4723956121236895 0.04907785009228505 0.034647710772388506
23 0.42732367751015266 0.5094234343323965 0.0466339705426357 0.033071575233769225
20 0.4295265276024377 0.5437984343323965 0.0466339705426357 0.033071575233769225
11 0.4324104981450735 0.5766063891528568 0.047565414867109725 0.03541987041330898
113 0.4361257834625339 0.6101910487937771 0.047565414867109725 0.03541987041330898
110 0.43822850400516966 0.6430035487937771 0.047565414867109725 0.03541987041330898
85 0.4404313540974547 0.677378548793777 0.047565414867109725 0.03541987041330898
53 0.4433153246400904 0.7101865036142373 0.047565414867109725 0.03541987041330898
9 0.4469805451827262 0.7429899132551576 0.047565414867109725 0.03541987041330898
152 0.4490832657253619 0.7758024132551576 0.047565414867109725 0.03541987041330898
260 0.45098572716869906 0.8054899132551576 0.047565414867109725 0.03541987041330898
62 0.48107973318567865 0.5067660669441498 0.047565414867109725 0.03541987041330898
60 0.4831824537283144 0.5395785669441497 0.047565414867109725 0.03541987041330898
57 0.4869478038205995 0.5739444765850701 0.047565414867109725 0.03541987041330898
55 0.4891005891380599 0.6075382265850701 0.047565414867109725 0.03541987041330898
47 0.49271574490587094 0.6395603862259904 0.04517160009228505 0.03462498487468953
44 0.49476840067368205 0.6715916362259905 0.04517160009228505 0.03462498487468953
42 0.49692118599114254 0.7051853862259905 0.04517160009228505 0.03462498487468953
39 0.49897384175895354 0.7372166362259904 0.04517160009228505 0.03462498487468953
37 0.5018077475267646 0.7692433410464506 0.04517160009228505 0.034624984874689346
28 0.5038604032945757 0.8012745910464506 0.04517160009228505 0.034624984874689346
275 0.4606599182539705 0.8710830969983789 0.04517160009228505 0.034624984874689346
264 0.5118719648301979 0.8653143651487516 0.04517160009228505 0.034624984874689346
272 0.4877020820413461 0.9271967416121847 0.03519582279438911 0.025195442720211503
273 0.4212916139719457 0.12259560002344112 0.14683183451458143 0.15860790641946654