259 0.4437921692791388 0.3887812513311802 0.045721580004772375 0.03621091014423614
25 0.38664219326863936 0.4674342346136802 0.047284080004772466 0.036247277735416715
64 0.44212912460218473 0.4645806851267705 0.047274989337999784 0.03546602773541672
23 0.3885768632638668 0.5025359332269094 0.04491305800445442 0.0338489763486459
20 0.388176873925867 0.5369109332269094 0.04491305800445442 0.0338489763486459
11 0.38857631592141273 0.5697052494313191 0.045721580004772555 0.03621091014423605
113 0.3897479172501856 0.6032626318401386 0.045721580004772555 0.03621091014423605
110 0.3893661092457313 0.6360751318401385 0.045721580004772555 0.03621091014423605
85 0.3889661199077315 0.6704501318401386 0.045721580004772555 0.03621091014423605
53 0.38936556190327715 0.7032444480445482 0.045721580004772555 0.03621091014423605
9 0.3905462538988228 0.7360205804533677 0.045721580004772555 0.03621091014423605
152 0.3901644458943685 0.7688330804533677 0.045721580004772555 0.03621091014423605
260 0.389819000557005 0.7985205804533677 0.045721580004772465 0.03621091014423605
62 0.44251038526418507 0.4989375013311802 0.045721580004772375 0.03621091014423605
60 0.44212857725973065 0.5317500013311802 0.045721580004772375 0.03621091014423605
57 0.44329108792173083 0.5660886337399995 0.045721580004772375 0.03621091014423605
55 0.44290018925050384 0.5996823837399996 0.045721580004772555 0.03621091014423605
47 0.4440899719128222 0.631677266148819 0.043368739337999784 0.03537510875746541
44 0.44371725457514055 0.6637085161488191 0.043368739337999784 0.03537510875746541
42 0.4433263559039135 0.6973022661488191 0.043368739337999784 0.03537510875746541
39 0.4429536385662319 0.729333516148819 0.043368739337999784 0.03537510875746541
37 0.4433621712285503 0.7613465823532287 0.043368739337999784 0.03537510875746541
28 0.44298945389086863 0.7933778323532288 0.043368739337999784 0.03537510875746541
275 0.39452413454809643 0.8640182938842358 0.043368739337999784 0.03537510875746541
264 0.44615026921550544 0.8573494133752775 0.043368739337999784 0.03537510875746506
272 0.4173071065404604 0.9197227800165273 0.033884651336727065 0.025781903210381783
273 0.4118267433163644 0.11538077213274271 0.13855506468808992 0.16099466422829872