273 0.5126716750608186 0.2270975625015968 0.13763687626704132 0.16099466422829875
9 0.4748166301758663 0.4232647008943399 0.04269656010845857 0.08848192496187508
35 0.5146740157144857 0.41999357731923564 0.04112496974937905 0.08688305737069442
53 0.5545177657144856 0.41906620374413156 0.04112496974937905 0.08688305737069442
72 0.4750206423743105 0.5224652670987495 0.04112496974937905 0.08688305737069442
85 0.5140876875538505 0.5207748273192356 0.04112496974937905 0.08688305737069442
99 0.5547308682720097 0.5167042699485412 0.04112496974937905 0.08688305737069442
110 0.4752246545727548 0.6216658333031593 0.04112496974937905 0.08688305737069442
111 0.5143007901113743 0.6184128935236454 0.04112496974937905 0.08688305737069442
113 0.5549439708295335 0.6143423361529509 0.04112496974937905 0.08688305737069442
276 0.47542412159165937 0.7216476495075691 0.04112496974937905 0.08688305737069442
8 0.5152860523098186 0.7175952759324649 0.04269656010845857 0.08848192496187508
0 0.555138892668898 0.7151054023573606 0.04269656010845857 0.08848192496187508
131 0.5153309832243694 0.8441395921368745 0.12321076190385653 0.09816735590767393